line,16811,total,0.0719144,total0,0.0897688,false,0.0187907,over,0.0719144,false0,0.0234559,over0,0.0897688,overaggr,0.0670902,overcuckoo,0.00482427,over_uai,0.0814555,over_uai,0.0750702,over_utai,0.0814555,over_utai,0.0750702,over_ai,0.067692,over_ai,0.07913,countIP,3.79936e+07,countIP0,3.86264e+07,keysum,3.54446e+07,pktSum,1.71096e+08,aggrSum,2.37798e+06,blackkey_num,0,feedback,0,feedsumportion,0,finger0,11,finger,15,time,0,runTime,1
line,33330,total,0.065096,total0,0.141782,false,0.0171838,over,0.065096,false0,0.0374269,over0,0.141782,overaggr,0.0609931,overcuckoo,0.00410285,over_uai,0.0907233,over_uai,0.066252,over_utai,0.0907233,over_utai,0.066252,over_ai,0.0657345,over_ai,0.0642575,countIP,3.88972e+07,countIP0,4.16978e+07,keysum,3.65199e+07,pktSum,1.74866e+08,aggrSum,2.22746e+06,blackkey_num,0,feedback,0,feedsumportion,0,finger0,11,finger,15,time,0,runTime,2.00001
line,49952,total,0.0727711,total0,0.141265,false,0.0173331,over,0.0727711,false0,0.0336474,over0,0.141265,overaggr,0.068592,overcuckoo,0.00417908,over_uai,0.0716423,over_uai,0.0779486,over_utai,0.0716423,over_utai,0.0779486,over_ai,0.06882,over_ai,0.0789056,countIP,3.62024e+07,countIP0,3.85139e+07,keysum,3.37466e+07,pktSum,1.75428e+08,aggrSum,2.31475e+06,blackkey_num,0,feedback,0,feedsumportion,0,finger0,11,finger,15,time,0,runTime,3.00002
line,66552,total,0.0701196,total0,0.135429,false,0.0192462,over,0.0701196,false0,0.037172,over0,0.135429,overaggr,0.065154,overcuckoo,0.00496557,over_uai,0.0575897,over_uai,0.0902627,over_utai,0.0575897,over_utai,0.0902627,over_ai,0.0515983,over_ai,0.100399,countIP,3.92742e+07,countIP0,4.16711e+07,keysum,3.67008e+07,pktSum,1.70413e+08,aggrSum,2.3912e+06,blackkey_num,0,feedback,0,feedsumportion,0,finger0,11,finger,15,time,0,runTime,4.00002
line,83023,total,0.0789362,total0,0.0927859,false,0.0203918,over,0.0789362,false0,0.0239696,over0,0.0927859,overaggr,0.0744147,overcuckoo,0.00452151,over_uai,0.0728707,over_uai,0.0864599,over_utai,0.0728707,over_utai,0.0864599,over_ai,0.0684476,over_ai,0.0951732,countIP,3.69951e+07,countIP0,3.747e+07,keysum,3.42885e+07,pktSum,1.67019e+08,aggrSum,2.55157e+06,blackkey_num,0,feedback,0,feedsumportion,0,finger0,11,finger,15,time,0,runTime,5.00002
line,99483,total,0.00351474,total0,0.0854071,false,0.000891894,over,0.00351474,false0,0.0216727,over0,0.0854071,overaggr,0.00204336,overcuckoo,0.00147138,over_uai,0.0124804,over_uai,0.00573946,over_utai,0.0124804,over_utai,0.00573946,over_ai,0.00349483,over_ai,0.0035409,countIP,3.40978e+07,countIP0,3.68804e+07,keysum,3.39784e+07,pktSum,1.67879e+08,aggrSum,69430,blackkey_num,2437236,feedback,55,feedsumportion,0.970303,finger0,11,finger,15,time,277882,runTime,6.00003
line,116034,total,0.00568979,total0,0.0894912,false,0.00152789,over,0.00568979,false0,0.0240312,over0,0.0894912,overaggr,0.00404416,overcuckoo,0.00164563,over_uai,0.00692643,over_uai,0.010942,over_utai,0.00692643,over_utai,0.010942,over_ai,0.00252155,over_ai,0.0104089,countIP,3.55168e+07,countIP0,3.84764e+07,keysum,3.53159e+07,pktSum,1.66831e+08,aggrSum,142823,blackkey_num,2276991,feedback,55,feedsumportion,0.970303,finger0,11,finger,15,time,277882,runTime,7.00003
line,132072,total,0.00301981,total0,0.056886,false,0.000951318,over,0.00301981,false0,0.0179206,over0,0.056886,overaggr,0.00220145,overcuckoo,0.000818365,over_uai,0.0076333,over_uai,0.00863709,over_utai,0.0076333,over_utai,0.00863709,over_ai,0.00120119,over_ai,0.00632581,countIP,4.28177e+07,countIP0,4.51172e+07,keysum,4.26888e+07,pktSum,1.78198e+08,aggrSum,93977,blackkey_num,2297501,feedback,55,feedsumportion,0.970303,finger0,11,finger,15,time,277882,runTime,8.00003
line,147871,total,0.00265656,total0,0.0780332,false,0.000886323,over,0.00265656,false0,0.0260347,over0,0.0780332,overaggr,0.00205532,overcuckoo,0.00060124,over_uai,0.00566558,over_uai,0.00696624,over_utai,0.00566558,over_utai,0.00696624,over_ai,0.00153973,over_ai,0.00444743,countIP,4.43544e+07,countIP0,4.76889e+07,keysum,4.42369e+07,pktSum,1.76827e+08,aggrSum,90921,blackkey_num,2158730,feedback,55,feedsumportion,0.970303,finger0,11,finger,15,time,277882,runTime,9.00004
line,164102,total,0.00479838,total0,0.0734331,false,0.00139879,over,0.00479838,false0,0.0214066,over0,0.0734331,overaggr,0.00397527,overcuckoo,0.000823112,over_uai,0.00780995,over_uai,0.00920974,over_utai,0.00780995,over_utai,0.00920974,over_ai,0.00374874,over_ai,0.00684013,countIP,3.86618e+07,countIP0,4.13026e+07,keysum,3.84771e+07,pktSum,1.70469e+08,aggrSum,152957,blackkey_num,2352709,feedback,55,feedsumportion,0.970303,finger0,11,finger,15,time,277882,runTime,10
line,180516,total,0.0032988,total0,0.0702844,false,0.000940037,over,0.0032988,false0,0.0200285,over0,0.0702844,overaggr,0.00274174,overcuckoo,0.000557061,over_uai,0.0130275,over_uai,0.00350858,over_utai,0.0103083,over_utai,0.00633388,over_ai,0.00244131,over_ai,0.00484141,countIP,7.5178e+07,countIP0,8.01973e+07,keysum,7.49308e+07,pktSum,3.3788e+08,aggrSum,205441,blackkey_num,4970906,feedback,51,feedsumportion,0.710282,finger0,11,finger,15,time,281665,runTime,11
line,196900,total,0.00304738,total0,0.0685235,false,0.000879212,over,0.00304738,false0,0.01977,over0,0.0685235,overaggr,0.00256562,overcuckoo,0.000481755,over_uai,0.0125772,over_uai,0.00816433,over_utai,0.0110388,over_utai,0.00692945,over_ai,0.00192421,over_ai,0.00498254,countIP,1.13562e+08,countIP0,1.20975e+08,keysum,1.13217e+08,pktSum,5.05632e+08,aggrSum,290473,blackkey_num,7617279,feedback,51,feedsumportion,0.710282,finger0,11,finger,15,time,281665,runTime,12
line,213019,total,0.00280236,total0,0.0702129,false,0.000805857,over,0.00280236,false0,0.0201907,over0,0.0702129,overaggr,0.00240801,overcuckoo,0.000394358,over_uai,0.0147564,over_uai,0.00488056,over_utai,0.011925,over_utai,0.00642648,over_ai,0.00177106,over_ai,0.00453437,countIP,1.51698e+08,countIP0,1.61895e+08,keysum,1.51274e+08,pktSum,6.77327e+08,aggrSum,364268,blackkey_num,10366003,feedback,51,feedsumportion,0.710282,finger0,11,finger,15,time,281665,runTime,13.0001
line,229331,total,0.00412025,total0,0.0705879,false,0.00118891,over,0.00412025,false0,0.0203684,over0,0.0705879,overaggr,0.0037761,overcuckoo,0.000344153,over_uai,0.0165434,over_uai,0.014063,over_utai,0.0128247,over_utai,0.00800508,over_ai,0.00199186,over_ai,0.00758705,countIP,1.9073e+08,countIP0,2.03355e+08,keysum,1.89947e+08,pktSum,8.48221e+08,aggrSum,717259,blackkey_num,12748237,feedback,51,feedsumportion,0.710282,finger0,11,finger,15,time,281665,runTime,14.0001
line,245567,total,0.00434107,total0,0.0718571,false,0.00126982,over,0.00434107,false0,0.0210191,over0,0.0718571,overaggr,0.00403987,overcuckoo,0.000301205,over_uai,0.0170717,over_uai,0.0108417,over_utai,0.013536,over_utai,0.00850149,over_ai,0.00181689,over_ai,0.00837268,countIP,2.31825e+08,countIP0,2.4741e+08,keysum,2.30823e+08,pktSum,1.01993e+09,aggrSum,932496,blackkey_num,15343384,feedback,51,feedsumportion,0.710282,finger0,11,finger,15,time,281665,runTime,15.0001
line,261911,total,0.00418503,total0,0.0701208,false,0.00122652,over,0.00418503,false0,0.0205505,over0,0.0701208,overaggr,0.00386981,overcuckoo,0.000315225,over_uai,0.00140467,over_uai,0.00729067,over_utai,0.0117746,over_utai,0.00833119,over_ai,0.00162652,over_ai,0.00828759,countIP,2.71462e+08,countIP0,2.89287e+08,keysum,2.70331e+08,pktSum,1.19273e+09,aggrSum,1.04613e+06,blackkey_num,17341661,feedback,46,feedsumportion,0.796661,finger0,11,finger,15,time,284378,runTime,16.0001
line,278095,total,0.00407212,total0,0.0685593,false,0.00120636,over,0.00407212,false0,0.0203106,over0,0.0685593,overaggr,0.00376017,overcuckoo,0.00031195,over_uai,0.00457487,over_uai,0.00657686,over_utai,0.0108008,over_utai,0.00810006,over_ai,0.00152894,over_ai,0.00816219,countIP,3.14254e+08,countIP0,3.34437e+08,keysum,3.1298e+08,pktSum,1.36946e+09,aggrSum,1.17686e+06,blackkey_num,19917920,feedback,46,feedsumportion,0.796661,finger0,11,finger,15,time,284378,runTime,17.0001
line,294620,total,0.00456562,total0,0.0689983,false,0.00133992,over,0.00456562,false0,0.0202496,over0,0.0689983,overaggr,0.00421542,overcuckoo,0.000350199,over_uai,0.00368392,over_uai,0.0126284,over_utai,0.0100747,over_utai,0.00862265,over_ai,0.00159772,over_ai,0.00930828,countIP,3.51149e+08,countIP0,3.73671e+08,keysum,3.49553e+08,pktSum,1.54062e+09,aggrSum,1.47351e+06,blackkey_num,22360680,feedback,46,feedsumportion,0.796661,finger0,11,finger,15,time,284378,runTime,18.0001
line,311051,total,0.00505892,total0,0.0694619,false,0.00148116,over,0.00505892,false0,0.0203372,over0,0.0694619,overaggr,0.00465905,overcuckoo,0.000399867,over_uai,0.00271179,over_uai,0.0138724,over_utai,0.00941567,over_utai,0.00918476,over_ai,0.0016296,over_ai,0.0104373,countIP,3.89163e+08,countIP0,4.141e+08,keysum,3.87204e+08,pktSum,1.70971e+09,aggrSum,1.804e+06,blackkey_num,24575574,feedback,46,feedsumportion,0.796661,finger0,11,finger,15,time,284378,runTime,19.0001
line,327511,total,0.00515429,total0,0.0696641,false,0.00150326,over,0.00515429,false0,0.0203178,over0,0.0696641,overaggr,0.0046542,overcuckoo,0.000500083,over_uai,0.00489769,over_uai,0.0066371,over_utai,0.00901415,over_utai,0.00894846,over_ai,0.00183283,over_ai,0.0103981,countIP,4.26688e+08,countIP0,4.54072e+08,keysum,4.245e+08,pktSum,1.88e+09,aggrSum,1.97571e+06,blackkey_num,26622776,feedback,46,feedsumportion,0.796661,finger0,11,finger,15,time,284378,runTime,20.0001
line,343749,total,0.00726052,total0,0.0712237,false,0.00211697,over,0.00726052,false0,0.0207669,over0,0.0712237,overaggr,0.00661456,overcuckoo,0.000645956,over_uai,0.00138551,over_uai,0.0442822,over_utai,0.00844845,over_utai,0.0122263,over_ai,0.00175727,over_ai,0.0157019,countIP,4.66055e+08,countIP0,4.9565e+08,keysum,4.62695e+08,pktSum,2.04959e+09,aggrSum,3.06053e+06,blackkey_num,28134056,feedback,49,feedsumportion,0.822531,finger0,11,finger,15,time,289014,runTime,21.0001
line,360493,total,0.00870253,total0,0.0717135,false,0.00252237,over,0.00870253,false0,0.0207857,over0,0.0717135,overaggr,0.00788878,overcuckoo,0.000813744,over_uai,0.00155796,over_uai,0.045324,over_utai,0.00794516,over_utai,0.0145443,over_ai,0.00171669,over_ai,0.0194053,countIP,5.02556e+08,countIP0,5.3395e+08,keysum,4.98221e+08,pktSum,2.21715e+09,aggrSum,3.93036e+06,blackkey_num,29137115,feedback,49,feedsumportion,0.822531,finger0,11,finger,15,time,289014,runTime,22.0001
line,376949,total,0.0102055,total0,0.0722943,false,0.00294889,over,0.0102055,false0,0.0208894,over0,0.0722943,overaggr,0.00927005,overcuckoo,0.00093547,over_uai,0.00223267,over_uai,0.0487245,over_utai,0.00756358,over_utai,0.0169302,over_ai,0.00167155,over_ai,0.02318,countIP,5.41331e+08,countIP0,5.74602e+08,keysum,5.35862e+08,pktSum,2.39038e+09,aggrSum,4.96747e+06,blackkey_num,30613977,feedback,49,feedsumportion,0.822531,finger0,11,finger,15,time,289014,runTime,23.0001
line,393357,total,0.0112884,total0,0.072338,false,0.00325086,over,0.0112884,false0,0.020832,over0,0.072338,overaggr,0.0101345,overcuckoo,0.00115398,over_uai,0.00255343,over_uai,0.0411111,over_utai,0.00724612,over_utai,0.0185661,over_ai,0.001662,over_ai,0.0259097,countIP,5.78459e+08,countIP0,6.1338e+08,keysum,5.72002e+08,pktSum,2.55825e+09,aggrSum,5.79694e+06,blackkey_num,32048018,feedback,49,feedsumportion,0.822531,finger0,11,finger,15,time,289014,runTime,24.0001
line,409596,total,0.0128717,total0,0.0722882,false,0.00369243,over,0.0128717,false0,0.0207369,over0,0.0722883,overaggr,0.0116309,overcuckoo,0.0012408,over_uai,0.00361556,over_uai,0.0662753,over_utai,0.00701394,over_utai,0.0212712,over_ai,0.00160711,over_ai,0.0300976,countIP,6.16807e+08,countIP0,6.5299e+08,keysum,6.08969e+08,pktSum,2.73181e+09,aggrSum,7.08285e+06,blackkey_num,33453643,feedback,49,feedsumportion,0.822531,finger0,11,finger,15,time,289014,runTime,25.0001
line,425885,total,0.012375,total0,0.0723138,false,0.00353999,over,0.012375,false0,0.020686,over0,0.0723138,overaggr,0.0111844,overcuckoo,0.00119069,over_uai,0.0062633,over_uai,0.00641868,over_utai,0.00697348,over_utai,0.0204122,over_ai,0.00164406,over_ai,0.0286704,countIP,6.54043e+08,countIP0,6.92766e+08,keysum,6.46048e+08,pktSum,2.90449e+09,aggrSum,7.22563e+06,blackkey_num,36085062,feedback,51,feedsumportion,0.962438,finger0,11,finger,15,time,299123,runTime,26.0001
line,442069,total,0.011783,total0,0.0719957,false,0.00339072,over,0.011783,false0,0.0207177,over0,0.0719957,overaggr,0.0106427,overcuckoo,0.00114032,over_uai,0.00129024,over_uai,0.00441962,over_utai,0.00666064,over_utai,0.0194687,over_ai,0.00158559,over_ai,0.027096,countIP,6.95476e+08,countIP0,7.36865e+08,keysum,6.87377e+08,pktSum,3.07606e+09,aggrSum,7.31555e+06,blackkey_num,38580028,feedback,51,feedsumportion,0.962438,finger0,11,finger,15,time,299123,runTime,27.0001
line,458538,total,0.0115963,total0,0.0717634,false,0.00334939,over,0.0115963,false0,0.0207276,over0,0.0717634,overaggr,0.0104976,overcuckoo,0.00109866,over_uai,0.00166803,over_uai,0.0136745,over_utai,0.00641252,over_utai,0.0191331,over_ai,0.00155027,over_ai,0.0264619,countIP,7.36315e+08,countIP0,7.80109e+08,keysum,7.27874e+08,pktSum,3.24793e+09,aggrSum,7.64096e+06,blackkey_num,41076544,feedback,51,feedsumportion,0.962438,finger0,11,finger,15,time,299123,runTime,28.0001
line,474639,total,0.0112306,total0,0.0710421,false,0.00325473,over,0.0112306,false0,0.0205886,over0,0.0710421,overaggr,0.0101748,overcuckoo,0.00105579,over_uai,0.00178164,over_uai,0.00795741,over_utai,0.00619286,over_utai,0.0184587,over_ai,0.00151591,over_ai,0.025338,countIP,7.78717e+08,countIP0,8.24776e+08,keysum,7.70068e+08,pktSum,3.42723e+09,aggrSum,7.83533e+06,blackkey_num,43857506,feedback,51,feedsumportion,0.962438,finger0,11,finger,15,time,299123,runTime,29.0001
line,490628,total,0.0109242,total0,0.0715826,false,0.00314937,over,0.0109242,false0,0.0206368,over0,0.0715826,overaggr,0.00989889,overcuckoo,0.00102531,over_uai,0.00421791,over_uai,0.0275111,over_utai,0.00610789,over_utai,0.0188936,over_ai,0.00152484,over_ai,0.0244767,countIP,8.15983e+08,countIP0,8.64945e+08,keysum,8.07166e+08,pktSum,3.60698e+09,aggrSum,7.99005e+06,blackkey_num,45968523,feedback,51,feedsumportion,0.962438,finger0,11,finger,15,time,299123,runTime,30.0001
line,506741,total,0.0116807,total0,0.0724798,false,0.00337183,over,0.0116807,false0,0.0209225,over0,0.0724798,overaggr,0.0105787,overcuckoo,0.001102,over_uai,0.00373637,over_uai,0.0388398,over_utai,0.00601241,over_utai,0.0199074,over_ai,0.00153482,over_ai,0.0260852,countIP,8.56429e+08,countIP0,9.07898e+08,keysum,8.46541e+08,pktSum,3.77913e+09,aggrSum,8.95531e+06,blackkey_num,47429824,feedback,50,feedsumportion,0.805771,finger0,11,finger,15,time,302420,runTime,31.0001
line,522780,total,0.0123852,total0,0.0715696,false,0.00360826,over,0.0123852,false0,0.0208508,over0,0.0715696,overaggr,0.0112565,overcuckoo,0.00112871,over_uai,0.00400016,over_uai,0.0464727,over_utai,0.00590988,over_utai,0.0211191,over_ai,0.00156472,over_ai,0.0278295,countIP,9.03978e+08,countIP0,9.56825e+08,keysum,8.92919e+08,pktSum,3.95783e+09,aggrSum,1.00512e+07,blackkey_num,48535095,feedback,50,feedsumportion,0.805771,finger0,11,finger,15,time,302420,runTime,32.0001
line,539040,total,0.0131206,total0,0.0716377,false,0.00384038,over,0.0131206,false0,0.0209682,over0,0.0716377,overaggr,0.0119405,overcuckoo,0.00118008,over_uai,0.00279099,over_uai,0.0471245,over_utai,0.00576571,over_utai,0.0222652,over_ai,0.00154177,over_ai,0.0296429,countIP,9.48381e+08,countIP0,1.00316e+09,keysum,9.36099e+08,pktSum,4.13427e+09,aggrSum,1.11775e+07,blackkey_num,49824724,feedback,50,feedsumportion,0.805771,finger0,11,finger,15,time,302420,runTime,33.0001
line,555271,total,0.0141071,total0,0.0719921,false,0.00411137,over,0.0141071,false0,0.0209814,over0,0.0719921,overaggr,0.0128744,overcuckoo,0.00123262,over_uai,0.00187291,over_uai,0.066163,over_utai,0.0056143,over_utai,0.023873,over_ai,0.00150243,over_ai,0.0321119,countIP,9.85981e+08,countIP0,1.04226e+09,keysum,9.72265e+08,pktSum,4.30833e+09,aggrSum,1.25174e+07,blackkey_num,51105399,feedback,50,feedsumportion,0.805771,finger0,11,finger,15,time,302420,runTime,34.0001
line,571635,total,0.0149654,total0,0.0725892,false,0.00435809,over,0.0149654,false0,0.0211388,over0,0.0725892,overaggr,0.0137185,overcuckoo,0.00124687,over_uai,0.00311963,over_uai,0.0586161,over_utai,0.0055223,over_utai,0.0251674,over_ai,0.00151318,over_ai,0.0341842,countIP,1.02512e+09,countIP0,1.08332e+09,keysum,1.01e+09,pktSum,4.47829e+09,aggrSum,1.38558e+07,blackkey_num,52282790,feedback,50,feedsumportion,0.805771,finger0,11,finger,15,time,302420,runTime,35.0002
line,587559,total,0.0143908,total0,0.0724088,false,0.00420593,over,0.0143908,false0,0.0211626,over0,0.0724088,overaggr,0.0131912,overcuckoo,0.00119959,over_uai,0.0020596,over_uai,0.00145102,over_utai,0.00537179,over_utai,0.0243543,over_ai,0.00147162,over_ai,0.0330418,countIP,1.06832e+09,countIP0,1.12943e+09,keysum,1.05317e+09,pktSum,4.65663e+09,aggrSum,1.38925e+07,blackkey_num,54644722,feedback,49,feedsumportion,0.969591,finger0,11,finger,15,time,309889,runTime,36.0002
line,604022,total,0.0138789,total0,0.0726985,false,0.00406456,over,0.0138789,false0,0.0212904,over0,0.0726985,overaggr,0.0127202,overcuckoo,0.00115869,over_uai,0.00179614,over_uai,0.00167237,over_utai,0.00523132,over_utai,0.0235851,over_ai,0.00142467,over_ai,0.0320029,countIP,1.10935e+09,countIP0,1.17371e+09,keysum,1.09416e+09,pktSum,4.83031e+09,aggrSum,1.3918e+07,blackkey_num,57239099,feedback,49,feedsumportion,0.969591,finger0,11,finger,15,time,309889,runTime,37.0002
line,620382,total,0.0135011,total0,0.0735239,false,0.00393068,over,0.0135011,false0,0.0214055,over0,0.0735239,overaggr,0.0123745,overcuckoo,0.00112665,over_uai,0.00210385,over_uai,0.00148988,over_utai,0.00514015,over_utai,0.0229191,over_ai,0.00140366,over_ai,0.0311242,countIP,1.14205e+09,countIP0,1.20969e+09,keysum,1.12684e+09,pktSum,4.99732e+09,aggrSum,1.39441e+07,blackkey_num,59882661,feedback,49,feedsumportion,0.969591,finger0,11,finger,15,time,309889,runTime,38.0002
line,636730,total,0.0131226,total0,0.0741361,false,0.00380941,over,0.0131226,false0,0.0215213,over0,0.0741361,overaggr,0.0120266,overcuckoo,0.00109596,over_uai,0.00178077,over_uai,0.00295312,over_utai,0.00503275,over_utai,0.0223069,over_ai,0.00138061,over_ai,0.030283,countIP,1.17849e+09,countIP0,1.24946e+09,keysum,1.16323e+09,pktSum,5.17029e+09,aggrSum,1.39897e+07,blackkey_num,62631355,feedback,49,feedsumportion,0.969591,finger0,11,finger,15,time,309889,runTime,39.0002
line,653134,total,0.0127753,total0,0.074774,false,0.00369355,over,0.0127753,false0,0.0216184,over0,0.074774,overaggr,0.0117059,overcuckoo,0.00106943,over_uai,0.00152998,over_uai,0.00193092,over_utai,0.00492823,over_utai,0.0217382,over_ai,0.00135452,over_ai,0.0295065,countIP,1.21249e+09,countIP0,1.28671e+09,keysum,1.19719e+09,pktSum,5.33807e+09,aggrSum,1.40142e+07,blackkey_num,65187291,feedback,49,feedsumportion,0.969591,finger0,11,finger,15,time,309889,runTime,40.0002
line,669624,total,0.0136991,total0,0.0754451,false,0.00395282,over,0.0136991,false0,0.0217694,over0,0.0754451,overaggr,0.0125846,overcuckoo,0.00111444,over_uai,0.00121099,over_uai,0.0672524,over_utai,0.00481965,over_utai,0.023178,over_ai,0.00133222,over_ai,0.0317596,countIP,1.25137e+09,countIP0,1.32759e+09,keysum,1.23446e+09,pktSum,5.51264e+09,aggrSum,1.55352e+07,blackkey_num,66232278,feedback,40,feedsumportion,0.433775,finger0,11,finger,15,time,302366,runTime,41.0002
line,685878,total,0.0144042,total0,0.0751806,false,0.00416145,over,0.0144042,false0,0.0217201,over0,0.0751806,overaggr,0.0132476,overcuckoo,0.00115662,over_uai,0.00193707,over_uai,0.0552704,over_utai,0.00473714,over_utai,0.024246,over_ai,0.00132044,over_ai,0.0333715,countIP,1.29214e+09,countIP0,1.36956e+09,keysum,1.27379e+09,pktSum,5.68282e+09,aggrSum,1.68746e+07,blackkey_num,67401834,feedback,40,feedsumportion,0.433775,finger0,11,finger,15,time,302366,runTime,42.0002
line,702018,total,0.0149191,total0,0.0747654,false,0.00431111,over,0.0149191,false0,0.0216046,over0,0.0747654,overaggr,0.0137239,overcuckoo,0.00119523,over_uai,0.0115683,over_uai,0.0406252,over_utai,0.00492492,over_utai,0.024858,over_ai,0.00131045,over_ai,0.0345604,countIP,1.33231e+09,countIP0,1.41087e+09,keysum,1.31272e+09,pktSum,5.85556e+09,aggrSum,1.80156e+07,blackkey_num,68882094,feedback,40,feedsumportion,0.433775,finger0,11,finger,15,time,302366,runTime,43.0002
line,718108,total,0.0153895,total0,0.0748663,false,0.00445026,over,0.0153895,false0,0.0216495,over0,0.0748663,overaggr,0.014166,overcuckoo,0.00122353,over_uai,0.0159333,over_uai,0.046617,over_utai,0.00523313,over_utai,0.0255369,over_ai,0.00129159,over_ai,0.0356686,countIP,1.37303e+09,countIP0,1.45345e+09,keysum,1.35222e+09,pktSum,6.02833e+09,aggrSum,1.91555e+07,blackkey_num,70410814,feedback,40,feedsumportion,0.433775,finger0,11,finger,15,time,302366,runTime,44.0002
line,734520,total,0.0159767,total0,0.0746807,false,0.00462049,over,0.0159767,false0,0.0215977,over0,0.0746807,overaggr,0.0147425,overcuckoo,0.00123429,over_uai,0.00158955,over_uai,0.0537883,over_utai,0.0051394,over_utai,0.0263797,over_ai,0.0012791,over_ai,0.0370361,countIP,1.41242e+09,countIP0,1.49403e+09,keysum,1.39021e+09,pktSum,6.19728e+09,aggrSum,2.04951e+07,blackkey_num,71611808,feedback,40,feedsumportion,0.433775,finger0,11,finger,15,time,302366,runTime,45.0002
line,750851,total,0.0155886,total0,0.0749323,false,0.00451829,over,0.0155886,false0,0.0217188,over0,0.0749323,overaggr,0.0143845,overcuckoo,0.00120406,over_uai,0.000895348,over_uai,0.0053532,over_utai,0.00502053,over_utai,0.0257877,over_ai,0.00126428,over_ai,0.0361184,countIP,1.45324e+09,countIP0,1.53816e+09,keysum,1.43094e+09,pktSum,6.36783e+09,aggrSum,2.05834e+07,blackkey_num,74285433,feedback,51,feedsumportion,0.970709,finger0,11,finger,15,time,300879,runTime,46.0002
line,766883,total,0.0152622,total0,0.0749623,false,0.00441763,over,0.0152622,false0,0.0216978,over0,0.0749623,overaggr,0.0140805,overcuckoo,0.00118167,over_uai,0.00182232,over_uai,0.00673775,over_utai,0.00494421,over_utai,0.0252896,over_ai,0.00125944,over_ai,0.0352745,countIP,1.49014e+09,countIP0,1.57776e+09,keysum,1.46773e+09,pktSum,6.53852e+09,aggrSum,2.06664e+07,blackkey_num,76949407,feedback,51,feedsumportion,0.970709,finger0,11,finger,15,time,300879,runTime,47.0002
line,783101,total,0.014967,total0,0.0753385,false,0.00432398,over,0.014967,false0,0.0217654,over0,0.0753385,overaggr,0.0138038,overcuckoo,0.00116322,over_uai,0.0023235,over_uai,0.00948098,over_utai,0.00488164,over_utai,0.0248995,over_ai,0.00124419,over_ai,0.0346034,countIP,1.52539e+09,countIP0,1.61613e+09,keysum,1.5029e+09,pktSum,6.70502e+09,aggrSum,2.07457e+07,blackkey_num,79703558,feedback,51,feedsumportion,0.970709,finger0,11,finger,15,time,300879,runTime,48.0002
line,799360,total,0.0146817,total0,0.0753797,false,0.00423573,over,0.0146817,false0,0.0217473,over0,0.0753797,overaggr,0.0135392,overcuckoo,0.00114248,over_uai,0.00333455,over_uai,0.00696599,over_utai,0.00484664,over_utai,0.0244552,over_ai,0.00122981,over_ai,0.0338994,countIP,1.56178e+09,countIP0,1.65521e+09,keysum,1.53919e+09,pktSum,6.87425e+09,aggrSum,2.08394e+07,blackkey_num,82260207,feedback,51,feedsumportion,0.970709,finger0,11,finger,15,time,300879,runTime,49.0002
line,815941,total,0.0144594,total0,0.0754166,false,0.00416763,over,0.0144594,false0,0.0217374,over0,0.0754166,overaggr,0.0132822,overcuckoo,0.00117716,over_uai,0.00415128,over_uai,0.0113127,over_utai,0.00483168,over_utai,0.0240863,over_ai,0.00121791,over_ai,0.0332585,countIP,1.60044e+09,countIP0,1.69661e+09,keysum,1.57763e+09,pktSum,7.05114e+09,aggrSum,2.09544e+07,blackkey_num,84968454,feedback,51,feedsumportion,0.970709,finger0,11,finger,15,time,300879,runTime,50.0002
line,832585,total,0.0141351,total0,0.0754005,false,0.00408914,over,0.0141351,false0,0.0218126,over0,0.0754005,overaggr,0.0129555,overcuckoo,0.00117966,over_uai,0.00308231,over_uai,0.00415768,over_utai,0.00478796,over_utai,0.0234958,over_ai,0.00120873,over_ai,0.0323983,countIP,1.64487e+09,countIP0,1.74423e+09,keysum,1.62194e+09,pktSum,7.22858e+09,aggrSum,2.1013e+07,blackkey_num,87404221,feedback,47,feedsumportion,0.700312,finger0,11,finger,15,time,326648,runTime,51.0002
line,849201,total,0.0138641,total0,0.0753288,false,0.00400434,over,0.0138641,false0,0.0217571,over0,0.0753288,overaggr,0.012688,overcuckoo,0.00117603,over_uai,0.00407073,over_uai,0.00323729,over_utai,0.00477316,over_utai,0.0228813,over_ai,0.00120796,over_ai,0.0316184,countIP,1.68327e+09,countIP0,1.78532e+09,keysum,1.66025e+09,pktSum,7.40849e+09,aggrSum,2.10654e+07,blackkey_num,90119131,feedback,47,feedsumportion,0.700312,finger0,11,finger,15,time,326648,runTime,52.0002
line,866159,total,0.0136536,total0,0.075613,false,0.00394027,over,0.0136536,false0,0.0218211,over0,0.075613,overaggr,0.0124529,overcuckoo,0.00120068,over_uai,0.00473647,over_uai,0.00749018,over_utai,0.00477259,over_utai,0.0225082,over_ai,0.00119592,over_ai,0.0310961,countIP,1.72227e+09,countIP0,1.82755e+09,keysum,1.69907e+09,pktSum,7.58659e+09,aggrSum,2.11584e+07,blackkey_num,92828219,feedback,47,feedsumportion,0.700312,finger0,11,finger,15,time,326648,runTime,53.0002
line,882859,total,0.0134782,total0,0.0757823,false,0.00389477,over,0.0134782,false0,0.0218986,over0,0.0757823,overaggr,0.0123018,overcuckoo,0.00117645,over_uai,0.00642347,over_uai,0.0102249,over_utai,0.00481061,over_utai,0.0221936,over_ai,0.00118288,over_ai,0.030642,countIP,1.76379e+09,countIP0,1.87222e+09,keysum,1.74033e+09,pktSum,7.76291e+09,aggrSum,2.14091e+07,blackkey_num,95052981,feedback,47,feedsumportion,0.700312,finger0,11,finger,15,time,326648,runTime,54.0002
line,899590,total,0.01347,total0,0.0756623,false,0.00390019,over,0.01347,false0,0.0219077,over0,0.0756623,overaggr,0.0123158,overcuckoo,0.00115424,over_uai,0.00552664,over_uai,0.0198249,over_utai,0.00482777,over_utai,0.0221358,over_ai,0.00117672,over_ai,0.0305691,countIP,1.80691e+09,countIP0,1.91779e+09,keysum,1.78289e+09,pktSum,7.94044e+09,aggrSum,2.19577e+07,blackkey_num,97801571,feedback,47,feedsumportion,0.700312,finger0,11,finger,15,time,326648,runTime,55.0002
line,916283,total,0.0132332,total0,0.0757973,false,0.00383382,over,0.0132332,false0,0.0219595,over0,0.0757973,overaggr,0.0120952,overcuckoo,0.00113796,over_uai,0.00394446,over_uai,0.00389486,over_utai,0.00480917,over_utai,0.0216673,over_ai,0.00116781,over_ai,0.0299204,countIP,1.84718e+09,countIP0,1.96123e+09,keysum,1.82305e+09,pktSum,8.11566e+09,aggrSum,2.20502e+07,blackkey_num,101068346,feedback,44,feedsumportion,0.883274,finger0,11,finger,15,time,306887,runTime,56.0002
line,932882,total,0.0131023,total0,0.0757454,false,0.00378945,over,0.0131023,false0,0.021907,over0,0.0757453,overaggr,0.0119854,overcuckoo,0.00111695,over_uai,0.00482934,over_uai,0.0100312,over_utai,0.00480986,over_utai,0.0214048,over_ai,0.00115526,over_ai,0.0295916,countIP,1.88522e+09,countIP0,2.00179e+09,keysum,1.86084e+09,pktSum,8.29483e+09,aggrSum,2.23029e+07,blackkey_num,104267152,feedback,44,feedsumportion,0.883274,finger0,11,finger,15,time,306887,runTime,57.0002
line,949306,total,0.0129434,total0,0.0757154,false,0.00373414,over,0.0129434,false0,0.0218438,over0,0.0757154,overaggr,0.0118471,overcuckoo,0.00109627,over_uai,0.00309946,over_uai,0.0084679,over_utai,0.00477479,over_utai,0.0210989,over_ai,0.00114039,over_ai,0.0292263,countIP,1.9222e+09,countIP0,2.04132e+09,keysum,1.89764e+09,pktSum,8.47529e+09,aggrSum,2.24815e+07,blackkey_num,106665799,feedback,44,feedsumportion,0.883274,finger0,11,finger,15,time,306887,runTime,58.0002
line,965672,total,0.0127127,total0,0.0754663,false,0.00366943,over,0.0127127,false0,0.0217827,over0,0.0754663,overaggr,0.0116369,overcuckoo,0.00107587,over_uai,0.00223573,over_uai,0.00341033,over_utai,0.00471764,over_utai,0.020738,over_ai,0.00112203,over_ai,0.0287441,countIP,1.96283e+09,countIP0,2.08445e+09,keysum,1.93819e+09,pktSum,8.65303e+09,aggrSum,2.25544e+07,blackkey_num,109336797,feedback,44,feedsumportion,0.883274,finger0,11,finger,15,time,306887,runTime,59.0002
line,982321,total,0.0125718,total0,0.0754898,false,0.00362006,over,0.0125718,false0,0.0217374,over0,0.0754898,overaggr,0.011511,overcuckoo,0.00106077,over_uai,0.00598268,over_uai,0.00610321,over_utai,0.00474255,over_utai,0.0204656,over_ai,0.00115951,over_ai,0.0284072,countIP,1.99889e+09,countIP0,2.12309e+09,keysum,1.97407e+09,pktSum,8.82965e+09,aggrSum,2.27235e+07,blackkey_num,111897397,feedback,44,feedsumportion,0.883274,finger0,11,finger,15,time,306887,runTime,60.0002
line,998906,total,0.0123308,total0,0.0753889,false,0.00355539,over,0.0123308,false0,0.0217372,over0,0.0753889,overaggr,0.0112876,overcuckoo,0.00104323,over_uai,0.00136598,over_uai,0.00189868,over_utai,0.00467035,over_utai,0.0200881,over_ai,0.00114543,over_ai,0.0278586,countIP,2.04048e+09,countIP0,2.16758e+09,keysum,2.01563e+09,pktSum,9.00621e+09,aggrSum,2.27515e+07,blackkey_num,114177189,feedback,37,feedsumportion,0.881425,finger0,11,finger,15,time,305108,runTime,61.0002
line,1015323,total,0.0121218,total0,0.0755448,false,0.00350045,over,0.0121218,false0,0.0218154,over0,0.0755448,overaggr,0.0110946,overcuckoo,0.00102713,over_uai,0.00118424,over_uai,0.00426426,over_utai,0.00460226,over_utai,0.0197381,over_ai,0.00113104,over_ai,0.02733,countIP,2.08198e+09,countIP0,2.21245e+09,keysum,2.05705e+09,pktSum,9.18042e+09,aggrSum,2.28222e+07,blackkey_num,116170397,feedback,37,feedsumportion,0.881425,finger0,11,finger,15,time,305108,runTime,62.0002
line,1031660,total,0.01191,total0,0.075714,false,0.0034405,over,0.01191,false0,0.0218718,over0,0.075714,overaggr,0.0108983,overcuckoo,0.00101174,over_uai,0.00357415,over_uai,0.00195705,over_utai,0.0045831,over_utai,0.0194085,over_ai,0.00112491,over_ai,0.0268177,countIP,2.12161e+09,countIP0,2.25538e+09,keysum,2.09664e+09,pktSum,9.3546e+09,aggrSum,2.28497e+07,blackkey_num,118519280,feedback,37,feedsumportion,0.881425,finger0,11,finger,15,time,305108,runTime,63.0002
line,1047943,total,0.0117063,total0,0.0758336,false,0.00338378,over,0.0117063,false0,0.0219201,over0,0.0758336,overaggr,0.0107083,overcuckoo,0.000998047,over_uai,0.00671928,over_uai,0.00205961,over_utai,0.00462252,over_utai,0.0190838,over_ai,0.00111578,over_ai,0.0263362,countIP,2.16168e+09,countIP0,2.2987e+09,keysum,2.13666e+09,pktSum,9.52854e+09,aggrSum,2.288e+07,blackkey_num,120572703,feedback,37,feedsumportion,0.881425,finger0,11,finger,15,time,305108,runTime,64.0002
line,1064552,total,0.0115079,total0,0.0757047,false,0.00332941,over,0.0115079,false0,0.0219025,over0,0.0757047,overaggr,0.0105264,overcuckoo,0.000981458,over_uai,0.00596233,over_uai,0.00169478,over_utai,0.00464722,over_utai,0.0187343,over_ai,0.00111099,over_ai,0.0258544,countIP,2.20258e+09,countIP0,2.34237e+09,keysum,2.17752e+09,pktSum,9.70401e+09,aggrSum,2.29216e+07,blackkey_num,122809216,feedback,37,feedsumportion,0.881425,finger0,11,finger,15,time,305108,runTime,65.0002
line,1080662,total,0.0113368,total0,0.0756569,false,0.003278,over,0.0113368,false0,0.0218759,over0,0.0756569,overaggr,0.0103707,overcuckoo,0.000966188,over_uai,0.00405666,over_uai,0.00214337,over_utai,0.00463711,over_utai,0.0184345,over_ai,0.00110856,over_ai,0.0254656,countIP,2.23965e+09,countIP0,2.38209e+09,keysum,2.21454e+09,pktSum,9.87346e+09,aggrSum,2.29663e+07,blackkey_num,125367301,feedback,39,feedsumportion,0.572295,finger0,11,finger,15,time,301694,runTime,66.0002
line,1096176,total,0.0111872,total0,0.0754552,false,0.0032321,over,0.0111872,false0,0.0217998,over0,0.0754552,overaggr,0.0102349,overcuckoo,0.000952362,over_uai,0.00794291,over_uai,0.00544439,over_utai,0.0046926,over_utai,0.0182132,over_ai,0.00114162,over_ai,0.025048,countIP,2.27869e+09,countIP0,2.42352e+09,keysum,2.25348e+09,pktSum,1.00534e+10,aggrSum,2.30641e+07,blackkey_num,127864922,feedback,39,feedsumportion,0.572295,finger0,11,finger,15,time,301694,runTime,67.0002
line,1112084,total,0.0110174,total0,0.0752377,false,0.00318107,over,0.0110174,false0,0.0217234,over0,0.0752377,overaggr,0.0100779,overcuckoo,0.000939521,over_uai,0.00527258,over_uai,0.00393473,over_utai,0.00470059,over_utai,0.0179409,over_ai,0.0011339,over_ai,0.024602,countIP,2.31622e+09,countIP0,2.46335e+09,keysum,2.29098e+09,pktSum,1.02257e+10,aggrSum,2.30883e+07,blackkey_num,130051634,feedback,39,feedsumportion,0.572295,finger0,11,finger,15,time,301694,runTime,68.0003
line,1128315,total,0.010858,total0,0.0751396,false,0.00313186,over,0.010858,false0,0.0216732,over0,0.0751396,overaggr,0.00992999,overcuckoo,0.000927971,over_uai,0.00775379,over_uai,0.00893629,over_utai,0.004743,over_utai,0.0177626,over_ai,0.00112831,over_ai,0.0241793,countIP,2.35289e+09,countIP0,2.50251e+09,keysum,2.32761e+09,pktSum,1.03973e+10,aggrSum,2.31132e+07,blackkey_num,132280509,feedback,39,feedsumportion,0.572295,finger0,11,finger,15,time,301694,runTime,69.0003
line,1144546,total,0.0107051,total0,0.0750599,false,0.00308585,over,0.0107051,false0,0.0216368,over0,0.0750599,overaggr,0.00978958,overcuckoo,0.000915514,over_uai,0.00892642,over_uai,0.00790645,over_utai,0.00481484,over_utai,0.0176035,over_ai,0.00112233,over_ai,0.0238932,countIP,2.39002e+09,countIP0,2.5422e+09,keysum,2.36471e+09,pktSum,1.05681e+10,aggrSum,2.31495e+07,blackkey_num,134495567,feedback,39,feedsumportion,0.572295,finger0,11,finger,15,time,301694,runTime,70.0003
line,1160916,total,0.0105767,total0,0.0750489,false,0.00304812,over,0.0105767,false0,0.0216284,over0,0.0750489,overaggr,0.00967294,overcuckoo,0.000903809,over_uai,0.0132401,over_uai,0.00374045,over_utai,0.00494085,over_utai,0.017377,over_ai,0.00111931,over_ai,0.0235886,countIP,2.42721e+09,countIP0,2.58206e+09,keysum,2.40181e+09,pktSum,1.07359e+10,aggrSum,2.32325e+07,blackkey_num,136803963,feedback,37,feedsumportion,0.641843,finger0,11,finger,15,time,309662,runTime,71.0003
line,1177121,total,0.0104727,total0,0.0748088,false,0.00301945,over,0.0104727,false0,0.0215685,over0,0.0748088,overaggr,0.0095779,overcuckoo,0.000894838,over_uai,0.0145677,over_uai,0.00815552,over_utai,0.00509396,over_utai,0.0172459,over_ai,0.00111331,over_ai,0.0233752,countIP,2.46567e+09,countIP0,2.62266e+09,keysum,2.44012e+09,pktSum,1.09035e+10,aggrSum,2.33712e+07,blackkey_num,138919746,feedback,37,feedsumportion,0.641843,finger0,11,finger,15,time,309662,runTime,72.0003
line,1193247,total,0.0103106,total0,0.0742759,false,0.00297878,over,0.0103106,false0,0.0214587,over0,0.0742759,overaggr,0.00943009,overcuckoo,0.000880502,over_uai,0.0123419,over_uai,0.00150776,over_utai,0.00521222,over_utai,0.0169897,over_ai,0.00110769,over_ai,0.0229982,countIP,2.50794e+09,countIP0,2.66673e+09,keysum,2.48235e+09,pktSum,1.10746e+10,aggrSum,2.34088e+07,blackkey_num,141000224,feedback,37,feedsumportion,0.641843,finger0,11,finger,15,time,309662,runTime,73.0003
line,1209515,total,0.0101553,total0,0.0737741,false,0.0029424,over,0.0101553,false0,0.0213753,over0,0.0737741,overaggr,0.00928766,overcuckoo,0.000867681,over_uai,0.0204878,over_uai,0.00223015,over_utai,0.00545528,over_utai,0.0167099,over_ai,0.00109941,over_ai,0.022594,countIP,2.55135e+09,countIP0,2.71204e+09,keysum,2.5257e+09,pktSum,1.12429e+10,aggrSum,2.34579e+07,blackkey_num,143718564,feedback,37,feedsumportion,0.641843,finger0,11,finger,15,time,309662,runTime,74.0003
line,1225481,total,0.0100505,total0,0.073723,false,0.00290738,over,0.0100505,false0,0.0213263,over0,0.073723,overaggr,0.00919408,overcuckoo,0.000856454,over_uai,0.0188048,over_uai,0.00425203,over_utai,0.00564592,over_utai,0.0165105,over_ai,0.00108955,over_ai,0.0223702,countIP,2.58638e+09,countIP0,2.74942e+09,keysum,2.56064e+09,pktSum,1.14125e+10,aggrSum,2.35427e+07,blackkey_num,146410872,feedback,37,feedsumportion,0.641843,finger0,11,finger,15,time,309662,runTime,75.0003
line,1241428,total,0.00999809,total0,0.0733864,false,0.00289055,over,0.00999809,false0,0.0212167,over0,0.0733864,overaggr,0.00911559,overcuckoo,0.000882502,over_uai,0.00233015,over_uai,0.0119412,over_utai,0.00559804,over_utai,0.0164414,over_ai,0.00107968,over_ai,0.0222674,countIP,2.62363e+09,countIP0,2.78829e+09,keysum,2.59766e+09,pktSum,1.15827e+10,aggrSum,2.36792e+07,blackkey_num,148457508,feedback,38,feedsumportion,0.757403,finger0,11,finger,15,time,306957,runTime,76.0003
line,1257578,total,0.00993219,total0,0.0733167,false,0.00287483,over,0.00993219,false0,0.0212212,over0,0.0733167,overaggr,0.00902024,overcuckoo,0.00091195,over_uai,0.00752495,over_uai,0.0103044,over_utai,0.00562595,over_utai,0.0163402,over_ai,0.00107028,over_ai,0.0221111,countIP,2.66346e+09,countIP0,2.83062e+09,keysum,2.63726e+09,pktSum,1.17487e+10,aggrSum,2.37887e+07,blackkey_num,150604711,feedback,38,feedsumportion,0.757403,finger0,11,finger,15,time,306957,runTime,77.0003
line,1273646,total,0.00987035,total0,0.0733395,false,0.00285875,over,0.00987035,false0,0.0212413,over0,0.0733395,overaggr,0.00893444,overcuckoo,0.000935907,over_uai,0.00480061,over_uai,0.00833914,over_utai,0.00561518,over_utai,0.0162073,over_ai,0.00106444,over_ai,0.0219404,countIP,2.70324e+09,countIP0,2.87314e+09,keysum,2.67682e+09,pktSum,1.1919e+10,aggrSum,2.39159e+07,blackkey_num,152840635,feedback,38,feedsumportion,0.757403,finger0,11,finger,15,time,306957,runTime,78.0003
line,1289626,total,0.00981377,total0,0.0729972,false,0.0028465,over,0.00981377,false0,0.021173,over0,0.0729972,overaggr,0.00886728,overcuckoo,0.000946493,over_uai,0.00399162,over_uai,0.0136228,over_utai,0.00559161,over_utai,0.016171,over_ai,0.00105656,over_ai,0.0218205,countIP,2.74472e+09,countIP0,2.91645e+09,keysum,2.71804e+09,pktSum,1.20889e+10,aggrSum,2.41017e+07,blackkey_num,154749484,feedback,38,feedsumportion,0.757403,finger0,11,finger,15,time,306957,runTime,79.0003
line,1305574,total,0.00977426,total0,0.0728665,false,0.00283425,over,0.00977426,false0,0.0211291,over0,0.0728665,overaggr,0.00879848,overcuckoo,0.000975778,over_uai,0.00264323,over_uai,0.0127982,over_utai,0.00554772,over_utai,0.0161259,over_ai,0.00104808,over_ai,0.021787,countIP,2.78251e+09,countIP0,2.95636e+09,keysum,2.75557e+09,pktSum,1.22585e+10,aggrSum,2.42449e+07,blackkey_num,156618627,feedback,38,feedsumportion,0.757403,finger0,11,finger,15,time,306957,runTime,80.0003
line,1321645,total,0.0099737,total0,0.0726075,false,0.00289724,over,0.0099737,false0,0.0210916,over0,0.0726075,overaggr,0.00901122,overcuckoo,0.000962481,over_uai,0.00322964,over_uai,0.0523039,over_utai,0.00551086,over_utai,0.0166165,over_ai,0.00104498,over_ai,0.0223105,countIP,2.82643e+09,countIP0,3.00171e+09,keysum,2.79851e+09,pktSum,1.24324e+10,aggrSum,2.5218e+07,blackkey_num,158003448,feedback,38,feedsumportion,0.922628,finger0,11,finger,15,time,308915,runTime,81.0003
line,1337776,total,0.0100711,total0,0.0724718,false,0.00292788,over,0.0100711,false0,0.021069,over0,0.0724718,overaggr,0.009121,overcuckoo,0.000950142,over_uai,0.00356239,over_uai,0.0460067,over_utai,0.0054828,over_utai,0.0169972,over_ai,0.00103769,over_ai,0.0225696,countIP,2.86641e+09,countIP0,3.04349e+09,keysum,2.83783e+09,pktSum,1.25992e+10,aggrSum,2.58838e+07,blackkey_num,159405089,feedback,38,feedsumportion,0.922628,finger0,11,finger,15,time,308915,runTime,82.0003
line,1353928,total,0.0101614,total0,0.072166,false,0.00295943,over,0.0101614,false0,0.0210177,over0,0.072166,overaggr,0.00922252,overcuckoo,0.0009389,over_uai,0.00564832,over_uai,0.0442388,over_utai,0.0054848,over_utai,0.0173572,over_ai,0.00103036,over_ai,0.022806,countIP,2.90848e+09,countIP0,3.087e+09,keysum,2.87922e+09,pktSum,1.27653e+10,aggrSum,2.65537e+07,blackkey_num,160954731,feedback,38,feedsumportion,0.922628,finger0,11,finger,15,time,308915,runTime,83.0003
line,1370056,total,0.0102434,total0,0.0723652,false,0.00297827,over,0.0102434,false0,0.0210403,over0,0.0723651,overaggr,0.00931452,overcuckoo,0.000928837,over_uai,0.00564237,over_uai,0.0463717,over_utai,0.00548654,over_utai,0.0177055,over_ai,0.00102586,over_ai,0.0230337,countIP,2.94386e+09,countIP0,3.12488e+09,keysum,2.91401e+09,pktSum,1.29363e+10,aggrSum,2.71426e+07,blackkey_num,162393492,feedback,38,feedsumportion,0.922628,finger0,11,finger,15,time,308915,runTime,84.0003
line,1386167,total,0.0103296,total0,0.0722402,false,0.00300641,over,0.0103296,false0,0.0210253,over0,0.0722402,overaggr,0.00941121,overcuckoo,0.000918421,over_uai,0.00641886,over_uai,0.0472113,over_utai,0.00549899,over_utai,0.0180916,over_ai,0.00102568,over_ai,0.0232456,countIP,2.98526e+09,countIP0,3.16818e+09,keysum,2.95473e+09,pktSum,1.31068e+10,aggrSum,2.78076e+07,blackkey_num,164102823,feedback,38,feedsumportion,0.922628,finger0,11,finger,15,time,308915,runTime,85.0003
line,1402363,total,0.0102021,total0,0.0721409,false,0.00297207,over,0.0102021,false0,0.0210162,over0,0.0721409,overaggr,0.00929522,overcuckoo,0.000906845,over_uai,0.00984281,over_uai,0.00188763,over_utai,0.00555711,over_utai,0.0178627,over_ai,0.00101746,over_ai,0.0229455,countIP,3.0262e+09,countIP0,3.21175e+09,keysum,2.99564e+09,pktSum,1.32786e+10,aggrSum,2.78451e+07,blackkey_num,166622812,feedback,40,feedsumportion,0.970496,finger0,11,finger,15,time,307890,runTime,86.0003
line,1418329,total,0.0100878,total0,0.0719387,false,0.00293898,over,0.0100878,false0,0.0209586,over0,0.0719387,overaggr,0.00919102,overcuckoo,0.000896804,over_uai,0.0109556,over_uai,0.00384382,over_utai,0.00563111,over_utai,0.0176836,over_ai,0.00100955,over_ai,0.0227196,countIP,3.06498e+09,countIP0,3.25266e+09,keysum,3.03437e+09,pktSum,1.34496e+10,aggrSum,2.78889e+07,blackkey_num,168937713,feedback,40,feedsumportion,0.970496,finger0,11,finger,15,time,307890,runTime,87.0003
line,1434529,total,0.00998648,total0,0.0720201,false,0.00290802,over,0.00998648,false0,0.0209719,over0,0.0720201,overaggr,0.0090998,overcuckoo,0.000886687,over_uai,0.0142145,over_uai,0.00349747,over_utai,0.00573849,over_utai,0.0175252,over_ai,0.00100576,over_ai,0.0224996,countIP,3.1015e+09,countIP0,3.292e+09,keysum,3.07084e+09,pktSum,1.36164e+10,aggrSum,2.7944e+07,blackkey_num,171397622,feedback,40,feedsumportion,0.970496,finger0,11,finger,15,time,307890,runTime,88.0003
line,1450656,total,0.00987079,total0,0.0719078,false,0.0028755,over,0.00987079,false0,0.0209478,over0,0.0719078,overaggr,0.00899427,overcuckoo,0.000876517,over_uai,0.0121919,over_uai,0.00233185,over_utai,0.00582276,over_utai,0.0173297,over_ai,0.00099586,over_ai,0.0222445,countIP,3.14174e+09,countIP0,3.33474e+09,keysum,3.11103e+09,pktSum,1.37903e+10,aggrSum,2.79815e+07,blackkey_num,173571419,feedback,40,feedsumportion,0.970496,finger0,11,finger,15,time,307890,runTime,89.0003
line,1466706,total,0.00979589,total0,0.0719908,false,0.00285276,over,0.00979589,false0,0.0209652,over0,0.0719908,overaggr,0.00892932,overcuckoo,0.000866571,over_uai,0.0187104,over_uai,0.00575565,over_utai,0.00596808,over_utai,0.0171905,over_ai,0.000989702,over_ai,0.0220638,countIP,3.17865e+09,countIP0,3.37443e+09,keysum,3.14781e+09,pktSum,1.39569e+10,aggrSum,2.81078e+07,blackkey_num,176091541,feedback,40,feedsumportion,0.970496,finger0,11,finger,15,time,307890,runTime,90.0003
line,1482725,total,0.00966662,total0,0.0717155,false,0.00282331,over,0.00966662,false0,0.0209458,over0,0.0717155,overaggr,0.00880974,overcuckoo,0.000856886,over_uai,0.00342927,over_uai,0.00177961,over_utai,0.00593314,over_utai,0.0169812,over_ai,0.000978163,over_ai,0.0217627,countIP,3.22481e+09,countIP0,3.42299e+09,keysum,3.19394e+09,pktSum,1.41295e+10,aggrSum,2.81378e+07,blackkey_num,178168275,feedback,40,feedsumportion,0.680041,finger0,11,finger,15,time,309023,runTime,91.0003
line,1498490,total,0.00952922,total0,0.0711749,false,0.00279332,over,0.00952922,false0,0.0208637,over0,0.0711749,overaggr,0.0086847,overcuckoo,0.000844517,over_uai,0.00313916,over_uai,0.00210874,over_utai,0.00589339,over_utai,0.0167719,over_ai,0.000969712,over_ai,0.0214296,countIP,3.27445e+09,countIP0,3.47441e+09,keysum,3.24355e+09,pktSum,1.43087e+10,aggrSum,2.81692e+07,blackkey_num,180890332,feedback,40,feedsumportion,0.680041,finger0,11,finger,15,time,309023,runTime,92.0003
line,1514261,total,0.00943587,total0,0.0709412,false,0.00276426,over,0.00943587,false0,0.0207824,over0,0.0709412,overaggr,0.00859925,overcuckoo,0.000836621,over_uai,0.00798681,over_uai,0.00289515,over_utai,0.00591721,over_utai,0.0166137,over_ai,0.000964849,over_ai,0.0212082,countIP,3.31239e+09,countIP0,3.51422e+09,keysum,3.28143e+09,pktSum,1.44827e+10,aggrSum,2.82178e+07,blackkey_num,183387217,feedback,40,feedsumportion,0.680041,finger0,11,finger,15,time,309023,runTime,93.0003
line,1530456,total,0.00933949,total0,0.0707292,false,0.00273866,over,0.00933949,false0,0.0207402,over0,0.0707292,overaggr,0.00851148,overcuckoo,0.000828014,over_uai,0.00595083,over_uai,0.0039007,over_utai,0.00591753,over_utai,0.0164293,over_ai,0.00095981,over_ai,0.0209222,countIP,3.3543e+09,countIP0,3.55831e+09,keysum,3.32326e+09,pktSum,1.46564e+10,aggrSum,2.82859e+07,blackkey_num,185797975,feedback,40,feedsumportion,0.680041,finger0,11,finger,15,time,309023,runTime,94.0003
line,1546514,total,0.00924247,total0,0.0705347,false,0.00271158,over,0.00924247,false0,0.0206937,over0,0.0705347,overaggr,0.00842387,overcuckoo,0.000818607,over_uai,0.00745807,over_uai,0.00258955,over_utai,0.00593394,over_utai,0.0162325,over_ai,0.000953234,over_ai,0.0206419,countIP,3.39549e+09,countIP0,3.60171e+09,keysum,3.3644e+09,pktSum,1.4832e+10,aggrSum,2.83412e+07,blackkey_num,188550292,feedback,40,feedsumportion,0.680041,finger0,11,finger,15,time,309023,runTime,95.0003
line,1562340,total,0.00913001,total0,0.0703845,false,0.0026829,over,0.00913001,false0,0.0206829,over0,0.0703845,overaggr,0.00832122,overcuckoo,0.00080879,over_uai,0.0156689,over_uai,0.0015142,over_utai,0.00603818,over_utai,0.0160212,over_ai,0.000947225,over_ai,0.0203143,countIP,3.44084e+09,countIP0,3.6497e+09,keysum,3.40971e+09,pktSum,1.50131e+10,aggrSum,2.83729e+07,blackkey_num,191024080,feedback,33,feedsumportion,0.65049,finger0,11,finger,15,time,311221,runTime,96.0003
line,1578199,total,0.00902962,total0,0.0703128,false,0.00265396,over,0.00902962,false0,0.0206661,over0,0.0703128,overaggr,0.00822896,overcuckoo,0.000800658,over_uai,0.0154677,over_uai,0.00175553,over_utai,0.0061326,over_utai,0.015831,over_ai,0.000941944,over_ai,0.0200237,countIP,3.48278e+09,countIP0,3.69431e+09,keysum,3.45162e+09,pktSum,1.51951e+10,aggrSum,2.84032e+07,blackkey_num,193604618,feedback,33,feedsumportion,0.65049,finger0,11,finger,15,time,311221,runTime,97.0003
line,1594821,total,0.00894199,total0,0.0701733,false,0.00262736,over,0.00894199,false0,0.0206185,over0,0.0701733,overaggr,0.00814849,overcuckoo,0.000793496,over_uai,0.0138777,over_uai,0.00214805,over_utai,0.00621554,over_utai,0.0156865,over_ai,0.000938137,over_ai,0.019818,countIP,3.52031e+09,countIP0,3.73395e+09,keysum,3.48911e+09,pktSum,1.5364e+10,aggrSum,2.8431e+07,blackkey_num,196625641,feedback,33,feedsumportion,0.65049,finger0,11,finger,15,time,311221,runTime,98.0003
line,1611033,total,0.00884966,total0,0.0703317,false,0.00260194,over,0.00884966,false0,0.0206786,over0,0.0703317,overaggr,0.00806331,overcuckoo,0.000786345,over_uai,0.0138665,over_uai,0.00193042,over_utai,0.00629315,over_utai,0.0155186,over_ai,0.00093067,over_ai,0.0195759,countIP,3.56046e+09,countIP0,3.77744e+09,keysum,3.52923e+09,pktSum,1.55328e+10,aggrSum,2.84572e+07,blackkey_num,199382730,feedback,33,feedsumportion,0.65049,finger0,11,finger,15,time,311221,runTime,99.0003
line,1626931,total,0.0087543,total0,0.0705924,false,0.00257805,over,0.0087543,false0,0.0207887,over0,0.0705924,overaggr,0.00797612,overcuckoo,0.000778175,over_uai,0.0144217,over_uai,0.00153522,over_utai,0.00637791,over_utai,0.0153247,over_ai,0.000933367,over_ai,0.0192914,countIP,3.60421e+09,countIP0,3.82515e+09,keysum,3.57293e+09,pktSum,1.57056e+10,aggrSum,2.84982e+07,blackkey_num,201682738,feedback,33,feedsumportion,0.65049,finger0,11,finger,15,time,311221,runTime,100
line,1642984,total,0.00866587,total0,0.0703156,false,0.00255934,over,0.00866587,false0,0.0207667,over0,0.0703156,overaggr,0.00789645,overcuckoo,0.000769415,over_uai,0.00819605,over_uai,0.00302499,over_utai,0.00639849,over_utai,0.015153,over_ai,0.000926378,over_ai,0.0190463,countIP,3.65161e+09,countIP0,3.8748e+09,keysum,3.62024e+09,pktSum,1.58783e+10,aggrSum,2.8587e+07,blackkey_num,204359891,feedback,36,feedsumportion,0.530802,finger0,11,finger,15,time,311315,runTime,101
line,1658918,total,0.00859329,total0,0.0702659,false,0.00254083,over,0.00859329,false0,0.020776,over0,0.0702659,overaggr,0.00783043,overcuckoo,0.000762869,over_uai,0.0110301,over_uai,0.00472859,over_utai,0.00645062,over_utai,0.0150308,over_ai,0.000924805,over_ai,0.0188604,countIP,3.69464e+09,countIP0,3.92056e+09,keysum,3.66316e+09,pktSum,1.60523e+10,aggrSum,2.86841e+07,blackkey_num,206907861,feedback,36,feedsumportion,0.530802,finger0,11,finger,15,time,311315,runTime,102
line,1674994,total,0.00852508,total0,0.070127,false,0.00252552,over,0.00852508,false0,0.0207748,over0,0.070127,overaggr,0.00777079,overcuckoo,0.000754284,over_uai,0.00990272,over_uai,0.00335062,over_utai,0.00648426,over_utai,0.0148708,over_ai,0.000937482,over_ai,0.0186234,countIP,3.73991e+09,countIP0,3.96835e+09,keysum,3.7083e+09,pktSum,1.62259e+10,aggrSum,2.88164e+07,blackkey_num,209875431,feedback,36,feedsumportion,0.530802,finger0,11,finger,15,time,311315,runTime,103
line,1691201,total,0.00844073,total0,0.0699366,false,0.00250239,over,0.00844073,false0,0.0207338,over0,0.0699366,overaggr,0.00769304,overcuckoo,0.000747691,over_uai,0.0048003,over_uai,0.00185706,over_utai,0.0064676,over_utai,0.0147133,over_ai,0.000932391,over_ai,0.0184029,countIP,3.78107e+09,countIP0,4.01165e+09,keysum,3.74942e+09,pktSum,1.63965e+10,aggrSum,2.88445e+07,blackkey_num,212653810,feedback,36,feedsumportion,0.530802,finger0,11,finger,15,time,311315,runTime,104
line,1707302,total,0.00835297,total0,0.0695395,false,0.00248169,over,0.00835297,false0,0.0206604,over0,0.0695395,overaggr,0.00761316,overcuckoo,0.00073981,over_uai,0.00933749,over_uai,0.00159967,over_utai,0.00649352,over_utai,0.0145355,over_ai,0.000930535,over_ai,0.0181326,countIP,3.82673e+09,countIP0,4.05894e+09,keysum,3.79503e+09,pktSum,1.65685e+10,aggrSum,2.88922e+07,blackkey_num,215765528,feedback,36,feedsumportion,0.530802,finger0,11,finger,15,time,311315,runTime,105
line,1723526,total,0.00826515,total0,0.0692861,false,0.00245808,over,0.00826515,false0,0.0206059,over0,0.0692861,overaggr,0.00753329,overcuckoo,0.000731857,over_uai,0.001401,over_uai,0.00177165,over_utai,0.00644638,over_utai,0.0143734,over_ai,0.000927423,over_ai,0.017883,countIP,3.87023e+09,countIP0,4.10446e+09,keysum,3.83851e+09,pktSum,1.67452e+10,aggrSum,2.89166e+07,blackkey_num,218585503,feedback,36,feedsumportion,0.796776,finger0,11,finger,15,time,313285,runTime,106
line,1739464,total,0.00817529,total0,0.0689891,false,0.00243641,over,0.00817529,false0,0.0205602,over0,0.0689891,overaggr,0.00745064,overcuckoo,0.00072465,over_uai,0.001028,over_uai,0.00173884,over_utai,0.00639529,over_utai,0.0142042,over_ai,0.000921178,over_ai,0.0176222,countIP,3.91653e+09,countIP0,4.15278e+09,keysum,3.88477e+09,pktSum,1.692e+10,aggrSum,2.8944e+07,blackkey_num,221395721,feedback,36,feedsumportion,0.796776,finger0,11,finger,15,time,313285,runTime,107
line,1755591,total,0.00809734,total0,0.0688495,false,0.00241507,over,0.00809734,false0,0.0205347,over0,0.0688495,overaggr,0.00737903,overcuckoo,0.000718308,over_uai,0.0016155,over_uai,0.00359881,over_utai,0.00634817,over_utai,0.0140885,over_ai,0.000917774,over_ai,0.0174261,countIP,3.95835e+09,countIP0,4.1969e+09,keysum,3.92655e+09,pktSum,1.70916e+10,aggrSum,2.89742e+07,blackkey_num,223650592,feedback,36,feedsumportion,0.796776,finger0,11,finger,15,time,313285,runTime,108
line,1771969,total,0.00802903,total0,0.068719,false,0.00239279,over,0.00802903,false0,0.0204795,over0,0.068719,overaggr,0.00731652,overcuckoo,0.00071251,over_uai,0.000801897,over_uai,0.00642021,over_utai,0.00629058,over_utai,0.0140238,over_ai,0.00091104,over_ai,0.0172996,countIP,3.99449e+09,countIP0,4.23499e+09,keysum,3.96267e+09,pktSum,1.72595e+10,aggrSum,2.8993e+07,blackkey_num,226438162,feedback,36,feedsumportion,0.796776,finger0,11,finger,15,time,313285,runTime,109
line,1787960,total,0.00795741,total0,0.0685375,false,0.00237086,over,0.00795741,false0,0.0204203,over0,0.0685375,overaggr,0.00725047,overcuckoo,0.000706944,over_uai,0.00144678,over_uai,0.00140043,over_utai,0.00624794,over_utai,0.0138825,over_ai,0.000906443,over_ai,0.0171224,countIP,4.03305e+09,countIP0,4.27545e+09,keysum,4.00121e+09,pktSum,1.74306e+10,aggrSum,2.90107e+07,blackkey_num,228779160,feedback,36,feedsumportion,0.796776,finger0,11,finger,15,time,313285,runTime,110
line,1804109,total,0.00790234,total0,0.0685494,false,0.00234926,over,0.00790234,false0,0.0203788,over0,0.0685494,overaggr,0.00719947,overcuckoo,0.000702876,over_uai,0.0201607,over_uai,0.00392466,over_utai,0.00637416,over_utai,0.0138048,over_ai,0.000902407,over_ai,0.0170197,countIP,4.06577e+09,countIP0,4.31041e+09,keysum,4.03389e+09,pktSum,1.76029e+10,aggrSum,2.90419e+07,blackkey_num,231336768,feedback,33,feedsumportion,0.46194,finger0,11,finger,15,time,314458,runTime,111
line,1820535,total,0.00784761,total0,0.0685093,false,0.00232966,over,0.00784761,false0,0.0203379,over0,0.0685093,overaggr,0.00714982,overcuckoo,0.000697798,over_uai,0.0177259,over_uai,0.00570772,over_utai,0.00647366,over_utai,0.0137359,over_ai,0.000899859,over_ai,0.0168979,countIP,4.09964e+09,countIP0,4.3464e+09,keysum,4.06772e+09,pktSum,1.77701e+10,aggrSum,2.90834e+07,blackkey_num,233658692,feedback,33,feedsumportion,0.46194,finger0,11,finger,15,time,314458,runTime,112
line,1837301,total,0.00779875,total0,0.0684926,false,0.00230945,over,0.00779875,false0,0.0202827,over0,0.0684926,overaggr,0.00710532,overcuckoo,0.000693427,over_uai,0.0193465,over_uai,0.0032238,over_utai,0.00658548,over_utai,0.0136622,over_ai,0.00089828,over_ai,0.0168047,countIP,4.12959e+09,countIP0,4.37829e+09,keysum,4.09763e+09,pktSum,1.79349e+10,aggrSum,2.9115e+07,blackkey_num,237006103,feedback,33,feedsumportion,0.46194,finger0,11,finger,15,time,314458,runTime,113
line,1854102,total,0.00775106,total0,0.0686481,false,0.00228965,over,0.00775106,false0,0.0202785,over0,0.0686481,overaggr,0.0070615,overcuckoo,0.000689561,over_uai,0.0205015,over_uai,0.00263911,over_utai,0.00670226,over_utai,0.0135865,over_ai,0.000897695,over_ai,0.0167111,countIP,4.15962e+09,countIP0,4.41098e+09,keysum,4.12763e+09,pktSum,1.81007e+10,aggrSum,2.91472e+07,blackkey_num,239629007,feedback,33,feedsumportion,0.46194,finger0,11,finger,15,time,314458,runTime,114
line,1870976,total,0.00770034,total0,0.0690616,false,0.00227019,over,0.00770033,false0,0.0203605,over0,0.0690616,overaggr,0.00701509,overcuckoo,0.000685242,over_uai,0.0162935,over_uai,0.00433032,over_utai,0.00677981,over_utai,0.0135189,over_ai,0.00089486,over_ai,0.0166086,countIP,4.19052e+09,countIP0,4.44569e+09,keysum,4.1585e+09,pktSum,1.82639e+10,aggrSum,2.91722e+07,blackkey_num,241767557,feedback,33,feedsumportion,0.46194,finger0,11,finger,15,time,314458,runTime,115
line,1887572,total,0.00764319,total0,0.0691037,false,0.00225174,over,0.00764319,false0,0.0203585,over0,0.0691037,overaggr,0.00695969,overcuckoo,0.000683495,over_uai,0.00365732,over_uai,0.00232694,over_utai,0.00675023,over_utai,0.0134238,over_ai,0.000893946,over_ai,0.016479,countIP,4.22665e+09,countIP0,4.48445e+09,keysum,4.19459e+09,pktSum,1.84325e+10,aggrSum,2.91931e+07,blackkey_num,244218098,feedback,34,feedsumportion,0.552877,finger0,11,finger,15,time,406413,runTime,116
line,1903921,total,0.00759575,total0,0.0690972,false,0.00223326,over,0.00759575,false0,0.0203156,over0,0.0690972,overaggr,0.00691529,overcuckoo,0.000680462,over_uai,0.00406547,over_uai,0.00304287,over_utai,0.0067245,over_utai,0.0133423,over_ai,0.000892638,over_ai,0.0163746,countIP,4.25838e+09,countIP0,4.5183e+09,keysum,4.22628e+09,pktSum,1.86007e+10,aggrSum,2.92259e+07,blackkey_num,246395162,feedback,34,feedsumportion,0.552877,finger0,11,finger,15,time,406413,runTime,117
line,1920508,total,0.00755055,total0,0.0692129,false,0.00221535,over,0.00755055,false0,0.0203072,over0,0.0692129,overaggr,0.00687172,overcuckoo,0.000678823,over_uai,0.00539929,over_uai,0.00236096,over_utai,0.00671292,over_utai,0.0132584,over_ai,0.000894262,over_ai,0.016273,countIP,4.28885e+09,countIP0,4.55133e+09,keysum,4.25671e+09,pktSum,1.87648e+10,aggrSum,2.92509e+07,blackkey_num,249060138,feedback,34,feedsumportion,0.552877,finger0,11,finger,15,time,406413,runTime,118
line,1937083,total,0.00751378,total0,0.0697934,false,0.00220399,over,0.00751378,false0,0.0204722,over0,0.0697934,overaggr,0.00683565,overcuckoo,0.000678127,over_uai,0.00397872,over_uai,0.00519145,over_utai,0.0066906,over_utai,0.013185,over_ai,0.000896466,over_ai,0.0161731,countIP,4.32581e+09,countIP0,4.59321e+09,keysum,4.29355e+09,pktSum,1.8931e+10,aggrSum,2.93492e+07,blackkey_num,251327436,feedback,34,feedsumportion,0.552877,finger0,11,finger,15,time,406413,runTime,119
line,1953904,total,0.00781356,total0,0.0698416,false,0.00228937,over,0.00781356,false0,0.0204636,over0,0.0698416,overaggr,0.00713569,overcuckoo,0.00067787,over_uai,0.00280436,over_uai,0.0760218,over_utai,0.00665621,over_utai,0.013642,over_ai,0.000891845,over_ai,0.0168958,countIP,4.36117e+09,countIP0,4.62959e+09,keysum,4.32736e+09,pktSum,1.90965e+10,aggrSum,3.08787e+07,blackkey_num,253883293,feedback,34,feedsumportion,0.552877,finger0,11,finger,15,time,406413,runTime,120
line,1970975,total,0.00775694,total0,0.0698346,false,0.00227165,over,0.00775694,false0,0.0204514,over0,0.0698346,overaggr,0.00708388,overcuckoo,0.000673065,over_uai,0.0130931,over_uai,0.00518322,over_utai,0.00671487,over_utai,0.0135659,over_ai,0.000887039,over_ai,0.016792,countIP,4.39649e+09,countIP0,4.66731e+09,keysum,4.36265e+09,pktSum,1.92596e+10,aggrSum,3.09044e+07,blackkey_num,256940615,feedback,32,feedsumportion,0.963407,finger0,11,finger,15,time,310475,runTime,121
line,1988008,total,0.00770593,total0,0.0701307,false,0.0022533,over,0.00770593,false0,0.020507,over0,0.0701307,overaggr,0.00703719,overcuckoo,0.000668731,over_uai,0.017395,over_uai,0.00588514,over_utai,0.00680187,over_utai,0.0135026,over_ai,0.000882712,over_ai,0.0166916,countIP,4.42844e+09,countIP0,4.70277e+09,keysum,4.39457e+09,pktSum,1.94233e+10,aggrSum,3.09255e+07,blackkey_num,259377335,feedback,32,feedsumportion,0.963407,finger0,11,finger,15,time,310475,runTime,122
line,2004756,total,0.00766093,total0,0.0706722,false,0.00223502,over,0.00766093,false0,0.0206181,over0,0.0706722,overaggr,0.00699657,overcuckoo,0.000664369,over_uai,0.0267167,over_uai,0.0031299,over_utai,0.0069627,over_utai,0.0134261,over_ai,0.000884564,over_ai,0.0165994,countIP,4.45946e+09,countIP0,4.73832e+09,keysum,4.42556e+09,pktSum,1.9595e+10,aggrSum,3.09637e+07,blackkey_num,262090622,feedback,32,feedsumportion,0.963407,finger0,11,finger,15,time,310475,runTime,123
line,2021211,total,0.0076159,total0,0.0710996,false,0.00221623,over,0.0076159,false0,0.02069,over0,0.0710996,overaggr,0.00695515,overcuckoo,0.000660754,over_uai,0.0125819,over_uai,0.00189105,over_utai,0.00701001,over_utai,0.0133156,over_ai,0.000881264,over_ai,0.0165213,countIP,4.4906e+09,countIP0,4.77352e+09,keysum,4.45665e+09,pktSum,1.97716e+10,aggrSum,3.09967e+07,blackkey_num,264898189,feedback,32,feedsumportion,0.963407,finger0,11,finger,15,time,310475,runTime,124
line,2037370,total,0.00756396,total0,0.0715323,false,0.00219887,over,0.00756396,false0,0.0207947,over0,0.0715323,overaggr,0.0069074,overcuckoo,0.00065656,over_uai,0.0173507,over_uai,0.00197056,over_utai,0.00709511,over_utai,0.0131974,over_ai,0.000878602,over_ai,0.0164153,countIP,4.526e+09,countIP0,4.81335e+09,keysum,4.49202e+09,pktSum,1.99443e+10,aggrSum,3.10282e+07,blackkey_num,267491836,feedback,32,feedsumportion,0.963407,finger0,11,finger,15,time,310475,runTime,125
line,2053863,total,0.00751064,total0,0.0718811,false,0.00218156,over,0.00751064,false0,0.0208788,over0,0.0718811,overaggr,0.00685856,overcuckoo,0.000652086,over_uai,0.00811552,over_uai,0.0248881,over_utai,0.00710302,over_utai,0.0133056,over_ai,0.000877082,over_ai,0.0162983,countIP,4.56217e+09,countIP0,4.85365e+09,keysum,4.52816e+09,pktSum,2.01177e+10,aggrSum,3.10567e+07,blackkey_num,270243603,feedback,36,feedsumportion,0.525953,finger0,11,finger,15,time,309514,runTime,126
line,2070507,total,0.00746408,total0,0.072372,false,0.00216508,over,0.00746408,false0,0.0209927,over0,0.072372,overaggr,0.00681621,overcuckoo,0.000647876,over_uai,0.0091995,over_uai,0.0332343,over_utai,0.00711884,over_utai,0.0134527,over_ai,0.000876572,over_ai,0.0162006,countIP,4.5964e+09,countIP0,4.89254e+09,keysum,4.56235e+09,pktSum,2.0291e+10,aggrSum,3.10979e+07,blackkey_num,272850285,feedback,36,feedsumportion,0.525953,finger0,11,finger,15,time,309514,runTime,127
line,2087301,total,0.00741312,total0,0.0723718,false,0.00214798,over,0.00741312,false0,0.02097,over0,0.0723719,overaggr,0.00676958,overcuckoo,0.00064354,over_uai,0.00767386,over_uai,0.0254432,over_utai,0.00712274,over_utai,0.0135403,over_ai,0.000872606,over_ai,0.0160909,countIP,4.63098e+09,countIP0,4.92959e+09,keysum,4.59691e+09,pktSum,2.04618e+10,aggrSum,3.11191e+07,blackkey_num,275211136,feedback,36,feedsumportion,0.525953,finger0,11,finger,15,time,309514,runTime,128
line,2103564,total,0.00736175,total0,0.0723415,false,0.00213125,over,0.00736175,false0,0.0209431,over0,0.0723415,overaggr,0.00672262,overcuckoo,0.00063913,over_uai,0.00575018,over_uai,0.0263938,over_utai,0.00711013,over_utai,0.0136278,over_ai,0.000868411,over_ai,0.0159983,countIP,4.66666e+09,countIP0,4.96768e+09,keysum,4.63255e+09,pktSum,2.06343e+10,aggrSum,3.11429e+07,blackkey_num,277532501,feedback,36,feedsumportion,0.525953,finger0,11,finger,15,time,309514,runTime,129
line,2119707,total,0.00731188,total0,0.072603,false,0.00211499,over,0.00731188,false0,0.0210007,over0,0.072603,overaggr,0.0066768,overcuckoo,0.000635077,over_uai,0.0089016,over_uai,0.0215031,over_utai,0.00712382,over_utai,0.013692,over_ai,0.000864533,over_ai,0.0158907,countIP,4.70228e+09,countIP0,5.00706e+09,keysum,4.66814e+09,pktSum,2.08067e+10,aggrSum,3.11683e+07,blackkey_num,279747802,feedback,36,feedsumportion,0.525953,finger0,11,finger,15,time,309514,runTime,130
line,2136016,total,0.00725981,total0,0.072843,false,0.00209906,over,0.00725981,false0,0.0210614,over0,0.072843,overaggr,0.0066288,overcuckoo,0.000631004,over_uai,0.0328557,over_uai,0.00214384,over_utai,0.007326,over_utai,0.0135987,over_ai,0.000859745,over_ai,0.0157738,countIP,4.73852e+09,countIP0,5.04705e+09,keysum,4.70437e+09,pktSum,2.09749e+10,aggrSum,3.11843e+07,blackkey_num,281932916,feedback,35,feedsumportion,0.532584,finger0,11,finger,15,time,309485,runTime,131
line,2152207,total,0.00721982,total0,0.072879,false,0.00208367,over,0.00721982,false0,0.0210332,over0,0.072879,overaggr,0.00659227,overcuckoo,0.000627552,over_uai,0.0299263,over_uai,0.00646096,over_utai,0.00748391,over_utai,0.0135547,over_ai,0.000858665,over_ai,0.0156901,countIP,4.76885e+09,countIP0,5.07973e+09,keysum,4.73467e+09,pktSum,2.11401e+10,aggrSum,3.12122e+07,blackkey_num,283998152,feedback,35,feedsumportion,0.532584,finger0,11,finger,15,time,309485,runTime,132
line,2168490,total,0.00717903,total0,0.072839,false,0.00206828,over,0.00717903,false0,0.0209849,over0,0.072839,overaggr,0.00655437,overcuckoo,0.00062466,over_uai,0.0217934,over_uai,0.0227574,over_utai,0.00757807,over_utai,0.0136147,over_ai,0.000857618,over_ai,0.015597,countIP,4.7999e+09,countIP0,5.11282e+09,keysum,4.76569e+09,pktSum,2.13075e+10,aggrSum,3.12361e+07,blackkey_num,286551944,feedback,35,feedsumportion,0.532584,finger0,11,finger,15,time,309485,runTime,133
line,2184866,total,0.00713228,total0,0.0727757,false,0.00205365,over,0.00713228,false0,0.0209548,over0,0.0727757,overaggr,0.00651124,overcuckoo,0.000621038,over_uai,0.0251929,over_uai,0.00399747,over_utai,0.00771571,over_utai,0.0135496,over_ai,0.000853711,over_ai,0.0155052,countIP,4.83492e+09,countIP0,5.15005e+09,keysum,4.80068e+09,pktSum,2.14734e+10,aggrSum,3.12584e+07,blackkey_num,289107761,feedback,35,feedsumportion,0.532584,finger0,11,finger,15,time,309485,runTime,134
line,2201009,total,0.00716098,total0,0.0726646,false,0.00206317,over,0.00716098,false0,0.0209356,over0,0.0726646,overaggr,0.00646184,overcuckoo,0.000699145,over_uai,0.0208403,over_uai,0.0170909,over_utai,0.00782382,over_utai,0.0135786,over_ai,0.00085036,over_ai,0.0155757,countIP,4.87552e+09,countIP0,5.19261e+09,keysum,4.84085e+09,pktSum,2.16428e+10,aggrSum,3.12808e+07,blackkey_num,291415435,feedback,35,feedsumportion,0.532584,finger0,11,finger,15,time,309485,runTime,135
line,2217414,total,0.00737294,total0,0.0725693,false,0.00212562,over,0.00737294,false0,0.0209217,over0,0.0725694,overaggr,0.00641185,overcuckoo,0.000961096,over_uai,0.00304085,over_uai,0.0474152,over_utai,0.00778526,over_utai,0.0138683,over_ai,0.000846304,over_ai,0.0160694,countIP,4.91761e+09,countIP0,5.23587e+09,keysum,4.88161e+09,pktSum,2.1814e+10,aggrSum,3.13002e+07,blackkey_num,293568349,feedback,34,feedsumportion,0.719705,finger0,11,finger,15,time,349606,runTime,136
line,2233448,total,0.00738098,total0,0.0725892,false,0.00212588,over,0.00738098,false0,0.0209073,over0,0.0725892,overaggr,0.00637081,overcuckoo,0.00101017,over_uai,0.00266993,over_uai,0.0131716,over_utai,0.00774413,over_utai,0.0138631,over_ai,0.000843357,over_ai,0.0160991,countIP,4.95336e+09,countIP0,5.27399e+09,keysum,4.91707e+09,pktSum,2.19889e+10,aggrSum,3.13257e+07,blackkey_num,295893966,feedback,34,feedsumportion,0.719705,finger0,11,finger,15,time,349606,runTime,137
line,2249687,total,0.00733497,total0,0.0726044,false,0.00211011,over,0.00733497,false0,0.0208867,over0,0.0726044,overaggr,0.00633048,overcuckoo,0.00100449,over_uai,0.0041766,over_uai,0.00119417,over_utai,0.00771685,over_utai,0.0137679,over_ai,0.000841201,over_ai,0.0160044,countIP,4.98742e+09,countIP0,5.31057e+09,keysum,4.9511e+09,pktSum,2.21616e+10,aggrSum,3.13429e+07,blackkey_num,298671150,feedback,34,feedsumportion,0.719705,finger0,11,finger,15,time,349606,runTime,138
line,2265904,total,0.00728819,total0,0.0728591,false,0.00209562,over,0.00728819,false0,0.0209496,over0,0.0728591,overaggr,0.00628997,overcuckoo,0.000998213,over_uai,0.00294469,over_uai,0.00120416,over_utai,0.00767959,over_utai,0.0136753,over_ai,0.000840169,over_ai,0.0158909,countIP,5.02275e+09,countIP0,5.34971e+09,keysum,4.98641e+09,pktSum,2.23283e+10,aggrSum,3.13644e+07,blackkey_num,301289573,feedback,34,feedsumportion,0.719705,finger0,11,finger,15,time,349606,runTime,139
line,2282407,total,0.00724337,total0,0.0729746,false,0.00208151,over,0.00724337,false0,0.0209706,over0,0.0729746,overaggr,0.00625111,overcuckoo,0.000992265,over_uai,0.0111857,over_uai,0.0023681,over_utai,0.00770653,over_utai,0.0135884,over_ai,0.000838542,over_ai,0.015782,countIP,5.05836e+09,countIP0,5.38846e+09,keysum,5.02198e+09,pktSum,2.24978e+10,aggrSum,3.1393e+07,blackkey_num,303266427,feedback,34,feedsumportion,0.719705,finger0,11,finger,15,time,349606,runTime,140
line,2298783,total,0.00719594,total0,0.0734141,false,0.00206609,over,0.00719594,false0,0.0210785,over0,0.0734141,overaggr,0.00621043,overcuckoo,0.000985512,over_uai,0.0149455,over_uai,0.00141487,over_utai,0.0077611,over_utai,0.0134955,over_ai,0.000833583,over_ai,0.0156802,countIP,5.09363e+09,countIP0,5.42851e+09,keysum,5.05723e+09,pktSum,2.2671e+10,aggrSum,3.14076e+07,blackkey_num,305199052,feedback,33,feedsumportion,0.454618,finger0,11,finger,15,time,310017,runTime,141
line,2314963,total,0.00715177,total0,0.0736859,false,0.00205173,over,0.00715177,false0,0.0211393,over0,0.0736859,overaggr,0.00617243,overcuckoo,0.000979341,over_uai,0.0134672,over_uai,0.00155132,over_utai,0.00780181,over_utai,0.0134136,over_ai,0.000830615,over_ai,0.0155837,countIP,5.129e+09,countIP0,5.46783e+09,keysum,5.09258e+09,pktSum,2.28439e+10,aggrSum,3.14336e+07,blackkey_num,307668051,feedback,33,feedsumportion,0.454618,finger0,11,finger,15,time,310017,runTime,142
line,2330911,total,0.00710361,total0,0.0742111,false,0.00203774,over,0.00710361,false0,0.0212882,over0,0.0742111,overaggr,0.00613153,overcuckoo,0.000972079,over_uai,0.01426,over_uai,0.00182868,over_utai,0.00784759,over_utai,0.0133171,over_ai,0.000832185,over_ai,0.0154552,countIP,5.16871e+09,countIP0,5.51312e+09,keysum,5.13225e+09,pktSum,2.30234e+10,aggrSum,3.14685e+07,blackkey_num,309837144,feedback,33,feedsumportion,0.454618,finger0,11,finger,15,time,310017,runTime,143
line,2346999,total,0.00704972,total0,0.0746438,false,0.00202421,over,0.00704972,false0,0.0214327,over0,0.0746438,overaggr,0.00608551,overcuckoo,0.000964205,over_uai,0.0122723,over_uai,0.00112574,over_utai,0.00787984,over_utai,0.0132127,over_ai,0.000828466,over_ai,0.0153191,countIP,5.21172e+09,countIP0,5.56153e+09,keysum,5.17523e+09,pktSum,2.3199e+10,aggrSum,3.14939e+07,blackkey_num,312075535,feedback,33,feedsumportion,0.454618,finger0,11,finger,15,time,310017,runTime,144
line,2363006,total,0.00701388,total0,0.074759,false,0.00201381,over,0.00701388,false0,0.0214647,over0,0.074759,overaggr,0.00605588,overcuckoo,0.000957991,over_uai,0.0175509,over_uai,0.00355161,over_utai,0.00794643,over_utai,0.0131403,over_ai,0.000828549,over_ai,0.0152273,countIP,5.25047e+09,countIP0,5.60369e+09,keysum,5.2139e+09,pktSum,2.33733e+10,aggrSum,3.15748e+07,blackkey_num,314443215,feedback,33,feedsumportion,0.454618,finger0,11,finger,15,time,310017,runTime,145
line,2379448,total,0.00698165,total0,0.0747111,false,0.00200328,over,0.00698165,false0,0.0214372,over0,0.0747111,overaggr,0.00602948,overcuckoo,0.00095217,over_uai,0.0041281,over_uai,0.00323944,over_utai,0.00791852,over_utai,0.0130787,over_ai,0.000828775,over_ai,0.0151641,countIP,5.28557e+09,countIP0,5.64108e+09,keysum,5.24893e+09,pktSum,2.3542e+10,aggrSum,3.16483e+07,blackkey_num,316850185,feedback,32,feedsumportion,0.68177,finger0,11,finger,15,time,309946,runTime,146
line,2395804,total,0.00695819,total0,0.0749771,false,0.00199537,over,0.00695819,false0,0.0215008,over0,0.0749771,overaggr,0.00601126,overcuckoo,0.000946925,over_uai,0.00410978,over_uai,0.00567529,over_utai,0.00788975,over_utai,0.0130309,over_ai,0.000828043,over_ai,0.0151254,countIP,5.32101e+09,countIP0,5.68044e+09,keysum,5.28424e+09,pktSum,2.37113e+10,aggrSum,3.1765e+07,blackkey_num,319009091,feedback,32,feedsumportion,0.68177,finger0,11,finger,15,time,309946,runTime,147
line,2412126,total,0.00694628,total0,0.0750922,false,0.00198945,over,0.00694628,false0,0.0215068,over0,0.0750922,overaggr,0.00600436,overcuckoo,0.000941918,over_uai,0.00381228,over_uai,0.00722517,over_utai,0.00786292,over_utai,0.0129925,over_ai,0.000827089,over_ai,0.0151074,countIP,5.35344e+09,countIP0,5.71574e+09,keysum,5.31651e+09,pktSum,2.38794e+10,aggrSum,3.19222e+07,blackkey_num,321335948,feedback,32,feedsumportion,0.68177,finger0,11,finger,15,time,309946,runTime,148
line,2428350,total,0.00691455,total0,0.0752246,false,0.0019776,over,0.00691455,false0,0.0215146,over0,0.0752246,overaggr,0.00597724,overcuckoo,0.000937307,over_uai,0.00435715,over_uai,0.00265303,over_utai,0.00783933,over_utai,0.0129247,over_ai,0.000825215,over_ai,0.0150473,countIP,5.38539e+09,countIP0,5.75074e+09,keysum,5.34841e+09,pktSum,2.40488e+10,aggrSum,3.19688e+07,blackkey_num,323877206,feedback,32,feedsumportion,0.68177,finger0,11,finger,15,time,309946,runTime,149
line,2444579,total,0.00691995,total0,0.0754436,false,0.00197749,over,0.00691995,false0,0.0215593,over0,0.0754436,overaggr,0.00598608,overcuckoo,0.000933872,over_uai,0.0129398,over_uai,0.00697063,over_utai,0.00787391,over_utai,0.0128838,over_ai,0.000866442,over_ai,0.0150152,countIP,5.41918e+09,countIP0,5.78797e+09,keysum,5.38194e+09,pktSum,2.42153e+10,aggrSum,3.22167e+07,blackkey_num,326332251,feedback,32,feedsumportion,0.68177,finger0,11,finger,15,time,309946,runTime,150
line,2460843,total,0.00688587,total0,0.0756054,false,0.00196497,over,0.00688587,false0,0.0215749,over0,0.0756054,overaggr,0.0059562,overcuckoo,0.000929675,over_uai,0.0215208,over_uai,0.00166284,over_utai,0.00796223,over_utai,0.0128106,over_ai,0.000866439,over_ai,0.0149431,countIP,5.45071e+09,countIP0,5.82272e+09,keysum,5.41344e+09,pktSum,2.43838e+10,aggrSum,3.22435e+07,blackkey_num,328882298,feedback,34,feedsumportion,0.890974,finger0,11,finger,15,time,312834,runTime,151
line,2476775,total,0.00685292,total0,0.0760512,false,0.00195189,over,0.00685292,false0,0.0216614,over0,0.0760512,overaggr,0.00592769,overcuckoo,0.000925227,over_uai,0.0201465,over_uai,0.00192498,over_utai,0.00803972,over_utai,0.0127474,over_ai,0.000866694,over_ai,0.014876,countIP,5.48188e+09,countIP0,5.85864e+09,keysum,5.44457e+09,pktSum,2.456e+10,aggrSum,3.22737e+07,blackkey_num,331139395,feedback,34,feedsumportion,0.890974,finger0,11,finger,15,time,312834,runTime,152.001
line,2492685,total,0.00681331,total0,0.0766039,false,0.00193782,over,0.00681331,false0,0.0217875,over0,0.0766039,overaggr,0.00589332,overcuckoo,0.000919991,over_uai,0.01276,over_uai,0.000981592,over_utai,0.00806893,over_utai,0.0126568,over_ai,0.00086368,over_ai,0.0147855,countIP,5.51639e+09,countIP0,5.89878e+09,keysum,5.47906e+09,pktSum,2.47432e+10,aggrSum,3.22898e+07,blackkey_num,333410143,feedback,34,feedsumportion,0.890974,finger0,11,finger,15,time,312834,runTime,153.001
line,2508700,total,0.00678011,total0,0.0771518,false,0.0019247,over,0.00678011,false0,0.0219014,over0,0.0771518,overaggr,0.00586467,overcuckoo,0.000915443,over_uai,0.0112744,over_uai,0.00327527,over_utai,0.00808908,over_utai,0.0125984,over_ai,0.00086476,over_ai,0.0147113,countIP,5.54856e+09,countIP0,5.93639e+09,keysum,5.5112e+09,pktSum,2.49254e+10,aggrSum,3.23213e+07,blackkey_num,335612663,feedback,34,feedsumportion,0.890974,finger0,11,finger,15,time,312834,runTime,154.001
line,2524362,total,0.00675352,total0,0.0772213,false,0.00191253,over,0.00675352,false0,0.0218683,over0,0.0772213,overaggr,0.00584269,overcuckoo,0.000910833,over_uai,0.0165474,over_uai,0.00180489,over_utai,0.00813999,over_utai,0.0125305,over_ai,0.000872457,over_ai,0.0146503,countIP,5.57899e+09,countIP0,5.96949e+09,keysum,5.54156e+09,pktSum,2.51099e+10,aggrSum,3.23776e+07,blackkey_num,337846381,feedback,34,feedsumportion,0.890974,finger0,11,finger,15,time,312834,runTime,155.001
line,2540156,total,0.00672625,total0,0.0778902,false,0.00189934,over,0.00672625,false0,0.0219944,over0,0.0778901,overaggr,0.00581915,overcuckoo,0.000907103,over_uai,0.00379455,over_uai,0.00234104,over_utai,0.00811611,over_utai,0.0124761,over_ai,0.000869171,over_ai,0.0146,countIP,5.6056e+09,countIP0,6.00185e+09,keysum,5.56815e+09,pktSum,2.5287e+10,aggrSum,3.24019e+07,blackkey_num,339995888,feedback,34,feedsumportion,0.560335,finger0,11,finger,15,time,310641,runTime,156.001
line,2556109,total,0.00671072,total0,0.077807,false,0.00189051,over,0.00671072,false0,0.0219194,over0,0.077807,overaggr,0.00580756,overcuckoo,0.000903159,over_uai,0.00386168,over_uai,0.00514789,over_utai,0.00808881,over_utai,0.0124294,over_ai,0.000865477,over_ai,0.0145728,countIP,5.635e+09,countIP0,6.03296e+09,keysum,5.59744e+09,pktSum,2.54666e+10,aggrSum,3.25075e+07,blackkey_num,342301938,feedback,34,feedsumportion,0.560335,finger0,11,finger,15,time,310641,runTime,157.001
line,2571833,total,0.00670346,total0,0.0777933,false,0.00188555,over,0.00670346,false0,0.0218817,over0,0.0777933,overaggr,0.00580473,overcuckoo,0.00089873,over_uai,0.00438066,over_uai,0.00782095,over_utai,0.00806162,over_utai,0.0123984,over_ai,0.000861617,over_ai,0.0145746,countIP,5.6688e+09,countIP0,6.06911e+09,keysum,5.63105e+09,pktSum,2.56504e+10,aggrSum,3.26867e+07,blackkey_num,344577798,feedback,34,feedsumportion,0.560335,finger0,11,finger,15,time,310641,runTime,158.001
line,2587987,total,0.00667076,total0,0.0777787,false,0.00187403,over,0.00667076,false0,0.0218505,over0,0.0777787,overaggr,0.00577686,overcuckoo,0.000893892,over_uai,0.00602477,over_uai,0.00214168,over_utai,0.00804745,over_utai,0.012339,over_ai,0.000859473,over_ai,0.0145093,countIP,5.70159e+09,countIP0,6.10433e+09,keysum,5.6638e+09,pktSum,2.58246e+10,aggrSum,3.2719e+07,blackkey_num,347414524,feedback,34,feedsumportion,0.560335,finger0,11,finger,15,time,310641,runTime,159.001
line,2604137,total,0.00665903,total0,0.0777345,false,0.00186694,over,0.00665903,false0,0.0217938,over0,0.0777345,overaggr,0.00576853,overcuckoo,0.000890493,over_uai,0.00844056,over_uai,0.0065557,over_utai,0.0080501,over_utai,0.0123115,over_ai,0.000860411,over_ai,0.0144934,countIP,5.72968e+09,countIP0,6.13422e+09,keysum,5.69177e+09,pktSum,2.59933e+10,aggrSum,3.28332e+07,blackkey_num,350118350,feedback,34,feedsumportion,0.560335,finger0,11,finger,15,time,310641,runTime,160.001
line,2620510,total,0.00662974,total0,0.0777049,false,0.00185671,over,0.00662974,false0,0.0217618,over0,0.0777049,overaggr,0.00574352,overcuckoo,0.000886224,over_uai,0.0163058,over_uai,0.00995217,over_utai,0.00810105,over_utai,0.0122977,over_ai,0.000860491,over_ai,0.0144316,countIP,5.7602e+09,countIP0,6.16691e+09,keysum,5.72226e+09,pktSum,2.61547e+10,aggrSum,3.28659e+07,blackkey_num,352335792,feedback,34,feedsumportion,0.802004,finger0,11,finger,15,time,311326,runTime,161.001
line,2636642,total,0.00659259,total0,0.0778195,false,0.00184577,over,0.00659259,false0,0.0217876,over0,0.0778195,overaggr,0.00571071,overcuckoo,0.00088188,over_uai,0.0117966,over_uai,0.00909471,over_utai,0.00812683,over_utai,0.0122798,over_ai,0.000857157,over_ai,0.0143661,countIP,5.7955e+09,countIP0,6.20559e+09,keysum,5.75754e+09,pktSum,2.63219e+10,aggrSum,3.28796e+07,blackkey_num,354688909,feedback,34,feedsumportion,0.802004,finger0,11,finger,15,time,311326,runTime,162.001
line,2652891,total,0.00655695,total0,0.0778644,false,0.00183553,over,0.00655695,false0,0.0217971,over0,0.0778644,overaggr,0.00567978,overcuckoo,0.000877175,over_uai,0.0119212,over_uai,0.00416603,over_utai,0.00814912,over_utai,0.0122288,over_ai,0.000854309,over_ai,0.0142858,countIP,5.83099e+09,countIP0,6.24407e+09,keysum,5.79301e+09,pktSum,2.6487e+10,aggrSum,3.2903e+07,blackkey_num,356847749,feedback,34,feedsumportion,0.802004,finger0,11,finger,15,time,311326,runTime,163.001
line,2669160,total,0.00652125,total0,0.0779555,false,0.00182528,over,0.00652125,false0,0.0218196,over0,0.0779555,overaggr,0.00564848,overcuckoo,0.000872776,over_uai,0.0190178,over_uai,0.00426922,over_utai,0.00821098,over_utai,0.0121728,over_ai,0.000852135,over_ai,0.0141974,countIP,5.86651e+09,countIP0,6.28286e+09,keysum,5.8285e+09,pktSum,2.66522e+10,aggrSum,3.29222e+07,blackkey_num,359238947,feedback,34,feedsumportion,0.802004,finger0,11,finger,15,time,311326,runTime,164.001
line,2685606,total,0.00649093,total0,0.078119,false,0.00181515,over,0.00649093,false0,0.0218455,over0,0.078119,overaggr,0.0056217,overcuckoo,0.000869228,over_uai,0.0150997,over_uai,0.0040692,over_utai,0.00825141,over_utai,0.012126,over_ai,0.00084958,over_ai,0.0141417,countIP,5.89763e+09,countIP0,6.31735e+09,keysum,5.8596e+09,pktSum,2.68134e+10,aggrSum,3.29409e+07,blackkey_num,361396773,feedback,34,feedsumportion,0.802004,finger0,11,finger,15,time,311326,runTime,165.001
line,2702025,total,0.00645883,total0,0.0782324,false,0.00180584,over,0.00645883,false0,0.0218732,over0,0.0782324,overaggr,0.00559409,overcuckoo,0.000864742,over_uai,0.00470038,over_uai,0.0016418,over_utai,0.00822898,over_utai,0.0120669,over_ai,0.000846709,over_ai,0.0140804,countIP,5.93172e+09,countIP0,6.35473e+09,keysum,5.89365e+09,pktSum,2.69731e+10,aggrSum,3.29696e+07,blackkey_num,363685019,feedback,34,feedsumportion,0.493785,finger0,11,finger,15,time,311170,runTime,166.001
line,2718168,total,0.00642815,total0,0.0782792,false,0.00179613,over,0.00642815,false0,0.0218724,over0,0.0782792,overaggr,0.00556751,overcuckoo,0.000860637,over_uai,0.00460915,over_uai,0.00242696,over_utai,0.00820773,over_utai,0.0120075,over_ai,0.000845202,over_ai,0.0140138,countIP,5.96533e+09,countIP0,6.39121e+09,keysum,5.92723e+09,pktSum,2.71402e+10,aggrSum,3.3e+07,blackkey_num,367055635,feedback,34,feedsumportion,0.493785,finger0,11,finger,15,time,311170,runTime,167.001
line,2734403,total,0.00640114,total0,0.0783402,false,0.00178649,over,0.00640114,false0,0.0218639,over0,0.0783402,overaggr,0.00554453,overcuckoo,0.00085661,over_uai,0.00322998,over_uai,0.00332617,over_utai,0.00818011,over_utai,0.0119598,over_ai,0.000843329,over_ai,0.0139596,countIP,5.99638e+09,countIP0,6.42501e+09,keysum,5.95824e+09,pktSum,2.73071e+10,aggrSum,3.30357e+07,blackkey_num,370998057,feedback,34,feedsumportion,0.493785,finger0,11,finger,15,time,311170,runTime,168.001
line,2750611,total,0.00637049,total0,0.0784822,false,0.00177682,over,0.00637049,false0,0.0218898,over0,0.0784822,overaggr,0.00551833,overcuckoo,0.000852156,over_uai,0.00508957,over_uai,0.00420461,over_utai,0.0081626,over_utai,0.0119138,over_ai,0.000841635,over_ai,0.0138883,countIP,6.02944e+09,countIP0,6.46148e+09,keysum,5.99127e+09,pktSum,2.7472e+10,aggrSum,3.30618e+07,blackkey_num,373494856,feedback,34,feedsumportion,0.493785,finger0,11,finger,15,time,311170,runTime,169.001
line,2766673,total,0.00633922,total0,0.078396,false,0.00176695,over,0.00633922,false0,0.0218516,over0,0.078396,overaggr,0.00549147,overcuckoo,0.000847751,over_uai,0.00426171,over_uai,0.00157161,over_utai,0.00813982,over_utai,0.0118531,over_ai,0.000838715,over_ai,0.013818,countIP,6.06227e+09,countIP0,6.49635e+09,keysum,6.02408e+09,pktSum,2.76364e+10,aggrSum,3.30811e+07,blackkey_num,376006384,feedback,34,feedsumportion,0.493785,finger0,11,finger,15,time,311170,runTime,170.001
line,2782618,total,0.00630913,total0,0.0782462,false,0.00175805,over,0.00630913,false0,0.0218035,over0,0.0782462,overaggr,0.00546522,overcuckoo,0.000843912,over_uai,0.0137593,over_uai,0.00165219,over_utai,0.00817336,over_utai,0.0117906,over_ai,0.000837396,over_ai,0.0137441,countIP,6.09753e+09,countIP0,6.53341e+09,keysum,6.0593e+09,pktSum,2.78043e+10,aggrSum,3.31154e+07,blackkey_num,378437932,feedback,35,feedsumportion,0.494251,finger0,11,finger,15,time,313436,runTime,171.001
line,2798928,total,0.00629295,total0,0.0781497,false,0.00175342,over,0.00629295,false0,0.0217751,over0,0.0781497,overaggr,0.00545294,overcuckoo,0.000840015,over_uai,0.0150989,over_uai,0.00495959,over_utai,0.00821454,over_utai,0.0117457,over_ai,0.000836481,over_ai,0.0137031,countIP,6.13431e+09,countIP0,6.57234e+09,keysum,6.09595e+09,pktSum,2.7974e+10,aggrSum,3.32408e+07,blackkey_num,380856110,feedback,35,feedsumportion,0.494251,finger0,11,finger,15,time,313436,runTime,172.001
line,2815104,total,0.00626148,total0,0.0780945,false,0.00174415,over,0.00626148,false0,0.0217534,over0,0.0780945,overaggr,0.00542606,overcuckoo,0.000835415,over_uai,0.0150845,over_uai,0.00125684,over_utai,0.00825451,over_utai,0.0116778,over_ai,0.000834882,over_ai,0.0136313,countIP,6.16952e+09,countIP0,6.60994e+09,keysum,6.13113e+09,pktSum,2.81419e+10,aggrSum,3.32679e+07,blackkey_num,383417116,feedback,35,feedsumportion,0.494251,finger0,11,finger,15,time,313436,runTime,173.001
line,2831160,total,0.00623437,total0,0.0780015,false,0.00173553,over,0.00623437,false0,0.0217142,over0,0.0780015,overaggr,0.00540305,overcuckoo,0.000831314,over_uai,0.0175562,over_uai,0.000993456,over_utai,0.00830731,over_utai,0.0116107,over_ai,0.000838086,over_ai,0.0135673,countIP,6.20297e+09,countIP0,6.64538e+09,keysum,6.16454e+09,pktSum,2.83087e+10,aggrSum,3.33073e+07,blackkey_num,385882127,feedback,35,feedsumportion,0.494251,finger0,11,finger,15,time,313436,runTime,174.001
line,2847715,total,0.00621022,total0,0.0779579,false,0.00172725,over,0.00621022,false0,0.0216824,over0,0.0779579,overaggr,0.00537961,overcuckoo,0.000830602,over_uai,0.0135811,over_uai,0.00281045,over_utai,0.00833496,over_utai,0.0115622,over_ai,0.00083648,over_ai,0.0135085,countIP,6.23489e+09,countIP0,6.67947e+09,keysum,6.19641e+09,pktSum,2.84752e+10,aggrSum,3.33343e+07,blackkey_num,388674354,feedback,35,feedsumportion,0.494251,finger0,11,finger,15,time,313436,runTime,175.001
line,2864456,total,0.00618138,total0,0.0780228,false,0.00171857,over,0.00618138,false0,0.0216922,over0,0.0780228,overaggr,0.00535382,overcuckoo,0.000827563,over_uai,0.00588195,over_uai,0.00119692,over_utai,0.00832201,over_utai,0.0114993,over_ai,0.000836454,over_ai,0.0134336,countIP,6.26904e+09,countIP0,6.71665e+09,keysum,6.23053e+09,pktSum,2.86406e+10,aggrSum,3.33571e+07,blackkey_num,391770056,feedback,34,feedsumportion,0.726988,finger0,11,finger,15,time,309307,runTime,176.001
line,2881234,total,0.00615587,total0,0.0779341,false,0.00171034,over,0.00615587,false0,0.0216532,over0,0.0779341,overaggr,0.00533212,overcuckoo,0.000823751,over_uai,0.00773918,over_uai,0.0015832,over_utai,0.00831844,over_utai,0.011442,over_ai,0.000837811,over_ai,0.0133767,countIP,6.30288e+09,countIP0,6.75252e+09,keysum,6.26431e+09,pktSum,2.88108e+10,aggrSum,3.34021e+07,blackkey_num,393973158,feedback,34,feedsumportion,0.726988,finger0,11,finger,15,time,309307,runTime,177.001
line,2897825,total,0.00612337,total0,0.0779099,false,0.00170182,over,0.00612337,false0,0.0216529,over0,0.0779099,overaggr,0.00530391,overcuckoo,0.000819459,over_uai,0.00510739,over_uai,0.00190355,over_utai,0.00829609,over_utai,0.0113872,over_ai,0.000833165,over_ai,0.0133126,countIP,6.34177e+09,countIP0,6.79426e+09,keysum,6.30318e+09,pktSum,2.89828e+10,aggrSum,3.34315e+07,blackkey_num,396136615,feedback,34,feedsumportion,0.726988,finger0,11,finger,15,time,309307,runTime,178.001
line,2914217,total,0.00609216,total0,0.0777709,false,0.00169309,over,0.00609216,false0,0.0216136,over0,0.0777709,overaggr,0.00527631,overcuckoo,0.000815841,over_uai,0.015045,over_uai,0.00153992,over_utai,0.00833074,over_utai,0.0113185,over_ai,0.000834796,over_ai,0.0132182,countIP,6.38071e+09,countIP0,6.8353e+09,keysum,6.34207e+09,pktSum,2.91624e+10,aggrSum,3.34628e+07,blackkey_num,399181963,feedback,34,feedsumportion,0.726988,finger0,11,finger,15,time,309307,runTime,179.001
line,2931003,total,0.0060679,total0,0.0776264,false,0.00168537,over,0.0060679,false0,0.0215609,over0,0.0776264,overaggr,0.00525499,overcuckoo,0.000812913,over_uai,0.00909139,over_uai,0.00256131,over_utai,0.00833499,over_utai,0.0112669,over_ai,0.000840463,over_ai,0.0131514,countIP,6.41507e+09,countIP0,6.87135e+09,keysum,6.37637e+09,pktSum,2.93335e+10,aggrSum,3.35078e+07,blackkey_num,401953342,feedback,34,feedsumportion,0.726988,finger0,11,finger,15,time,309307,runTime,180.001
line,2947820,total,0.00603926,total0,0.0774976,false,0.00167677,over,0.00603926,false0,0.0215167,over0,0.0774976,overaggr,0.00523002,overcuckoo,0.000809241,over_uai,0.0176792,over_uai,0.0015102,over_utai,0.00838849,over_utai,0.0112137,over_ai,0.000838351,over_ai,0.0130899,countIP,6.44995e+09,countIP0,6.90808e+09,keysum,6.41123e+09,pktSum,2.95027e+10,aggrSum,3.35309e+07,blackkey_num,404333371,feedback,32,feedsumportion,0.633984,finger0,11,finger,15,time,309720,runTime,181.001
line,2964538,total,0.00602482,total0,0.0773012,false,0.0016724,over,0.00602481,false0,0.0214577,over0,0.0773012,overaggr,0.00521885,overcuckoo,0.000805968,over_uai,0.0144347,over_uai,0.00450069,over_utai,0.00842264,over_utai,0.0111706,over_ai,0.000835567,over_ai,0.0130548,countIP,6.48623e+09,countIP0,6.94578e+09,keysum,6.44739e+09,pktSum,2.9674e+10,aggrSum,3.36479e+07,blackkey_num,406776246,feedback,32,feedsumportion,0.633984,finger0,11,finger,15,time,309720,runTime,182.001
line,2981278,total,0.00600977,total0,0.0771753,false,0.00166659,over,0.00600977,false0,0.0214018,over0,0.0771753,overaggr,0.00520673,overcuckoo,0.000803047,over_uai,0.0135044,over_uai,0.00438013,over_utai,0.00845103,over_utai,0.0111319,over_ai,0.000833613,over_ai,0.0130243,countIP,6.51994e+09,countIP0,6.98116e+09,keysum,6.48099e+09,pktSum,2.98516e+10,aggrSum,3.37447e+07,blackkey_num,409461323,feedback,32,feedsumportion,0.633984,finger0,11,finger,15,time,309720,runTime,183.001
line,2998063,total,0.00597798,total0,0.0770174,false,0.00165804,over,0.00597798,false0,0.0213614,over0,0.0770174,overaggr,0.00517855,overcuckoo,0.000799423,over_uai,0.0180007,over_uai,0.00108675,over_utai,0.00850236,over_utai,0.0110632,over_ai,0.000830823,over_ai,0.0129425,countIP,6.55822e+09,countIP0,7.02134e+09,keysum,6.51925e+09,pktSum,3.00241e+10,aggrSum,3.37603e+07,blackkey_num,412173377,feedback,32,feedsumportion,0.633984,finger0,11,finger,15,time,309720,runTime,184.001
line,3014695,total,0.00595116,total0,0.0768416,false,0.00165067,over,0.00595116,false0,0.0213135,over0,0.0768416,overaggr,0.00515364,overcuckoo,0.000797521,over_uai,0.0155956,over_uai,0.00152154,over_utai,0.00854253,over_utai,0.0110075,over_ai,0.000830923,over_ai,0.0128795,countIP,6.59549e+09,countIP0,7.06028e+09,keysum,6.55647e+09,pktSum,3.01945e+10,aggrSum,3.37897e+07,blackkey_num,414489587,feedback,32,feedsumportion,0.633984,finger0,11,finger,15,time,309720,runTime,185.001
line,3031056,total,0.00596559,total0,0.0768843,false,0.00165412,over,0.00596559,false0,0.0213182,over0,0.0768843,overaggr,0.00517145,overcuckoo,0.000794137,over_uai,0.00247406,over_uai,0.0122007,over_utai,0.00850723,over_utai,0.0110132,over_ai,0.000835576,over_ai,0.0129141,countIP,6.63118e+09,countIP0,7.09867e+09,keysum,6.59186e+09,pktSum,3.03654e+10,aggrSum,3.40895e+07,blackkey_num,417522356,feedback,34,feedsumportion,0.78637,finger0,11,finger,15,time,314282,runTime,186.001
line,3047515,total,0.00596992,total0,0.0767951,false,0.00165428,over,0.00596992,false0,0.0212801,over0,0.0767951,overaggr,0.00517841,overcuckoo,0.000791506,over_uai,0.00212832,over_uai,0.0113703,over_utai,0.00847151,over_utai,0.0110145,over_ai,0.000832871,over_ai,0.0129369,countIP,6.66486e+09,countIP0,7.1341e+09,keysum,6.62531e+09,pktSum,3.05345e+10,aggrSum,3.43086e+07,blackkey_num,420135632,feedback,34,feedsumportion,0.78637,finger0,11,finger,15,time,314282,runTime,187.001
line,3063966,total,0.00594617,total0,0.0767024,false,0.00164602,over,0.00594617,false0,0.0212328,over0,0.0767024,overaggr,0.00515831,overcuckoo,0.00078786,over_uai,0.00481196,over_uai,0.00187991,over_utai,0.00845169,over_utai,0.0109726,over_ai,0.000832056,over_ai,0.0128861,countIP,6.69753e+09,countIP0,7.16862e+09,keysum,6.65794e+09,pktSum,3.07093e+10,aggrSum,3.43437e+07,blackkey_num,423079200,feedback,34,feedsumportion,0.78637,finger0,11,finger,15,time,314282,runTime,188.001
line,3080513,total,0.00591692,total0,0.0766672,false,0.00163778,over,0.00591692,false0,0.0212211,over0,0.0766672,overaggr,0.00513245,overcuckoo,0.000784476,over_uai,0.00343731,over_uai,0.00168029,over_utai,0.00842126,over_utai,0.0109215,over_ai,0.000828741,over_ai,0.0128275,countIP,6.73418e+09,countIP0,7.20782e+09,keysum,6.69457e+09,pktSum,3.08806e+10,aggrSum,3.43595e+07,blackkey_num,425856102,feedback,34,feedsumportion,0.78637,finger0,11,finger,15,time,314282,runTime,189.001
line,3096912,total,0.00589955,total0,0.0768622,false,0.00163305,over,0.00589955,false0,0.0212761,over0,0.0768622,overaggr,0.00511901,overcuckoo,0.00078054,over_uai,0.00633865,over_uai,0.00558809,over_utai,0.00840926,over_utai,0.0108905,over_ai,0.000826642,over_ai,0.0127843,countIP,6.77286e+09,countIP0,7.25066e+09,keysum,6.73313e+09,pktSum,3.10573e+10,aggrSum,3.4467e+07,blackkey_num,428189611,feedback,34,feedsumportion,0.78637,finger0,11,finger,15,time,314282,runTime,190.001
line,3113272,total,0.00586835,total0,0.0769298,false,0.00162525,over,0.00586835,false0,0.0213058,over0,0.0769298,overaggr,0.00509189,overcuckoo,0.000776462,over_uai,0.00461577,over_uai,0.000781522,over_utai,0.00838597,over_utai,0.0108285,over_ai,0.000825327,over_ai,0.0127109,countIP,6.81368e+09,countIP0,7.29505e+09,keysum,6.77393e+09,pktSum,3.12329e+10,aggrSum,3.44921e+07,blackkey_num,430990487,feedback,34,feedsumportion,0.89232,finger0,11,finger,15,time,312532,runTime,191.001
line,3129336,total,0.00589959,total0,0.0767625,false,0.00163383,over,0.00589959,false0,0.0212586,over0,0.0767625,overaggr,0.00506786,overcuckoo,0.000831731,over_uai,0.00531736,over_uai,0.0169327,over_utai,0.00836781,over_utai,0.0108618,over_ai,0.000824689,over_ai,0.0127909,countIP,6.85102e+09,countIP0,7.33365e+09,keysum,6.81083e+09,pktSum,3.1404e+10,aggrSum,3.45163e+07,blackkey_num,433693966,feedback,34,feedsumportion,0.89232,finger0,11,finger,15,time,312532,runTime,192.001
line,3145657,total,0.0060072,total0,0.0765963,false,0.00166388,over,0.0060072,false0,0.0212157,over0,0.0765963,overaggr,0.00504443,overcuckoo,0.000962765,over_uai,0.00776855,over_uai,0.0368003,over_utai,0.00836453,over_utai,0.0110056,over_ai,0.000824287,over_ai,0.0130431,countIP,6.88876e+09,countIP0,7.37213e+09,keysum,6.84763e+09,pktSum,3.157e+10,aggrSum,3.45424e+07,blackkey_num,436312965,feedback,34,feedsumportion,0.89232,finger0,11,finger,15,time,312532,runTime,193.001
line,3161658,total,0.00598363,total0,0.0764739,false,0.00165598,over,0.00598363,false0,0.0211642,over0,0.0764739,overaggr,0.00502373,overcuckoo,0.0009599,over_uai,0.00669539,over_uai,0.00181093,over_utai,0.00835603,over_utai,0.010963,over_ai,0.000823891,over_ai,0.012993,countIP,6.92046e+09,countIP0,7.40538e+09,keysum,6.87929e+09,pktSum,3.17367e+10,aggrSum,3.45597e+07,blackkey_num,438752619,feedback,34,feedsumportion,0.89232,finger0,11,finger,15,time,312532,runTime,194.001
line,3177635,total,0.00595988,total0,0.0763879,false,0.0016482,over,0.00595988,false0,0.021125,over0,0.0763879,overaggr,0.00500366,overcuckoo,0.000956213,over_uai,0.00423178,over_uai,0.00133617,over_utai,0.00833429,over_utai,0.0109125,over_ai,0.00082385,over_ai,0.0129393,countIP,6.95385e+09,countIP0,7.4407e+09,keysum,6.91265e+09,pktSum,3.19088e+10,aggrSum,3.45886e+07,blackkey_num,441619549,feedback,34,feedsumportion,0.89232,finger0,11,finger,15,time,312532,runTime,195.001
line,3193968,total,0.00610763,total0,0.0763112,false,0.00168796,over,0.00610763,false0,0.0210901,over0,0.0763112,overaggr,0.00514399,overcuckoo,0.00096364,over_uai,0.0479725,over_uai,0.00185678,over_utai,0.00854721,over_utai,0.0108676,over_ai,0.00111765,over_ai,0.0128899,countIP,6.98817e+09,countIP0,7.47578e+09,keysum,6.94574e+09,pktSum,3.20778e+10,aggrSum,3.57289e+07,blackkey_num,442800335,feedback,35,feedsumportion,0.480451,finger0,11,finger,15,time,310453,runTime,196.001
line,3210045,total,0.00626739,total0,0.0762729,false,0.0017306,over,0.00626739,false0,0.0210611,over0,0.0762729,overaggr,0.00529488,overcuckoo,0.00097251,over_uai,0.0516117,over_uai,0.00158325,over_utai,0.00877128,over_utai,0.0108248,over_ai,0.001428,over_ai,0.0128497,countIP,7.02036e+09,countIP0,7.50876e+09,keysum,6.97663e+09,pktSum,3.22426e+10,aggrSum,3.69405e+07,blackkey_num,443870719,feedback,35,feedsumportion,0.480451,finger0,11,finger,15,time,310453,runTime,197.001
line,3226323,total,0.00644647,total0,0.076154,false,0.00178,over,0.00644647,false0,0.0210276,over0,0.076154,overaggr,0.00546587,overcuckoo,0.000980597,over_uai,0.0530564,over_uai,0.00241292,over_utai,0.00902153,over_utai,0.0107864,over_ai,0.00177311,over_ai,0.0128116,countIP,7.05685e+09,countIP0,7.54562e+09,keysum,7.01165e+09,pktSum,3.24052e+10,aggrSum,3.83248e+07,blackkey_num,445025173,feedback,35,feedsumportion,0.480451,finger0,11,finger,15,time,310453,runTime,198.001
line,3242862,total,0.00663287,total0,0.0762218,false,0.00183067,over,0.00663287,false0,0.0210372,over0,0.0762218,overaggr,0.00563785,overcuckoo,0.00099502,over_uai,0.0658565,over_uai,0.00152414,over_utai,0.00929485,over_utai,0.0107419,over_ai,0.00213384,over_ai,0.0127571,countIP,7.09151e+09,countIP0,7.58175e+09,keysum,7.04478e+09,pktSum,3.25693e+10,aggrSum,3.97174e+07,blackkey_num,445741518,feedback,35,feedsumportion,0.480451,finger0,11,finger,15,time,310453,runTime,199.001
line,3259122,total,0.00681826,total0,0.0761373,false,0.00188202,over,0.00681826,false0,0.0210159,over0,0.0761373,overaggr,0.00581215,overcuckoo,0.00100611,over_uai,0.0640972,over_uai,0.00142583,over_utai,0.00956521,over_utai,0.0106914,over_ai,0.00249576,over_ai,0.0126947,countIP,7.12911e+09,countIP0,7.61995e+09,keysum,7.08083e+09,pktSum,3.27336e+10,aggrSum,4.11549e+07,blackkey_num,447760328,feedback,35,feedsumportion,0.480451,finger0,11,finger,15,time,310453,runTime,200.001
line,3275272,total,0.00679481,total0,0.0760084,false,0.00187502,over,0.00679481,false0,0.0209744,over0,0.0760084,overaggr,0.00578725,overcuckoo,0.00100755,over_uai,0.00532778,over_uai,0.00291606,over_utai,0.00954168,over_utai,0.0106518,over_ai,0.00248692,over_ai,0.0126539,countIP,7.16485e+09,countIP0,7.65741e+09,keysum,7.11649e+09,pktSum,3.29057e+10,aggrSum,4.11849e+07,blackkey_num,450723100,feedback,43,feedsumportion,0.98124,finger0,11,finger,15,time,309623,runTime,201.001
line,3291631,total,0.00676335,total0,0.0758307,false,0.001867,over,0.00676336,false0,0.0209328,over0,0.0758307,overaggr,0.00576027,overcuckoo,0.00100308,over_uai,0.010654,over_uai,0.000908648,over_utai,0.00954798,over_utai,0.0106006,over_ai,0.00247808,over_ai,0.0125956,countIP,7.20292e+09,countIP0,7.69706e+09,keysum,7.15453e+09,pktSum,3.30724e+10,aggrSum,4.1212e+07,blackkey_num,453455897,feedback,43,feedsumportion,0.98124,finger0,11,finger,15,time,309623,runTime,202.001
line,3307763,total,0.00673691,total0,0.0756989,false,0.00185974,over,0.00673691,false0,0.0208968,over0,0.0756988,overaggr,0.00573395,overcuckoo,0.00100296,over_uai,0.00484964,over_uai,0.00266151,over_utai,0.00952262,over_utai,0.010558,over_ai,0.00246783,over_ai,0.0125499,countIP,7.24033e+09,countIP0,7.73629e+09,keysum,7.19188e+09,pktSum,3.32445e+10,aggrSum,4.12379e+07,blackkey_num,456342723,feedback,43,feedsumportion,0.98124,finger0,11,finger,15,time,309623,runTime,203.001
line,3324004,total,0.00670673,total0,0.0756126,false,0.00185117,over,0.00670673,false0,0.0208704,over0,0.0756126,overaggr,0.00570799,overcuckoo,0.000998736,over_uai,0.00440368,over_uai,0.00106796,over_utai,0.00949679,over_utai,0.0105052,over_ai,0.00245784,over_ai,0.0124931,countIP,7.27664e+09,countIP0,7.7747e+09,keysum,7.22816e+09,pktSum,3.34155e+10,aggrSum,4.12583e+07,blackkey_num,458885957,feedback,43,feedsumportion,0.98124,finger0,11,finger,15,time,309623,runTime,204.001
line,3340236,total,0.00667883,total0,0.075543,false,0.00184326,over,0.00667883,false0,0.0208488,over0,0.075543,overaggr,0.00568379,overcuckoo,0.000995042,over_uai,0.00701911,over_uai,0.00171195,over_utai,0.0094835,over_utai,0.0104663,over_ai,0.00244749,over_ai,0.0124489,countIP,7.31142e+09,countIP0,7.81157e+09,keysum,7.26291e+09,pktSum,3.35792e+10,aggrSum,4.12808e+07,blackkey_num,461737669,feedback,43,feedsumportion,0.98124,finger0,11,finger,15,time,309623,runTime,205.001
line,3356416,total,0.00683778,total0,0.0754865,false,0.00188582,over,0.00683778,false0,0.0208188,over0,0.0754865,overaggr,0.00583424,overcuckoo,0.00100354,over_uai,0.0688237,over_uai,0.00131531,over_utai,0.00977174,over_utai,0.0104263,over_ai,0.00275334,over_ai,0.0124124,countIP,7.3442e+09,countIP0,7.84495e+09,keysum,7.29432e+09,pktSum,3.37427e+10,aggrSum,4.25568e+07,blackkey_num,463337649,feedback,36,feedsumportion,0.493458,finger0,11,finger,15,time,307837,runTime,206.001
line,3372937,total,0.00703452,total0,0.075384,false,0.00193955,over,0.00703452,false0,0.0207848,over0,0.075384,overaggr,0.00602246,overcuckoo,0.00101205,over_uai,0.0824655,over_uai,0.000846631,over_utai,0.0101205,over_utai,0.0103788,over_ai,0.00313122,over_ai,0.0123572,countIP,7.38075e+09,countIP0,7.8817e+09,keysum,7.32919e+09,pktSum,3.39113e+10,aggrSum,4.41398e+07,blackkey_num,464675060,feedback,36,feedsumportion,0.493458,finger0,11,finger,15,time,307837,runTime,207.001
line,3389402,total,0.0071879,total0,0.075348,false,0.00198094,over,0.0071879,false0,0.0207654,over0,0.075348,overaggr,0.00616669,overcuckoo,0.00102121,over_uai,0.0676891,over_uai,0.00247452,over_utai,0.0103966,over_utai,0.0103437,over_ai,0.00343035,over_ai,0.0123112,countIP,7.41535e+09,countIP0,7.91717e+09,keysum,7.36243e+09,pktSum,3.40772e+10,aggrSum,4.54018e+07,blackkey_num,466177788,feedback,36,feedsumportion,0.493458,finger0,11,finger,15,time,307837,runTime,208.001
line,3405888,total,0.00735643,total0,0.0753192,false,0.00202678,over,0.00735643,false0,0.0207512,over0,0.0753192,overaggr,0.00632461,overcuckoo,0.00103182,over_uai,0.0680434,over_uai,0.00597345,over_utai,0.0106945,over_utai,0.0103235,over_ai,0.0037531,over_ai,0.01227,countIP,7.45178e+09,countIP0,7.95452e+09,keysum,7.39736e+09,pktSum,3.4247e+10,aggrSum,4.67855e+07,blackkey_num,467695395,feedback,36,feedsumportion,0.493458,finger0,11,finger,15,time,307837,runTime,209.001
line,3422220,total,0.00752577,total0,0.0752309,false,0.00207366,over,0.00752577,false0,0.0207292,over0,0.0752309,overaggr,0.00648027,overcuckoo,0.0010455,over_uai,0.0735586,over_uai,0.0020742,over_utai,0.0110131,over_utai,0.0102825,over_ai,0.00407893,over_ai,0.0122223,countIP,7.49058e+09,countIP0,7.99395e+09,keysum,7.43463e+09,pktSum,3.44165e+10,aggrSum,4.81785e+07,blackkey_num,469180253,feedback,36,feedsumportion,0.493458,finger0,11,finger,15,time,307837,runTime,210.001
line,3438593,total,0.00749949,total0,0.0751638,false,0.00206615,over,0.00749949,false0,0.0207081,over0,0.0751638,overaggr,0.00645519,overcuckoo,0.0010443,over_uai,0.00459236,over_uai,0.00149173,over_utai,0.0109809,over_utai,0.0102372,over_ai,0.00406819,over_ai,0.0121752,countIP,7.52633e+09,countIP0,8.0318e+09,keysum,7.4703e+09,pktSum,3.45852e+10,aggrSum,4.82223e+07,blackkey_num,471561964,feedback,47,feedsumportion,0.981266,finger0,11,finger,15,time,304730,runTime,211.001
line,3454891,total,0.00747467,total0,0.0750722,false,0.00205931,over,0.00747467,false0,0.0206828,over0,0.0750722,overaggr,0.00642991,overcuckoo,0.00104476,over_uai,0.00418097,over_uai,0.00400092,over_utai,0.0109428,over_utai,0.010207,over_ai,0.00405315,over_ai,0.0121442,countIP,7.56341e+09,countIP0,8.07088e+09,keysum,7.50729e+09,pktSum,3.47565e+10,aggrSum,4.82712e+07,blackkey_num,474129553,feedback,47,feedsumportion,0.981266,finger0,11,finger,15,time,304730,runTime,212.001
line,3471195,total,0.00744155,total0,0.0751819,false,0.00205201,over,0.00744155,false0,0.0207314,over0,0.0751819,overaggr,0.00640073,overcuckoo,0.00104082,over_uai,0.00524286,over_uai,0.00148994,over_utai,0.010906,over_utai,0.0101652,over_ai,0.0040357,over_ai,0.0121001,countIP,7.60533e+09,countIP0,8.11671e+09,keysum,7.54915e+09,pktSum,3.4926e+10,aggrSum,4.83201e+07,blackkey_num,476741140,feedback,47,feedsumportion,0.981266,finger0,11,finger,15,time,304730,runTime,213.001
line,3487535,total,0.00741061,total0,0.0752865,false,0.00204548,over,0.00741061,false0,0.0207806,over0,0.0752865,overaggr,0.00637509,overcuckoo,0.00103553,over_uai,0.00584669,over_uai,0.00167037,over_utai,0.0108764,over_utai,0.0101244,over_ai,0.00402341,over_ai,0.0120473,countIP,7.64799e+09,countIP0,8.16329e+09,keysum,7.59174e+09,pktSum,3.50959e+10,aggrSum,4.8398e+07,blackkey_num,479386750,feedback,47,feedsumportion,0.981266,finger0,11,finger,15,time,304730,runTime,214.001
line,3503856,total,0.00739331,total0,0.0752962,false,0.00203974,over,0.00739331,false0,0.0207735,over0,0.0752962,overaggr,0.00636193,overcuckoo,0.00103138,over_uai,0.00894198,over_uai,0.00128854,over_utai,0.0108667,over_utai,0.0100874,over_ai,0.0040284,over_ai,0.0120019,countIP,7.68324e+09,countIP0,8.20112e+09,keysum,7.62685e+09,pktSum,3.52714e+10,aggrSum,4.85215e+07,blackkey_num,481573672,feedback,47,feedsumportion,0.981266,finger0,11,finger,15,time,304730,runTime,215.001
line,3520118,total,0.00737686,total0,0.0755936,false,0.00203438,over,0.00737686,false0,0.0208471,over0,0.0755936,overaggr,0.00634923,overcuckoo,0.00102764,over_uai,0.0171507,over_uai,0.001631,over_utai,0.0108961,over_utai,0.0100523,over_ai,0.0040347,over_ai,0.0119532,countIP,7.71838e+09,countIP0,8.24104e+09,keysum,7.66186e+09,pktSum,3.54445e+10,aggrSum,4.86468e+07,blackkey_num,483433697,feedback,42,feedsumportion,0.700562,finger0,11,finger,15,time,304580,runTime,216.001
line,3536708,total,0.00736737,total0,0.0756758,false,0.00203072,over,0.00736737,false0,0.0208591,over0,0.0756758,overaggr,0.0063434,overcuckoo,0.00102397,over_uai,0.020603,over_uai,0.00186767,over_utai,0.0109381,over_utai,0.0100163,over_ai,0.00405022,over_ai,0.011907,countIP,7.75216e+09,countIP0,8.27782e+09,keysum,7.69546e+09,pktSum,3.56143e+10,aggrSum,4.88154e+07,blackkey_num,485355495,feedback,42,feedsumportion,0.700562,finger0,11,finger,15,time,304580,runTime,217.001
line,3552975,total,0.00734842,total0,0.0757016,false,0.00202586,over,0.00734842,false0,0.0208699,over0,0.0757016,overaggr,0.00632844,overcuckoo,0.00101998,over_uai,0.0202745,over_uai,0.00122584,over_utai,0.0109807,over_utai,0.00997217,over_ai,0.00405508,over_ai,0.0118516,countIP,7.79001e+09,countIP0,8.31859e+09,keysum,7.73318e+09,pktSum,3.57838e+10,aggrSum,4.8939e+07,blackkey_num,487456370,feedback,42,feedsumportion,0.700562,finger0,11,finger,15,time,304580,runTime,218.001
line,3569205,total,0.00733448,total0,0.0759302,false,0.00202181,over,0.00733448,false0,0.0209307,over0,0.0759302,overaggr,0.00631801,overcuckoo,0.00101647,over_uai,0.0169408,over_uai,0.00194289,over_utai,0.0110088,over_utai,0.00993451,over_ai,0.00406609,over_ai,0.0118028,countIP,7.82674e+09,countIP0,8.35971e+09,keysum,7.76975e+09,pktSum,3.5956e+10,aggrSum,4.90893e+07,blackkey_num,489566782,feedback,42,feedsumportion,0.700562,finger0,11,finger,15,time,304580,runTime,219.001
line,3585591,total,0.00733876,total0,0.0760182,false,0.00202192,over,0.00733876,false0,0.020944,over0,0.0760182,overaggr,0.00632552,overcuckoo,0.00101324,over_uai,0.0256029,over_uai,0.00263987,over_utai,0.0110744,over_utai,0.00990365,over_ai,0.00409916,over_ai,0.0117669,countIP,7.85985e+09,countIP0,8.39573e+09,keysum,7.80259e+09,pktSum,3.61228e+10,aggrSum,4.93555e+07,blackkey_num,491664659,feedback,42,feedsumportion,0.700562,finger0,11,finger,15,time,304580,runTime,220.001
line,3601764,total,0.00745883,total0,0.076146,false,0.00205587,over,0.00745883,false0,0.020988,over0,0.076146,overaggr,0.00642414,overcuckoo,0.00103469,over_uai,0.0505097,over_uai,0.00118783,over_utai,0.0112598,over_utai,0.00986101,over_ai,0.00434487,over_ai,0.0117066,countIP,7.90038e+09,countIP0,8.43902e+09,keysum,7.84189e+09,pktSum,3.62928e+10,aggrSum,5.03774e+07,blackkey_num,492672769,feedback,47,feedsumportion,0.834941,finger0,11,finger,15,time,303084,runTime,221.001
line,3618016,total,0.00757783,total0,0.0760922,false,0.00208811,over,0.00757783,false0,0.0209676,over0,0.0760922,overaggr,0.0065208,overcuckoo,0.00105704,over_uai,0.0546893,over_uai,0.00511708,over_utai,0.0114577,over_utai,0.00983998,over_ai,0.00457255,over_ai,0.011674,countIP,7.93668e+09,countIP0,8.47637e+09,keysum,7.87699e+09,pktSum,3.64629e+10,aggrSum,5.13643e+07,blackkey_num,493661941,feedback,47,feedsumportion,0.834941,finger0,11,finger,15,time,303084,runTime,222.001
line,3634377,total,0.00773981,total0,0.0760878,false,0.00213193,over,0.00773981,false0,0.0209584,over0,0.0760878,overaggr,0.00665834,overcuckoo,0.00108147,over_uai,0.0732219,over_uai,0.00253137,over_utai,0.0117295,over_utai,0.00980899,over_ai,0.00487781,over_ai,0.0116343,countIP,7.97156e+09,countIP0,8.51222e+09,keysum,7.91034e+09,pktSum,3.66282e+10,aggrSum,5.26697e+07,blackkey_num,494967233,feedback,47,feedsumportion,0.834941,finger0,11,finger,15,time,303084,runTime,223.001
line,3650453,total,0.00789049,total0,0.0759808,false,0.00217321,over,0.00789049,false0,0.0209268,over0,0.0759808,overaggr,0.00675137,overcuckoo,0.00113911,over_uai,0.0531771,over_uai,0.0120428,over_utai,0.0119169,over_utai,0.00981934,over_ai,0.00510857,over_ai,0.0116723,countIP,8.00882e+09,countIP0,8.54988e+09,keysum,7.94612e+09,pktSum,3.67968e+10,aggrSum,5.36472e+07,blackkey_num,496132486,feedback,47,feedsumportion,0.834941,finger0,11,finger,15,time,303084,runTime,224.001
line,3666292,total,0.00814153,total0,0.0759495,false,0.00224133,over,0.00814153,false0,0.0209086,over0,0.0759495,overaggr,0.00685423,overcuckoo,0.00128731,over_uai,0.0612107,over_uai,0.0361884,over_utai,0.012136,over_utai,0.00995561,over_ai,0.00535846,over_ai,0.0119239,countIP,8.04632e+09,countIP0,8.58752e+09,keysum,7.98134e+09,pktSum,3.69732e+10,aggrSum,5.47059e+07,blackkey_num,497386628,feedback,47,feedsumportion,0.834941,finger0,11,finger,15,time,303084,runTime,225.001
line,3682183,total,0.0082304,total0,0.075918,false,0.00226451,over,0.0082304,false0,0.0208881,over0,0.075918,overaggr,0.00683371,overcuckoo,0.00139668,over_uai,0.0196345,over_uai,0.054069,over_utai,0.0121675,over_utai,0.0101933,over_ai,0.00534773,over_ai,0.012152,countIP,8.08148e+09,countIP0,8.62403e+09,keysum,8.01551e+09,pktSum,3.7148e+10,aggrSum,5.47757e+07,blackkey_num,499624396,feedback,41,feedsumportion,0.9821,finger0,11,finger,15,time,296989,runTime,226.001
line,3698292,total,0.00821295,total0,0.0759765,false,0.00225693,over,0.00821295,false0,0.0208785,over0,0.0759765,overaggr,0.00682077,overcuckoo,0.00139218,over_uai,0.02241,over_uai,0.0364289,over_utai,0.0122087,over_utai,0.0103082,over_ai,0.00533757,over_ai,0.0121268,countIP,8.11185e+09,countIP0,8.65706e+09,keysum,8.04577e+09,pktSum,3.73242e+10,aggrSum,5.48783e+07,blackkey_num,502250816,feedback,41,feedsumportion,0.9821,finger0,11,finger,15,time,296989,runTime,227.001
line,3714315,total,0.00818874,total0,0.0760165,false,0.00224893,over,0.00818873,false0,0.0208769,over0,0.0760165,overaggr,0.00680186,overcuckoo,0.00138688,over_uai,0.0180267,over_uai,0.0473881,over_utai,0.0122332,over_utai,0.0105299,over_ai,0.0053273,over_ai,0.0120816,countIP,8.14646e+09,countIP0,8.69452e+09,keysum,8.08029e+09,pktSum,3.7502e+10,aggrSum,5.4961e+07,blackkey_num,504821589,feedback,41,feedsumportion,0.9821,finger0,11,finger,15,time,296989,runTime,228.001
line,3730176,total,0.00816395,total0,0.0759497,false,0.00224138,over,0.00816395,false0,0.0208517,over0,0.0759497,overaggr,0.00678101,overcuckoo,0.00138294,over_uai,0.0146454,over_uai,0.0518328,over_utai,0.0122437,over_utai,0.0107978,over_ai,0.00531989,over_ai,0.0120319,countIP,8.18371e+09,countIP0,8.73396e+09,keysum,8.11744e+09,pktSum,3.76842e+10,aggrSum,5.50444e+07,blackkey_num,507540373,feedback,41,feedsumportion,0.9821,finger0,11,finger,15,time,296989,runTime,229.001
line,3746373,total,0.00814083,total0,0.0759052,false,0.00223345,over,0.00814083,false0,0.0208247,over0,0.0759052,overaggr,0.00676181,overcuckoo,0.00137901,over_uai,0.016981,over_uai,0.0314269,over_utai,0.0122639,over_utai,0.0109092,over_ai,0.0053088,over_ai,0.0119924,countIP,8.21805e+09,countIP0,8.77044e+09,keysum,8.15169e+09,pktSum,3.78643e+10,aggrSum,5.51202e+07,blackkey_num,509929621,feedback,41,feedsumportion,0.9821,finger0,11,finger,15,time,296989,runTime,230.001
line,3762577,total,0.00825818,total0,0.0758981,false,0.00226351,over,0.00825818,false0,0.0208031,over0,0.0758981,overaggr,0.00686667,overcuckoo,0.00139151,over_uai,0.0555494,over_uai,0.00231724,over_utai,0.0124458,over_utai,0.0108671,over_ai,0.0055384,over_ai,0.0119519,countIP,8.2503e+09,countIP0,8.80378e+09,keysum,8.18272e+09,pktSum,3.80365e+10,aggrSum,5.61881e+07,blackkey_num,511477109,feedback,42,feedsumportion,0.709351,finger0,11,finger,15,time,294890,runTime,231.001
line,3778895,total,0.00837585,total0,0.0758842,false,0.00229496,over,0.00837585,false0,0.0207921,over0,0.0758842,overaggr,0.00697793,overcuckoo,0.00139792,over_uai,0.0582923,over_uai,0.00285274,over_utai,0.012629,over_utai,0.010833,over_ai,0.00576783,over_ai,0.0119121,countIP,8.28412e+09,countIP0,8.83872e+09,keysum,8.21531e+09,pktSum,3.81985e+10,aggrSum,5.73258e+07,blackkey_num,512761097,feedback,42,feedsumportion,0.709351,finger0,11,finger,15,time,294890,runTime,232.001
line,3794734,total,0.00846038,total0,0.0759795,false,0.00231601,over,0.00846038,false0,0.0207992,over0,0.0759795,overaggr,0.00706629,overcuckoo,0.00139408,over_uai,0.0505585,over_uai,0.00180754,over_utai,0.0127943,over_utai,0.0107951,over_ai,0.00593857,over_ai,0.0118779,countIP,8.31691e+09,countIP0,8.87375e+09,keysum,8.24714e+09,pktSum,3.83739e+10,aggrSum,5.82767e+07,blackkey_num,513953154,feedback,42,feedsumportion,0.709351,finger0,11,finger,15,time,294890,runTime,233.001
line,3810705,total,0.00857575,total0,0.0761463,false,0.00234519,over,0.00857575,false0,0.0208235,over0,0.0761463,overaggr,0.00718572,overcuckoo,0.00139003,over_uai,0.0615713,over_uai,0.00207285,over_utai,0.012996,over_utai,0.0107528,over_ai,0.00616194,over_ai,0.0118422,countIP,8.34959e+09,countIP0,8.90898e+09,keysum,8.2786e+09,pktSum,3.85513e+10,aggrSum,5.94877e+07,blackkey_num,515244279,feedback,42,feedsumportion,0.709351,finger0,11,finger,15,time,294890,runTime,234.001
line,3826839,total,0.00864918,total0,0.0760711,false,0.00236424,over,0.00864918,false0,0.0207939,over0,0.0760711,overaggr,0.00726384,overcuckoo,0.00138534,over_uai,0.0459631,over_uai,0.00359792,over_utai,0.0131411,over_utai,0.0107172,over_ai,0.00631833,over_ai,0.0117973,countIP,8.38505e+09,countIP0,8.94554e+09,keysum,8.31315e+09,pktSum,3.87254e+10,aggrSum,6.03854e+07,blackkey_num,516478061,feedback,42,feedsumportion,0.709351,finger0,11,finger,15,time,294890,runTime,235.001
line,3843188,total,0.00862196,total0,0.0759719,false,0.00235777,over,0.00862196,false0,0.0207754,over0,0.0759719,overaggr,0.00724086,overcuckoo,0.0013811,over_uai,0.0178321,over_uai,0.00371551,over_utai,0.0131597,over_utai,0.0106781,over_ai,0.00630845,over_ai,0.0117411,countIP,8.4236e+09,countIP0,8.98608e+09,keysum,8.35159e+09,pktSum,3.88919e+10,aggrSum,6.04727e+07,blackkey_num,518765214,feedback,43,feedsumportion,0.977397,finger0,11,finger,15,time,297875,runTime,236.001
line,3859388,total,0.00859387,total0,0.0758493,false,0.00235,over,0.00859387,false0,0.020741,over0,0.0758493,overaggr,0.00721644,overcuckoo,0.00137743,over_uai,0.0183675,over_uai,0.00337514,over_utai,0.0131826,over_utai,0.0106448,over_ai,0.00629112,over_ai,0.0116986,countIP,8.46048e+09,countIP0,9.02464e+09,keysum,8.38839e+09,pktSum,3.90645e+10,aggrSum,6.05343e+07,blackkey_num,520572391,feedback,43,feedsumportion,0.977397,finger0,11,finger,15,time,297875,runTime,237.001
line,3875748,total,0.00857057,total0,0.0757321,false,0.00234335,over,0.00857057,false0,0.0207065,over0,0.0757321,overaggr,0.00719303,overcuckoo,0.00137754,over_uai,0.0225138,over_uai,0.0107608,over_utai,0.0132277,over_utai,0.0106447,over_ai,0.00627482,over_ai,0.0116681,countIP,8.49725e+09,countIP0,9.06309e+09,keysum,8.42504e+09,pktSum,3.92388e+10,aggrSum,6.06016e+07,blackkey_num,523118441,feedback,43,feedsumportion,0.977397,finger0,11,finger,15,time,297875,runTime,238.001
line,3892744,total,0.00855286,total0,0.0756499,false,0.00233657,over,0.00855286,false0,0.0206669,over0,0.0756499,overaggr,0.00717576,overcuckoo,0.00137711,over_uai,0.0209823,over_uai,0.00515223,over_utai,0.013261,over_utai,0.0106254,over_ai,0.0062664,over_ai,0.0116399,countIP,8.52766e+09,countIP0,9.09499e+09,keysum,8.45534e+09,pktSum,3.94056e+10,aggrSum,6.06735e+07,blackkey_num,525264954,feedback,43,feedsumportion,0.977397,finger0,11,finger,15,time,297875,runTime,239.001
line,3910010,total,0.00855472,total0,0.0756508,false,0.00233549,over,0.00855472,false0,0.0206531,over0,0.0756508,overaggr,0.0071575,overcuckoo,0.00139723,over_uai,0.0254689,over_uai,0.00666462,over_utai,0.0133173,over_utai,0.0106111,over_ai,0.00628743,over_ai,0.0116174,countIP,8.56033e+09,countIP0,9.12982e+09,keysum,8.48772e+09,pktSum,3.95776e+10,aggrSum,6.07508e+07,blackkey_num,527128289,feedback,43,feedsumportion,0.977397,finger0,11,finger,15,time,297875,runTime,240.001
line,3927458,total,0.00867058,total0,0.0755775,false,0.00236674,over,0.00867058,false0,0.0206298,over0,0.0755775,overaggr,0.00727765,overcuckoo,0.00139294,over_uai,0.053557,over_uai,0.033702,over_utai,0.013507,over_utai,0.0106938,over_ai,0.00650544,over_ai,0.0115929,countIP,8.59621e+09,countIP0,9.16641e+09,keysum,8.52232e+09,pktSum,3.97439e+10,aggrSum,6.20224e+07,blackkey_num,528359070,feedback,45,feedsumportion,0.779307,finger0,11,finger,15,time,299017,runTime,241.001
line,3944816,total,0.0088113,total0,0.0755036,false,0.00240425,over,0.0088113,false0,0.0206019,over0,0.0755036,overaggr,0.00742264,overcuckoo,0.00138866,over_uai,0.0479141,over_uai,0.0313617,over_utai,0.0136729,over_utai,0.0107737,over_ai,0.00673409,over_ai,0.0116144,countIP,8.63295e+09,countIP0,9.20367e+09,keysum,8.55754e+09,pktSum,3.992e+10,aggrSum,6.35196e+07,blackkey_num,529156261,feedback,45,feedsumportion,0.779307,finger0,11,finger,15,time,299017,runTime,242.001
line,3962223,total,0.00891079,total0,0.0756018,false,0.00243006,over,0.00891079,false0,0.0206173,over0,0.0756018,overaggr,0.00752613,overcuckoo,0.00138466,over_uai,0.0431586,over_uai,0.034103,over_utai,0.0138048,over_utai,0.010848,over_ai,0.00691801,over_ai,0.0115985,countIP,8.66691e+09,countIP0,9.23981e+09,keysum,8.59036e+09,pktSum,4.00904e+10,aggrSum,6.46521e+07,blackkey_num,529974367,feedback,45,feedsumportion,0.779307,finger0,11,finger,15,time,299017,runTime,243.001
line,3979563,total,0.00899952,total0,0.0756583,false,0.00245338,over,0.00899952,false0,0.0206254,over0,0.0756583,overaggr,0.00761791,overcuckoo,0.00138161,over_uai,0.0425199,over_uai,0.0270533,over_utai,0.0139265,over_utai,0.0109142,over_ai,0.00708471,over_ai,0.0115768,countIP,8.70291e+09,countIP0,9.27786e+09,keysum,8.62529e+09,pktSum,4.02646e+10,aggrSum,6.57067e+07,blackkey_num,530812623,feedback,45,feedsumportion,0.779307,finger0,11,finger,15,time,299017,runTime,244.001
line,3997086,total,0.00912818,total0,0.0755848,false,0.00248876,over,0.00912818,false0,0.0206079,over0,0.0755848,overaggr,0.00775093,overcuckoo,0.00137725,over_uai,0.0700875,over_uai,0.0276292,over_utai,0.0141728,over_utai,0.0109909,over_ai,0.00732504,over_ai,0.0115462,countIP,8.74298e+09,countIP0,9.31875e+09,keysum,8.66389e+09,pktSum,4.04409e+10,aggrSum,6.71532e+07,blackkey_num,531783043,feedback,45,feedsumportion,0.779307,finger0,11,finger,15,time,299017,runTime,245.001
line,4014509,total,0.0091006,total0,0.0756563,false,0.00248045,over,0.0091006,false0,0.0206208,over0,0.0756563,overaggr,0.00772691,overcuckoo,0.00137368,over_uai,0.0171031,over_uai,0.00222852,over_utai,0.0141845,over_utai,0.0109541,over_ai,0.00730515,over_ai,0.0115072,countIP,8.77936e+09,countIP0,9.35841e+09,keysum,8.70018e+09,pktSum,4.06206e+10,aggrSum,6.72255e+07,blackkey_num,534024761,feedback,48,feedsumportion,0.9732,finger0,11,finger,15,time,302165,runTime,246.001
line,4032245,total,0.00907689,total0,0.0756393,false,0.00247333,over,0.00907689,false0,0.0206107,over0,0.0756393,overaggr,0.00770701,overcuckoo,0.00136988,over_uai,0.0213064,over_uai,0.00477261,over_utai,0.014214,over_utai,0.0109282,over_ai,0.00729172,over_ai,0.0114696,countIP,8.81421e+09,countIP0,9.39562e+09,keysum,8.73492e+09,pktSum,4.07913e+10,aggrSum,6.73201e+07,blackkey_num,536590872,feedback,48,feedsumportion,0.9732,finger0,11,finger,15,time,302165,runTime,247.001
line,4049560,total,0.00904663,total0,0.0755206,false,0.00246465,over,0.00904662,false0,0.0205747,over0,0.0755206,overaggr,0.00768082,overcuckoo,0.00136581,over_uai,0.0140783,over_uai,0.0133162,over_utai,0.0142129,over_utai,0.0109371,over_ai,0.00726232,over_ai,0.0114421,countIP,8.85096e+09,countIP0,9.43404e+09,keysum,8.77161e+09,pktSum,4.09682e+10,aggrSum,6.73731e+07,blackkey_num,539302241,feedback,48,feedsumportion,0.9732,finger0,11,finger,15,time,302165,runTime,248.001
line,4066596,total,0.00901985,total0,0.0754018,false,0.00245728,over,0.00901985,false0,0.0205418,over0,0.0754018,overaggr,0.00765697,overcuckoo,0.00136288,over_uai,0.0186656,over_uai,0.0311331,over_utai,0.0142346,over_utai,0.0110171,over_ai,0.007243,over_ai,0.0114061,countIP,8.88932e+09,countIP0,9.47414e+09,keysum,8.80986e+09,pktSum,4.11479e+10,aggrSum,6.74568e+07,blackkey_num,541740855,feedback,48,feedsumportion,0.9732,finger0,11,finger,15,time,302165,runTime,249.001
line,4083672,total,0.00898808,total0,0.0752907,false,0.00244989,over,0.00898808,false0,0.0205221,over0,0.0752907,overaggr,0.00762891,overcuckoo,0.00135917,over_uai,0.0182565,over_uai,0.0507324,over_utai,0.0142567,over_utai,0.0111603,over_ai,0.00721399,over_ai,0.0113765,countIP,8.93233e+09,countIP0,9.51929e+09,keysum,8.85276e+09,pktSum,4.13314e+10,aggrSum,6.75369e+07,blackkey_num,544518082,feedback,48,feedsumportion,0.9732,finger0,11,finger,15,time,302165,runTime,250.001
line,4100744,total,0.00911916,total0,0.0753828,false,0.00248613,over,0.00911916,false0,0.0205514,over0,0.0753828,overaggr,0.00776406,overcuckoo,0.00135511,over_uai,0.0551454,over_uai,0.00247074,over_utai,0.0144754,over_utai,0.0111252,over_ai,0.00746087,over_ai,0.0113484,countIP,8.97442e+09,countIP0,9.56372e+09,keysum,8.89332e+09,pktSum,4.15142e+10,aggrSum,6.90482e+07,blackkey_num,545822596,feedback,48,feedsumportion,0.684777,finger0,11,finger,15,time,304317,runTime,251.001
line,4117758,total,0.00919591,total0,0.0753203,false,0.00250654,over,0.00919591,false0,0.0205301,over0,0.0753203,overaggr,0.00784158,overcuckoo,0.00135434,over_uai,0.0380014,over_uai,0.00269669,over_utai,0.0145942,over_utai,0.0110947,over_ai,0.007611,over_ai,0.0113237,countIP,9.01326e+09,countIP0,9.60383e+09,keysum,8.93113e+09,pktSum,4.16974e+10,aggrSum,7.00342e+07,blackkey_num,546823263,feedback,48,feedsumportion,0.684777,finger0,11,finger,15,time,304317,runTime,252.001
line,4134478,total,0.00930189,total0,0.0751691,false,0.0025357,over,0.00930189,false0,0.0204911,over0,0.0751691,overaggr,0.00795254,overcuckoo,0.00134935,over_uai,0.0455849,over_uai,0.0018422,over_utai,0.0147502,over_utai,0.0110598,over_ai,0.00781592,over_ai,0.0112903,countIP,9.05493e+09,countIP0,9.64586e+09,keysum,8.97148e+09,pktSum,4.18822e+10,aggrSum,7.13461e+07,blackkey_num,547850843,feedback,48,feedsumportion,0.684777,finger0,11,finger,15,time,304317,runTime,253.001
line,4151170,total,0.00937927,total0,0.0750927,false,0.00255631,over,0.00937927,false0,0.0204665,over0,0.0750927,overaggr,0.00803303,overcuckoo,0.00134624,over_uai,0.0392809,over_uai,0.00227529,over_utai,0.0148643,over_utai,0.0110274,over_ai,0.00797099,over_ai,0.0112589,countIP,9.09357e+09,countIP0,9.68559e+09,keysum,9.00907e+09,pktSum,4.20639e+10,aggrSum,7.23701e+07,blackkey_num,548897900,feedback,48,feedsumportion,0.684777,finger0,11,finger,15,time,304317,runTime,254.001
line,4168091,total,0.00950616,total0,0.0750692,false,0.00258915,over,0.00950616,false0,0.0204463,over0,0.0750692,overaggr,0.00816338,overcuckoo,0.00134279,over_uai,0.0572898,over_uai,0.00259322,over_utai,0.01504,over_utai,0.0109992,over_ai,0.00820411,over_ai,0.0112344,countIP,9.12746e+09,countIP0,9.72025e+09,keysum,9.04151e+09,pktSum,4.22378e+10,aggrSum,7.38093e+07,blackkey_num,550002709,feedback,48,feedsumportion,0.684777,finger0,11,finger,15,time,304317,runTime,255.001
line,4184981,total,0.0094781,total0,0.0751849,false,0.00258066,over,0.0094781,false0,0.0204711,over0,0.0751849,overaggr,0.00813926,overcuckoo,0.00133884,over_uai,0.0194153,over_uai,0.0208872,over_utai,0.0150591,over_utai,0.0110354,over_ai,0.00817549,over_ai,0.0112097,countIP,9.1628e+09,countIP0,9.75921e+09,keysum,9.07677e+09,pktSum,4.24134e+10,aggrSum,7.38782e+07,blackkey_num,552377018,feedback,44,feedsumportion,0.979448,finger0,11,finger,15,time,299120,runTime,256.001
line,4201494,total,0.00944999,total0,0.0751993,false,0.00257166,over,0.00944999,false0,0.0204642,over0,0.0751993,overaggr,0.00811475,overcuckoo,0.00133523,over_uai,0.0197895,over_uai,0.0203571,over_utai,0.0150785,over_utai,0.0110724,over_ai,0.00814876,over_ai,0.0111812,countIP,9.198e+09,countIP0,9.7971e+09,keysum,9.11189e+09,pktSum,4.25951e+10,aggrSum,7.39408e+07,blackkey_num,554651045,feedback,44,feedsumportion,0.979448,finger0,11,finger,15,time,299120,runTime,257.001
line,4218116,total,0.00942357,total0,0.0752676,false,0.00256388,over,0.00942357,false0,0.0204781,over0,0.0752676,overaggr,0.00809042,overcuckoo,0.00133315,over_uai,0.0159938,over_uai,0.0191146,over_utai,0.0150809,over_utai,0.0111077,over_ai,0.00812933,over_ai,0.0111444,countIP,9.2357e+09,countIP0,9.83814e+09,keysum,9.14948e+09,pktSum,4.27785e+10,aggrSum,7.40231e+07,blackkey_num,557188373,feedback,44,feedsumportion,0.979448,finger0,11,finger,15,time,299120,runTime,258.001
line,4235026,total,0.00940405,total0,0.0752945,false,0.00255726,over,0.00940405,false0,0.0204749,over0,0.0752945,overaggr,0.00807366,overcuckoo,0.00133039,over_uai,0.0156402,over_uai,0.0205991,over_utai,0.0150817,over_utai,0.0111518,over_ai,0.00811096,over_ai,0.0111236,countIP,9.27002e+09,countIP0,9.87514e+09,keysum,9.18366e+09,pktSum,4.29556e+10,aggrSum,7.41458e+07,blackkey_num,559887241,feedback,44,feedsumportion,0.979448,finger0,11,finger,15,time,299120,runTime,259.001
line,4251459,total,0.00938033,total0,0.075242,false,0.0025497,over,0.00938033,false0,0.0204518,over0,0.0752421,overaggr,0.00805331,overcuckoo,0.00132701,over_uai,0.0208142,over_uai,0.0166101,over_utai,0.0151054,over_utai,0.011178,over_ai,0.00809778,over_ai,0.0110842,countIP,9.30742e+09,countIP0,9.91472e+09,keysum,9.22092e+09,pktSum,4.31446e+10,aggrSum,7.4259e+07,blackkey_num,561892546,feedback,44,feedsumportion,0.979448,finger0,11,finger,15,time,299120,runTime,260.001
line,4268084,total,0.0095003,total0,0.0752161,false,0.00258093,over,0.00950031,false0,0.0204338,over0,0.0752161,overaggr,0.00817685,overcuckoo,0.00132345,over_uai,0.0475541,over_uai,0.00861741,over_utai,0.015262,over_utai,0.011167,over_ai,0.00832405,over_ai,0.01105,countIP,9.34386e+09,countIP0,9.95212e+09,keysum,9.25592e+09,pktSum,4.33266e+10,aggrSum,7.56843e+07,blackkey_num,563055799,feedback,46,feedsumportion,0.729273,finger0,11,finger,15,time,301996,runTime,261.001
line,4284900,total,0.0096232,total0,0.0751291,false,0.00261338,over,0.0096232,false0,0.0204028,over0,0.0751291,overaggr,0.00830329,overcuckoo,0.00131991,over_uai,0.0556663,over_uai,0.0103126,over_utai,0.0154285,over_utai,0.0111629,over_ai,0.00855248,over_ai,0.0110203,countIP,9.38121e+09,countIP0,9.98988e+09,keysum,9.29179e+09,pktSum,4.35069e+10,aggrSum,7.71525e+07,blackkey_num,564137285,feedback,46,feedsumportion,0.729273,finger0,11,finger,15,time,301996,runTime,262.001
line,4301525,total,0.00974289,total0,0.0751226,false,0.00264484,over,0.00974289,false0,0.0203931,over0,0.0751226,overaggr,0.00842732,overcuckoo,0.00131557,over_uai,0.0600517,over_uai,0.0135995,over_utai,0.0155961,over_utai,0.0111715,over_ai,0.00877912,over_ai,0.0109844,countIP,9.41739e+09,countIP0,1.00272e+10,keysum,9.32653e+09,pktSum,4.36829e+10,aggrSum,7.85976e+07,blackkey_num,565193006,feedback,46,feedsumportion,0.729273,finger0,11,finger,15,time,301996,runTime,263.001
line,4318016,total,0.00984752,total0,0.0751481,false,0.00267219,over,0.00984752,false0,0.0203919,over0,0.0751481,overaggr,0.00853642,overcuckoo,0.00131111,over_uai,0.0496868,over_uai,0.0102248,over_utai,0.0157362,over_utai,0.011168,over_ai,0.00897469,over_ai,0.0109574,countIP,9.45384e+09,countIP0,1.00652e+10,keysum,9.36165e+09,pktSum,4.38612e+10,aggrSum,7.9915e+07,blackkey_num,566058153,feedback,46,feedsumportion,0.729273,finger0,11,finger,15,time,301996,runTime,264.001
line,4334819,total,0.00995144,total0,0.0751013,false,0.00269937,over,0.00995144,false0,0.0203715,over0,0.0751013,overaggr,0.00864449,overcuckoo,0.00130696,over_uai,0.0506964,over_uai,0.0108915,over_utai,0.0158749,over_utai,0.0111669,over_ai,0.00916902,over_ai,0.0109305,countIP,9.4901e+09,countIP0,1.01023e+10,keysum,9.39659e+09,pktSum,4.40379e+10,aggrSum,8.12287e+07,blackkey_num,566889377,feedback,46,feedsumportion,0.729273,finger0,11,finger,15,time,301996,runTime,265.001
line,4351546,total,0.00994467,total0,0.0750989,false,0.00269745,over,0.00994467,false0,0.0203703,over0,0.0750989,overaggr,0.00863491,overcuckoo,0.00130976,over_uai,0.00732817,over_uai,0.0279677,over_utai,0.0158369,over_utai,0.0112286,over_ai,0.00915432,over_ai,0.010936,countIP,9.52813e+09,countIP0,1.01428e+10,keysum,9.4343e+09,pktSum,4.42157e+10,aggrSum,8.14643e+07,blackkey_num,568727490,feedback,45,feedsumportion,0.979333,finger0,11,finger,15,time,302647,runTime,266.001
line,4368282,total,0.00994042,total0,0.0750903,false,0.00269546,over,0.00994042,false0,0.0203616,over0,0.0750903,overaggr,0.0086342,overcuckoo,0.00130622,over_uai,0.00316288,over_uai,0.0356218,over_utai,0.0157821,over_utai,0.0113069,over_ai,0.00912664,over_ai,0.0109663,countIP,9.56333e+09,countIP0,1.01802e+10,keysum,9.4692e+09,pktSum,4.43901e+10,aggrSum,8.1759e+07,blackkey_num,570625906,feedback,45,feedsumportion,0.979333,finger0,11,finger,15,time,302647,runTime,267.001
line,4385031,total,0.00996002,total0,0.0750831,false,0.00269977,over,0.00996002,false0,0.0203521,over0,0.0750831,overaggr,0.0086572,overcuckoo,0.00130282,over_uai,0.00247949,over_uai,0.0563165,over_utai,0.015723,over_utai,0.011445,over_ai,0.00909374,over_ai,0.0110651,countIP,9.59882e+09,countIP0,1.02178e+10,keysum,9.50416e+09,pktSum,4.4567e+10,aggrSum,8.22794e+07,blackkey_num,572712006,feedback,45,feedsumportion,0.979333,finger0,11,finger,15,time,302647,runTime,268.001
line,4401576,total,0.00993967,total0,0.0751744,false,0.00269359,over,0.00993967,false0,0.0203718,over0,0.0751744,overaggr,0.00864021,overcuckoo,0.00129946,over_uai,0.00565525,over_uai,0.0366749,over_utai,0.0156813,over_utai,0.0115309,over_ai,0.00906975,over_ai,0.0110516,countIP,9.6342e+09,countIP0,1.02565e+10,keysum,9.53938e+09,pktSum,4.47409e+10,aggrSum,8.24222e+07,blackkey_num,574829381,feedback,45,feedsumportion,0.979333,finger0,11,finger,15,time,302647,runTime,269.001
line,4417959,total,0.00991481,total0,0.0751373,false,0.00268805,over,0.00991481,false0,0.0203708,over0,0.0751373,overaggr,0.00861965,overcuckoo,0.00129517,over_uai,0.00465853,over_uai,0.0364087,over_utai,0.0156313,over_utai,0.0116241,over_ai,0.00904455,over_ai,0.0110291,countIP,9.6755e+09,countIP0,1.03004e+10,keysum,9.58051e+09,pktSum,4.4918e+10,aggrSum,8.25806e+07,blackkey_num,576978061,feedback,45,feedsumportion,0.979333,finger0,11,finger,15,time,302647,runTime,270.001
line,4434163,total,0.0100153,total0,0.0750354,false,0.0027152,over,0.0100153,false0,0.0203424,over0,0.0750354,overaggr,0.00872488,overcuckoo,0.00129047,over_uai,0.0459902,over_uai,0.00904666,over_utai,0.0157749,over_utai,0.0116136,over_ai,0.00923661,over_ai,0.010997,countIP,9.7155e+09,countIP0,1.03409e+10,keysum,9.61916e+09,pktSum,4.51006e+10,aggrSum,8.3926e+07,blackkey_num,577735309,feedback,45,feedsumportion,0.899774,finger0,11,finger,15,time,299308,runTime,271.001
line,4450772,total,0.0101219,total0,0.0750223,false,0.00274478,over,0.0101219,false0,0.0203439,over0,0.0750223,overaggr,0.00883509,overcuckoo,0.00128685,over_uai,0.0499337,over_uai,0.00766162,over_utai,0.0159407,over_utai,0.0115982,over_ai,0.00943821,over_ai,0.010965,countIP,9.75738e+09,countIP0,1.03843e+10,keysum,9.65961e+09,pktSum,4.52814e+10,aggrSum,8.53435e+07,blackkey_num,578644044,feedback,45,feedsumportion,0.899774,finger0,11,finger,15,time,299308,runTime,272.001
line,4467315,total,0.0102112,total0,0.074952,false,0.00277055,over,0.0102112,false0,0.0203363,over0,0.074952,overaggr,0.00892922,overcuckoo,0.00128199,over_uai,0.0419543,over_uai,0.0168107,over_utai,0.0160641,over_utai,0.0116153,over_ai,0.00960891,over_ai,0.0109354,countIP,9.80049e+09,countIP0,1.04286e+10,keysum,9.70143e+09,pktSum,4.54572e+10,aggrSum,8.66262e+07,blackkey_num,579407767,feedback,45,feedsumportion,0.899774,finger0,11,finger,15,time,299308,runTime,273.001
line,4483841,total,0.0103238,total0,0.0750887,false,0.00280178,over,0.0103238,false0,0.0203783,over0,0.0750887,overaggr,0.00904537,overcuckoo,0.00127846,over_uai,0.0498615,over_uai,0.0168405,over_utai,0.0162011,over_utai,0.0116347,over_ai,0.00980059,over_ai,0.0109315,countIP,9.84116e+09,countIP0,1.0472e+10,keysum,9.7406e+09,pktSum,4.56321e+10,aggrSum,8.81073e+07,blackkey_num,580240550,feedback,45,feedsumportion,0.899774,finger0,11,finger,15,time,299308,runTime,274.001
line,4500449,total,0.0104075,total0,0.0752715,false,0.00282401,over,0.0104075,false0,0.0204245,over0,0.0752715,overaggr,0.00913306,overcuckoo,0.00127439,over_uai,0.0497708,over_uai,0.0122222,over_utai,0.0163306,over_utai,0.011636,over_ai,0.00995667,over_ai,0.0109082,countIP,9.87883e+09,countIP0,1.0513e+10,keysum,9.77707e+09,pktSum,4.5809e+10,aggrSum,8.92946e+07,blackkey_num,581226111,feedback,45,feedsumportion,0.899774,finger0,11,finger,15,time,299308,runTime,275.001
line,4516901,total,0.0104006,total0,0.0754626,false,0.00282141,over,0.0104006,false0,0.020471,over0,0.0754626,overaggr,0.00913,overcuckoo,0.00127063,over_uai,0.012297,over_uai,0.0308812,over_utai,0.0163152,over_utai,0.0117011,over_ai,0.00993193,over_ai,0.0109271,countIP,9.91524e+09,countIP0,1.05537e+10,keysum,9.81317e+09,pktSum,4.59877e+10,aggrSum,8.95943e+07,blackkey_num,583543778,feedback,45,feedsumportion,0.97863,finger0,11,finger,15,time,298628,runTime,276.001
line,4533723,total,0.0103737,total0,0.0756613,false,0.00281379,over,0.0103737,false0,0.0205225,over0,0.0756613,overaggr,0.00910641,overcuckoo,0.00126733,over_uai,0.0197369,over_uai,0.0241814,over_utai,0.0163289,over_utai,0.0117384,over_ai,0.00990118,over_ai,0.0109061,countIP,9.95125e+09,countIP0,1.05943e+10,keysum,9.84907e+09,pktSum,4.61602e+10,aggrSum,8.96897e+07,blackkey_num,586177600,feedback,45,feedsumportion,0.97863,finger0,11,finger,15,time,298628,runTime,277.001
line,4550522,total,0.0103434,total0,0.0756855,false,0.00280595,over,0.0103434,false0,0.0205319,over0,0.0756855,overaggr,0.00908015,overcuckoo,0.00126323,over_uai,0.0205165,over_uai,0.0209594,over_utai,0.0163457,over_utai,0.01177,over_ai,0.00987194,over_ai,0.0108736,countIP,9.98992e+09,countIP0,1.0636e+10,keysum,9.88765e+09,pktSum,4.63359e+10,aggrSum,8.97813e+07,blackkey_num,588601667,feedback,45,feedsumportion,0.97863,finger0,11,finger,15,time,298628,runTime,278.001
line,4567206,total,0.010315,total0,0.0755941,false,0.00279758,over,0.010315,false0,0.0205022,over0,0.0755941,overaggr,0.00905552,overcuckoo,0.00125948,over_uai,0.0161465,over_uai,0.0260913,over_utai,0.016344,over_utai,0.0118123,over_ai,0.00984199,over_ai,0.0108476,countIP,1.00266e+10,countIP0,1.06744e+10,keysum,9.92419e+09,pktSum,4.65158e+10,aggrSum,8.98686e+07,blackkey_num,590664412,feedback,45,feedsumportion,0.97863,finger0,11,finger,15,time,298628,runTime,279.001
line,4584080,total,0.0102933,total0,0.0755025,false,0.00279034,over,0.0102933,false0,0.0204675,over0,0.0755025,overaggr,0.00903583,overcuckoo,0.00125746,over_uai,0.015992,over_uai,0.0282884,over_utai,0.0163419,over_utai,0.0118634,over_ai,0.0098192,over_ai,0.010827,countIP,1.00604e+10,countIP0,1.07097e+10,keysum,9.95786e+09,pktSum,4.66914e+10,aggrSum,8.99776e+07,blackkey_num,593026261,feedback,45,feedsumportion,0.97863,finger0,11,finger,15,time,298628,runTime,280.001
line,4600665,total,0.0104167,total0,0.0755285,false,0.00282266,over,0.0104167,false0,0.0204663,over0,0.0755285,overaggr,0.00916229,overcuckoo,0.00125442,over_uai,0.0619725,over_uai,0.0352234,over_utai,0.0165111,over_utai,0.0119372,over_ai,0.0100461,over_ai,0.0107975,countIP,1.00974e+10,countIP0,1.07481e+10,keysum,9.99328e+09,pktSum,4.68723e+10,aggrSum,9.15613e+07,blackkey_num,594267847,feedback,46,feedsumportion,0.81588,finger0,11,finger,15,time,304053,runTime,281.001
line,4617049,total,0.0105215,total0,0.0755162,false,0.00284835,over,0.0105215,false0,0.0204436,over0,0.0755162,overaggr,0.00926767,overcuckoo,0.00125379,over_uai,0.0536903,over_uai,0.033178,over_utai,0.0166518,over_utai,0.0120016,over_ai,0.0102322,over_ai,0.0107816,countIP,1.01303e+10,countIP0,1.07819e+10,keysum,1.00249e+10,pktSum,4.70556e+10,aggrSum,9.29072e+07,blackkey_num,595393146,feedback,46,feedsumportion,0.81588,finger0,11,finger,15,time,304053,runTime,282.001
line,4634037,total,0.0106873,total0,0.0754242,false,0.00289281,over,0.0106873,false0,0.0204156,over0,0.0754242,overaggr,0.00943553,overcuckoo,0.00125179,over_uai,0.0686758,over_uai,0.0215682,over_utai,0.0168704,over_utai,0.0120312,over_ai,0.0105255,over_ai,0.0107583,countIP,1.01694e+10,countIP0,1.08208e+10,keysum,1.00619e+10,pktSum,4.7235e+10,aggrSum,9.49393e+07,blackkey_num,596575957,feedback,46,feedsumportion,0.81588,finger0,11,finger,15,time,304053,runTime,283.001
line,4650645,total,0.0109747,total0,0.075335,false,0.00297023,over,0.0109747,false0,0.020389,over0,0.075335,overaggr,0.00972467,overcuckoo,0.00124998,over_uai,0.113153,over_uai,0.0167626,over_utai,0.0172625,over_utai,0.0120438,over_ai,0.0110213,over_ai,0.0107362,countIP,1.02087e+10,countIP0,1.08586e+10,keysum,1.00979e+10,pktSum,4.74084e+10,aggrSum,9.81986e+07,blackkey_num,597799479,feedback,46,feedsumportion,0.81588,finger0,11,finger,15,time,304053,runTime,284.001
line,4667354,total,0.0112867,total0,0.0752871,false,0.0030531,over,0.0112867,false0,0.0203655,over0,0.0752871,overaggr,0.0100385,overcuckoo,0.0012482,over_uai,0.137019,over_uai,0.0243097,over_utai,0.0176981,over_utai,0.0120759,over_ai,0.0115564,over_ai,0.0107161,countIP,1.02445e+10,countIP0,1.08928e+10,keysum,1.01301e+10,pktSum,4.75791e+10,aggrSum,1.01691e+08,blackkey_num,598831310,feedback,46,feedsumportion,0.81588,finger0,11,finger,15,time,304053,runTime,285.001
line,4683847,total,0.0112569,total0,0.0752,false,0.0030436,over,0.0112569,false0,0.0203323,over0,0.0752,overaggr,0.0100116,overcuckoo,0.00124529,over_uai,0.00965584,over_uai,0.0245884,over_utai,0.0176682,over_utai,0.0121145,over_ai,0.0115232,over_ai,0.0106904,countIP,1.02782e+10,countIP0,1.09281e+10,keysum,1.01638e+10,pktSum,4.77551e+10,aggrSum,1.01756e+08,blackkey_num,603913650,feedback,46,feedsumportion,0.987317,finger0,11,finger,15,time,302599,runTime,286.001
line,4700781,total,0.0112312,total0,0.0751193,false,0.0030358,over,0.0112312,false0,0.0203048,over0,0.0751193,overaggr,0.00998764,overcuckoo,0.00124357,over_uai,0.00898967,over_uai,0.0284577,over_utai,0.0176354,over_utai,0.0121585,over_ai,0.0114907,over_ai,0.0106737,countIP,1.03125e+10,countIP0,1.09641e+10,keysum,1.0198e+10,pktSum,4.79264e+10,aggrSum,1.01854e+08,blackkey_num,608197056,feedback,46,feedsumportion,0.987317,finger0,11,finger,15,time,302599,runTime,287.001
line,4717504,total,0.0112031,total0,0.0750414,false,0.00302826,over,0.0112031,false0,0.020284,over0,0.0750414,overaggr,0.00996162,overcuckoo,0.00124151,over_uai,0.0090626,over_uai,0.0183159,over_utai,0.0176017,over_utai,0.0121807,over_ai,0.0114653,over_ai,0.0106409,countIP,1.03497e+10,countIP0,1.10031e+10,keysum,1.0235e+10,pktSum,4.80999e+10,aggrSum,1.01958e+08,blackkey_num,613437222,feedback,46,feedsumportion,0.987317,finger0,11,finger,15,time,302599,runTime,288.001
line,4734147,total,0.0111752,total0,0.0749987,false,0.00302086,over,0.0111752,false0,0.0202736,over0,0.0749987,overaggr,0.00993621,overcuckoo,0.00123898,over_uai,0.00714269,over_uai,0.0233026,over_utai,0.0175568,over_utai,0.0122141,over_ai,0.0114354,over_ai,0.0106147,countIP,1.03874e+10,countIP0,1.10431e+10,keysum,1.02726e+10,pktSum,4.82746e+10,aggrSum,1.02071e+08,blackkey_num,618681644,feedback,46,feedsumportion,0.987317,finger0,11,finger,15,time,302599,runTime,289.001
line,4750733,total,0.0111412,total0,0.0748866,false,0.00301243,over,0.0111412,false0,0.0202482,over0,0.0748866,overaggr,0.0099055,overcuckoo,0.00123573,over_uai,0.00879642,over_uai,0.0188388,over_utai,0.0175188,over_utai,0.0122381,over_ai,0.0113991,over_ai,0.0105836,countIP,1.04283e+10,countIP0,1.10858e+10,keysum,1.03134e+10,pktSum,4.84569e+10,aggrSum,1.0216e+08,blackkey_num,623084206,feedback,46,feedsumportion,0.987317,finger0,11,finger,15,time,302599,runTime,290.001
line,4767663,total,0.011508,total0,0.0748213,false,0.00311118,over,0.011508,false0,0.0202279,over0,0.0748213,overaggr,0.0102756,overcuckoo,0.00123242,over_uai,0.160533,over_uai,0.0125145,over_utai,0.0180605,over_utai,0.0122388,over_ai,0.0120319,over_ai,0.0105528,countIP,1.04685e+10,countIP0,1.11237e+10,keysum,1.03494e+10,pktSum,4.86309e+10,aggrSum,1.06346e+08,blackkey_num,624256815,feedback,49,feedsumportion,0.732397,finger0,11,finger,15,time,302276,runTime,291.001
line,4784400,total,0.0117327,total0,0.0747836,false,0.00317233,over,0.0117327,false0,0.0202204,over0,0.0747836,overaggr,0.0105026,overcuckoo,0.00123009,over_uai,0.100597,over_uai,0.0114388,over_utai,0.0183968,over_utai,0.0122355,over_ai,0.0124192,over_ai,0.010533,countIP,1.05099e+10,countIP0,1.11648e+10,keysum,1.0388e+10,pktSum,4.88072e+10,aggrSum,1.09101e+08,blackkey_num,625441689,feedback,49,feedsumportion,0.732397,finger0,11,finger,15,time,302276,runTime,292.001
line,4801363,total,0.011903,total0,0.0747,false,0.00321769,over,0.011903,false0,0.0201933,over0,0.0747,overaggr,0.010674,overcuckoo,0.00122909,over_uai,0.0998544,over_uai,0.0133257,over_utai,0.0186884,over_utai,0.012239,over_ai,0.0127061,over_ai,0.010528,countIP,1.05463e+10,countIP0,1.12008e+10,keysum,1.04222e+10,pktSum,4.89768e+10,aggrSum,1.11247e+08,blackkey_num,626573391,feedback,49,feedsumportion,0.732397,finger0,11,finger,15,time,302276,runTime,293.001
line,4818080,total,0.0121166,total0,0.0748071,false,0.00327467,over,0.0121166,false0,0.0202176,over0,0.0748071,overaggr,0.0108909,overcuckoo,0.00122571,over_uai,0.103016,over_uai,0.0177576,over_utai,0.0190522,over_utai,0.0122556,over_ai,0.0130737,over_ai,0.0105078,countIP,1.05852e+10,countIP0,1.12409e+10,keysum,1.04585e+10,pktSum,4.91561e+10,aggrSum,1.13903e+08,blackkey_num,628281996,feedback,49,feedsumportion,0.732397,finger0,11,finger,15,time,302276,runTime,294.001
line,4835105,total,0.0124055,total0,0.0748001,false,0.00335242,over,0.0124055,false0,0.0202137,over0,0.0748001,overaggr,0.0111812,overcuckoo,0.00122427,over_uai,0.130771,over_uai,0.0159038,over_utai,0.0194918,over_utai,0.0122643,over_ai,0.0135672,over_ai,0.0104866,countIP,1.06236e+10,countIP0,1.12783e+10,keysum,1.04934e+10,pktSum,4.9324e+10,aggrSum,1.17329e+08,blackkey_num,629708269,feedback,49,feedsumportion,0.732397,finger0,11,finger,15,time,302276,runTime,295.001
line,4851933,total,0.0123674,total0,0.0747067,false,0.00334262,over,0.0123674,false0,0.0201914,over0,0.0747067,overaggr,0.0111468,overcuckoo,0.00122065,over_uai,0.00252349,over_uai,0.0234757,over_utai,0.0194228,over_utai,0.0122955,over_ai,0.0135165,over_ai,0.0104639,countIP,1.06614e+10,countIP0,1.13179e+10,keysum,1.05312e+10,pktSum,4.94957e+10,aggrSum,1.17389e+08,blackkey_num,634408300,feedback,46,feedsumportion,0.991036,finger0,11,finger,15,time,301797,runTime,296.001
line,4864200,total,0.0123502,total0,0.0746439,false,0.00333838,over,0.0123502,false0,0.020177,over0,0.0746439,overaggr,0.011131,overcuckoo,0.00121922,over_uai,0.00385884,over_uai,0.0233525,over_utai,0.0193898,over_utai,0.0123146,over_ai,0.0134927,over_ai,0.0104548,countIP,1.06823e+10,countIP0,1.13396e+10,keysum,1.0552e+10,pktSum,4.95884e+10,aggrSum,1.17453e+08,blackkey_num,637219413,feedback,46,feedsumportion,0.991036,finger0,11,finger,15,time,301797,runTime,296.555
line,4881799,total,0.0123255,total0,0.0746244,false,0.00135109,over,0.00500014,false0,0.0186042,over0,0.0688506,overaggr,0.0111092,overcuckoo,0.00121632,over_uai,0.0075893,over_uai,0.0262645,over_utai,0.0193478,over_utai,0.0123559,over_ai,0.013467,over_ai,0.0104302,countIP,1.0718e+10,countIP0,1.13776e+10,keysum,1.05875e+10,pktSum,4.97555e+10,aggrSum,1.17619e+08,blackkey_num,4010729,feedback,46,feedsumportion,0.991036,finger0,11,finger,15,time,301797,runTime,297.555
line,4899125,total,0.0122973,total0,0.0746117,false,0.00115163,over,0.00438582,false0,0.0183306,over0,0.0698096,overaggr,0.0110828,overcuckoo,0.00121449,over_uai,0.00882355,over_uai,0.0233836,over_utai,0.0193116,over_utai,0.0123899,over_ai,0.0134342,over_ai,0.0104081,countIP,1.07531e+10,countIP0,1.14151e+10,keysum,1.06225e+10,pktSum,4.99276e+10,aggrSum,1.17727e+08,blackkey_num,8250926,feedback,46,feedsumportion,0.991036,finger0,11,finger,15,time,301797,runTime,298.555
line,4916345,total,0.0122743,total0,0.0745576,false,0.00124083,over,0.00475814,false0,0.0172153,over0,0.0660148,overaggr,0.0110621,overcuckoo,0.00121227,over_uai,0.00518347,over_uai,0.0246918,over_utai,0.0192619,over_utai,0.0124339,over_ai,0.0134026,over_ai,0.0103972,countIP,1.07893e+10,countIP0,1.14531e+10,keysum,1.06584e+10,pktSum,5.01032e+10,aggrSum,1.17904e+08,blackkey_num,12614598,feedback,46,feedsumportion,0.991036,finger0,11,finger,15,time,301797,runTime,299.555
line,4933508,total,0.0122706,total0,0.0746119,false,0.00171927,over,0.0064829,false0,0.0191713,over0,0.0722897,overaggr,0.0110594,overcuckoo,0.00121117,over_uai,0.02313,over_uai,0.0283287,over_utai,0.0192749,over_utai,0.0124926,over_ai,0.0133728,over_ai,0.0104292,countIP,1.08283e+10,countIP0,1.14951e+10,keysum,1.0697e+10,pktSum,5.02804e+10,aggrSum,1.18303e+08,blackkey_num,16149178,feedback,46,feedsumportion,0.991036,finger0,11,finger,15,time,301797,runTime,300.555
line,4950843,total,0.0124948,total0,0.0745366,false,0.00556981,over,0.0207944,false0,0.0183155,over0,0.0683792,overaggr,0.0112857,overcuckoo,0.00120907,over_uai,0.120701,over_uai,0.00949281,over_utai,0.019599,over_utai,0.0124742,over_ai,0.0137736,over_ai,0.0103796,countIP,1.08699e+10,countIP0,1.1536e+10,keysum,1.07358e+10,pktSum,5.04586e+10,aggrSum,1.21161e+08,blackkey_num,17471992,feedback,50,feedsumportion,0.837501,finger0,11,finger,15,time,302501,runTime,301.555
line,4967844,total,0.01273,total0,0.074393,false,0.00830114,over,0.0304169,false0,0.0171142,over0,0.0627095,overaggr,0.0115233,overcuckoo,0.00120672,over_uai,0.120461,over_uai,0.00818799,over_utai,0.0199359,over_utai,0.0124541,over_ai,0.0141986,over_ai,0.0103281,countIP,1.09157e+10,countIP0,1.15804e+10,keysum,1.07785e+10,pktSum,5.06452e+10,aggrSum,1.24204e+08,blackkey_num,18717129,feedback,50,feedsumportion,0.837501,finger0,11,finger,15,time,302501,runTime,302.555
line,4984929,total,0.0129792,total0,0.0742577,false,0.0104603,over,0.037555,false0,0.0164812,over0,0.0591712,overaggr,0.0117751,overcuckoo,0.0012041,over_uai,0.135752,over_uai,0.0148357,over_utai,0.0203023,over_utai,0.0124638,over_ai,0.0146509,over_ai,0.0102796,countIP,1.09625e+10,countIP0,1.16257e+10,keysum,1.0822e+10,pktSum,5.08281e+10,aggrSum,1.27431e+08,blackkey_num,19661693,feedback,50,feedsumportion,0.837501,finger0,11,finger,15,time,302501,runTime,303.555
line,5001912,total,0.0132008,total0,0.0741159,false,0.0118949,over,0.0414576,false0,0.0162326,over0,0.0565762,overaggr,0.0120002,overcuckoo,0.00120054,over_uai,0.123092,over_uai,0.0193166,over_utai,0.0206476,over_utai,0.0124958,over_ai,0.0150659,over_ai,0.0102202,countIP,1.10131e+10,countIP0,1.16752e+10,keysum,1.08696e+10,pktSum,5.10131e+10,aggrSum,1.30437e+08,blackkey_num,20566836,feedback,50,feedsumportion,0.837501,finger0,11,finger,15,time,302501,runTime,304.555
line,5019026,total,0.0134625,total0,0.0739904,false,0.0133439,over,0.045861,false0,0.0159906,over0,0.0549573,overaggr,0.0122641,overcuckoo,0.00119841,over_uai,0.131258,over_uai,0.0145732,over_utai,0.0210338,over_utai,0.0125042,over_ai,0.0155384,over_ai,0.0101719,countIP,1.10612e+10,countIP0,1.17218e+10,keysum,1.09142e+10,pktSum,5.11958e+10,aggrSum,1.33854e+08,blackkey_num,21550919,feedback,50,feedsumportion,0.837501,finger0,11,finger,15,time,302501,runTime,305.555
line,5035889,total,0.0134133,total0,0.0739772,false,0.0120662,over,0.0408348,false0,0.0167787,over0,0.0567827,overaggr,0.0122185,overcuckoo,0.00119487,over_uai,0.00475941,over_uai,0.0137293,over_utai,0.0209768,over_utai,0.0125089,over_ai,0.0154949,over_ai,0.0101204,countIP,1.11081e+10,countIP0,1.17719e+10,keysum,1.09611e+10,pktSum,5.1382e+10,aggrSum,1.33927e+08,blackkey_num,25629883,feedback,43,feedsumportion,0.989806,finger0,11,finger,15,time,302711,runTime,306.555
line,5052635,total,0.0133705,total0,0.0738854,false,0.0110531,over,0.0371657,false0,0.0167132,over0,0.0561977,overaggr,0.0121779,overcuckoo,0.00119263,over_uai,0.00579592,over_uai,0.0145508,over_utai,0.0209307,over_utai,0.0125178,over_ai,0.0154606,over_ai,0.0100721,countIP,1.11516e+10,countIP0,1.18175e+10,keysum,1.10044e+10,pktSum,5.15623e+10,aggrSum,1.34011e+08,blackkey_num,29711466,feedback,43,feedsumportion,0.989806,finger0,11,finger,15,time,302711,runTime,307.555
line,5069410,total,0.0133238,total0,0.0737737,false,0.0101826,over,0.0339388,false0,0.0166067,over0,0.0553503,overaggr,0.0121341,overcuckoo,0.00118973,over_uai,0.00620363,over_uai,0.0129768,over_utai,0.0208862,over_utai,0.0125193,over_ai,0.015425,over_ai,0.0100176,countIP,1.11975e+10,countIP0,1.18655e+10,keysum,1.10503e+10,pktSum,5.17478e+10,aggrSum,1.34085e+08,blackkey_num,33882527,feedback,43,feedsumportion,0.989806,finger0,11,finger,15,time,302711,runTime,308.555
line,5085894,total,0.0132827,total0,0.0736536,false,0.00942413,over,0.0314937,false0,0.0162531,over0,0.0543147,overaggr,0.0120948,overcuckoo,0.00118791,over_uai,0.0110865,over_uai,0.0125869,over_utai,0.0208561,over_utai,0.0125191,over_ai,0.0153901,over_ai,0.00997239,countIP,1.12396e+10,countIP0,1.19093e+10,keysum,1.10923e+10,pktSum,5.19344e+10,aggrSum,1.34159e+08,blackkey_num,37070217,feedback,43,feedsumportion,0.989806,finger0,11,finger,15,time,302711,runTime,309.555
line,5102698,total,0.0132402,total0,0.0735614,false,0.0087962,over,0.0293408,false0,0.0161824,over0,0.0539786,overaggr,0.0120546,overcuckoo,0.00118553,over_uai,0.015423,over_uai,0.0217269,over_utai,0.0208399,over_utai,0.0125585,over_ai,0.0153564,over_ai,0.0099246,countIP,1.12827e+10,countIP0,1.19544e+10,keysum,1.11352e+10,pktSum,5.21172e+10,aggrSum,1.34231e+08,blackkey_num,40274003,feedback,43,feedsumportion,0.989806,finger0,11,finger,15,time,302711,runTime,310.555
line,5119819,total,0.013208,total0,0.0734631,false,0.00830922,over,0.0277109,false0,0.0160424,over0,0.0535007,overaggr,0.0120254,overcuckoo,0.00118256,over_uai,0.0247517,over_uai,0.00900148,over_utai,0.0208508,over_utai,0.0125432,over_ai,0.0153372,over_ai,0.00987973,countIP,1.13237e+10,countIP0,1.19971e+10,keysum,1.11761e+10,pktSum,5.22939e+10,aggrSum,1.34397e+08,blackkey_num,43188371,feedback,44,feedsumportion,0.690877,finger0,11,finger,15,time,302521,runTime,311.555
line,5136399,total,0.0131707,total0,0.0733617,false,0.00785229,over,0.0261591,false0,0.0159289,over0,0.0530656,overaggr,0.0119908,overcuckoo,0.0011799,over_uai,0.0259087,over_uai,0.00877861,over_utai,0.0208668,over_utai,0.0125253,over_ai,0.015309,over_ai,0.00983463,countIP,1.13663e+10,countIP0,1.20415e+10,keysum,1.12185e+10,pktSum,5.24755e+10,aggrSum,1.34519e+08,blackkey_num,45153372,feedback,44,feedsumportion,0.690877,finger0,11,finger,15,time,302521,runTime,312.555
line,5152683,total,0.0131345,total0,0.0732777,false,0.00745516,over,0.0248074,false0,0.0159112,over0,0.0529454,overaggr,0.0119568,overcuckoo,0.00117767,over_uai,0.0269503,over_uai,0.00902594,over_utai,0.0208857,over_utai,0.0125083,over_ai,0.0152817,over_ai,0.00979072,countIP,1.14088e+10,countIP0,1.20861e+10,keysum,1.12609e+10,pktSum,5.26565e+10,aggrSum,1.34645e+08,blackkey_num,47557100,feedback,44,feedsumportion,0.690877,finger0,11,finger,15,time,302521,runTime,313.555
line,5169367,total,0.0131125,total0,0.0732449,false,0.00711188,over,0.0239568,false0,0.0158358,over0,0.0533439,overaggr,0.0119347,overcuckoo,0.00117775,over_uai,0.0281996,over_uai,0.0157472,over_utai,0.020909,over_utai,0.0125156,over_ai,0.0152509,over_ai,0.00977839,countIP,1.14418e+10,countIP0,1.21209e+10,keysum,1.12937e+10,pktSum,5.28288e+10,aggrSum,1.34788e+08,blackkey_num,49854483,feedback,44,feedsumportion,0.690877,finger0,11,finger,15,time,302521,runTime,314.555
line,5186345,total,0.013099,total0,0.073208,false,0.00684441,over,0.0233115,false0,0.0157443,over0,0.0536239,overaggr,0.0119172,overcuckoo,0.0011818,over_uai,0.0255994,over_uai,0.0243371,over_utai,0.0209221,over_utai,0.012545,over_ai,0.0152324,over_ai,0.0097708,countIP,1.1474e+10,countIP0,1.21547e+10,keysum,1.13256e+10,pktSum,5.2997e+10,aggrSum,1.34969e+08,blackkey_num,51673941,feedback,44,feedsumportion,0.690877,finger0,11,finger,15,time,302521,runTime,315.555
line,5202852,total,0.0131653,total0,0.0731246,false,0.00694573,over,0.0237859,false0,0.0155726,over0,0.0533289,overaggr,0.0119862,overcuckoo,0.0011791,over_uai,0.047552,over_uai,0.0220086,over_utai,0.0210136,over_utai,0.0125702,over_ai,0.0153595,over_ai,0.00974559,countIP,1.15114e+10,countIP0,1.21926e+10,keysum,1.13618e+10,pktSum,5.31715e+10,aggrSum,1.36185e+08,blackkey_num,52899961,feedback,47,feedsumportion,0.831312,finger0,11,finger,15,time,301733,runTime,316.555
line,5219412,total,0.0132622,total0,0.0730585,false,0.0071494,over,0.024675,false0,0.01542,over0,0.0532197,overaggr,0.0120853,overcuckoo,0.00117688,over_uai,0.0578305,over_uai,0.0246676,over_utai,0.0211379,over_utai,0.0126043,over_ai,0.0155349,over_ai,0.009725,countIP,1.15463e+10,countIP0,1.22277e+10,keysum,1.13952e+10,pktSum,5.33419e+10,aggrSum,1.37715e+08,blackkey_num,54080414,feedback,47,feedsumportion,0.831312,finger0,11,finger,15,time,301733,runTime,317.555
line,5235985,total,0.0133271,total0,0.0729931,false,0.00721196,over,0.0251097,false0,0.0152467,over0,0.0530841,overaggr,0.0121523,overcuckoo,0.00117479,over_uai,0.0501804,over_uai,0.0204069,over_utai,0.0212266,over_utai,0.0126254,over_ai,0.0156541,over_ai,0.00970642,countIP,1.15791e+10,countIP0,1.22609e+10,keysum,1.14269e+10,pktSum,5.35094e+10,aggrSum,1.38863e+08,blackkey_num,55374793,feedback,47,feedsumportion,0.831312,finger0,11,finger,15,time,301733,runTime,318.555
line,5252853,total,0.0133887,total0,0.0729766,false,0.00725596,over,0.0254881,false0,0.0152454,over0,0.0535527,overaggr,0.0122157,overcuckoo,0.001173,over_uai,0.0499878,over_uai,0.0226631,over_utai,0.0213114,over_utai,0.0126511,over_ai,0.0157698,over_ai,0.00968672,countIP,1.16111e+10,countIP0,1.22938e+10,keysum,1.14577e+10,pktSum,5.36757e+10,aggrSum,1.39964e+08,blackkey_num,56692388,feedback,47,feedsumportion,0.831312,finger0,11,finger,15,time,301733,runTime,319.555
line,5269562,total,0.0134655,total0,0.0729479,false,0.00734045,over,0.0260438,false0,0.0151699,over0,0.0538223,overaggr,0.0122933,overcuckoo,0.00117223,over_uai,0.0580823,over_uai,0.0250199,over_utai,0.0214154,over_utai,0.0126806,over_ai,0.0159116,over_ai,0.00966637,countIP,1.16423e+10,countIP0,1.23256e+10,keysum,1.14876e+10,pktSum,5.38438e+10,aggrSum,1.41221e+08,blackkey_num,58364291,feedback,47,feedsumportion,0.831312,finger0,11,finger,15,time,301733,runTime,320.555
line,5286011,total,0.0134456,total0,0.0730103,false,0.00711407,over,0.0253948,false0,0.0154613,over0,0.0551916,overaggr,0.0122738,overcuckoo,0.00117187,over_uai,0.00878052,over_uai,0.0129885,over_utai,0.0213767,over_utai,0.0126806,over_ai,0.0158905,over_ai,0.00964535,countIP,1.16742e+10,countIP0,1.23604e+10,keysum,1.15193e+10,pktSum,5.40089e+10,aggrSum,1.41386e+08,blackkey_num,60685541,feedback,47,feedsumportion,0.97543,finger0,11,finger,15,time,302680,runTime,321.555
line,5302870,total,0.0134233,total0,0.0729499,false,0.00689303,over,0.0247346,false0,0.015354,over0,0.0550956,overaggr,0.0122544,overcuckoo,0.00116899,over_uai,0.00777669,over_uai,0.014695,over_utai,0.0213325,over_utai,0.0126854,over_ai,0.0158659,over_ai,0.00962302,countIP,1.17082e+10,countIP0,1.23959e+10,keysum,1.15531e+10,pktSum,5.41819e+10,aggrSum,1.41576e+08,blackkey_num,62956071,feedback,47,feedsumportion,0.97543,finger0,11,finger,15,time,302680,runTime,322.555
line,5319531,total,0.0133989,total0,0.0729064,false,0.00669071,over,0.0240555,false0,0.0153675,over0,0.0552517,overaggr,0.0122316,overcuckoo,0.00116738,over_uai,0.00732859,over_uai,0.0123778,over_utai,0.0212804,over_utai,0.0126839,over_ai,0.0158321,over_ai,0.00960653,countIP,1.17457e+10,countIP0,1.24354e+10,keysum,1.15904e+10,pktSum,5.43605e+10,aggrSum,1.41769e+08,blackkey_num,65403298,feedback,47,feedsumportion,0.97543,finger0,11,finger,15,time,302680,runTime,323.555
line,5336024,total,0.013371,total0,0.0728569,false,0.0065109,over,0.0233781,false0,0.0154122,over0,0.0553393,overaggr,0.0122064,overcuckoo,0.00116455,over_uai,0.00609714,over_uai,0.0146705,over_utai,0.0212251,over_utai,0.0126882,over_ai,0.0157932,over_ai,0.00958963,countIP,1.17838e+10,countIP0,1.24756e+10,keysum,1.16283e+10,pktSum,5.45297e+10,aggrSum,1.41941e+08,blackkey_num,68338432,feedback,47,feedsumportion,0.97543,finger0,11,finger,15,time,302680,runTime,324.555
line,5352638,total,0.0133763,total0,0.072821,false,0.00644109,over,0.0230949,false0,0.0154944,over0,0.055556,overaggr,0.0121846,overcuckoo,0.0011917,over_uai,0.00572514,over_uai,0.0344657,over_utai,0.0211716,over_utai,0.0127499,over_ai,0.015759,over_ai,0.00965086,countIP,1.18221e+10,countIP0,1.25156e+10,keysum,1.1666e+10,pktSum,5.4697e+10,aggrSum,1.42146e+08,blackkey_num,70414147,feedback,47,feedsumportion,0.97543,finger0,11,finger,15,time,302680,runTime,325.555
line,5369381,total,0.0135716,total0,0.0727588,false,0.00692145,over,0.0247407,false0,0.0155326,over0,0.0555212,overaggr,0.0122542,overcuckoo,0.0013174,over_uai,0.0577265,over_uai,0.0889508,over_utai,0.0213058,over_utai,0.0129638,over_ai,0.01589,over_ai,0.00993961,countIP,1.18648e+10,countIP0,1.25576e+10,keysum,1.17059e+10,pktSum,5.4867e+10,aggrSum,1.43446e+08,blackkey_num,71174396,feedback,42,feedsumportion,0.88247,finger0,11,finger,15,time,302712,runTime,326.555
line,5386063,total,0.0136602,total0,0.0727039,false,0.00705806,over,0.0252833,false0,0.015491,over0,0.0554917,overaggr,0.012315,overcuckoo,0.00134523,over_uai,0.0658543,over_uai,0.0334879,over_utai,0.0214362,over_utai,0.0130228,over_ai,0.0160084,over_ai,0.00998472,countIP,1.19016e+10,countIP0,1.25949e+10,keysum,1.17412e+10,pktSum,5.50379e+10,aggrSum,1.44593e+08,blackkey_num,72882188,feedback,42,feedsumportion,0.88247,finger0,11,finger,15,time,302712,runTime,327.555
line,5402435,total,0.0137122,total0,0.0725726,false,0.0071167,over,0.0253709,false0,0.0153837,over0,0.0548425,overaggr,0.012371,overcuckoo,0.00134112,over_uai,0.0594503,over_uai,0.0159096,over_utai,0.0215645,over_utai,0.0130317,over_ai,0.0161231,over_ai,0.00994688,countIP,1.19462e+10,countIP0,1.26399e+10,keysum,1.17846e+10,pktSum,5.52156e+10,aggrSum,1.45788e+08,blackkey_num,75156815,feedback,42,feedsumportion,0.88247,finger0,11,finger,15,time,302712,runTime,328.555
line,5418968,total,0.0137761,total0,0.0725077,false,0.00719876,over,0.0255833,false0,0.0154257,over0,0.0548206,overaggr,0.0124392,overcuckoo,0.00133696,over_uai,0.0685338,over_uai,0.0178915,over_utai,0.0217161,over_utai,0.0130463,over_ai,0.0162546,over_ai,0.00991286,countIP,1.19892e+10,countIP0,1.26838e+10,keysum,1.18263e+10,pktSum,5.53917e+10,aggrSum,1.4711e+08,blackkey_num,76887748,feedback,42,feedsumportion,0.88247,finger0,11,finger,15,time,302712,runTime,329.555
line,5435905,total,0.0138429,total0,0.072462,false,0.0072784,over,0.0258542,false0,0.0154569,over0,0.0549057,overaggr,0.0125094,overcuckoo,0.00133355,over_uai,0.0628532,over_uai,0.0176971,over_utai,0.0218525,over_utai,0.0130592,over_ai,0.0163842,over_ai,0.00988549,countIP,1.20276e+10,countIP0,1.2723e+10,keysum,1.18633e+10,pktSum,5.5558e+10,aggrSum,1.48403e+08,blackkey_num,78446747,feedback,42,feedsumportion,0.88247,finger0,11,finger,15,time,302712,runTime,330.555
line,5452835,total,0.0138194,total0,0.0724144,false,0.00712666,over,0.0253178,false0,0.0154726,over0,0.0549671,overaggr,0.0124853,overcuckoo,0.00133416,over_uai,0.0111429,over_uai,0.00776318,over_utai,0.0218194,over_utai,0.0130412,over_ai,0.0163641,over_ai,0.00986016,countIP,1.20648e+10,countIP0,1.2762e+10,keysum,1.19003e+10,pktSum,5.57268e+10,aggrSum,1.48579e+08,blackkey_num,80577487,feedback,41,feedsumportion,0.979796,finger0,11,finger,15,time,299211,runTime,331.555
line,5469408,total,0.0137968,total0,0.0723914,false,0.00697001,over,0.0248262,false0,0.0155027,over0,0.0552185,overaggr,0.0124643,overcuckoo,0.00133258,over_uai,0.00912142,over_uai,0.0120142,over_utai,0.02178,over_utai,0.0130377,over_ai,0.0163399,over_ai,0.00983784,countIP,1.21007e+10,countIP0,1.28001e+10,keysum,1.1936e+10,pktSum,5.59022e+10,aggrSum,1.48774e+08,blackkey_num,82849039,feedback,41,feedsumportion,0.979796,finger0,11,finger,15,time,299211,runTime,332.555
line,5485897,total,0.0137683,total0,0.0723568,false,0.0068118,over,0.0243072,false0,0.0155142,over0,0.0553608,overaggr,0.0124381,overcuckoo,0.00133024,over_uai,0.00688217,over_uai,0.00838411,over_utai,0.0217309,over_utai,0.0130253,over_ai,0.0163061,over_ai,0.00981435,countIP,1.21367e+10,countIP0,1.28381e+10,keysum,1.19719e+10,pktSum,5.60751e+10,aggrSum,1.48907e+08,blackkey_num,84973404,feedback,41,feedsumportion,0.979796,finger0,11,finger,15,time,299211,runTime,333.555
line,5502388,total,0.01374,total0,0.0723544,false,0.0066634,over,0.0238149,false0,0.0156012,over0,0.0557586,overaggr,0.0124131,overcuckoo,0.00132692,over_uai,0.00938088,over_uai,0.0076592,over_utai,0.0216951,over_utai,0.013009,over_ai,0.0162747,over_ai,0.00978992,countIP,1.21726e+10,countIP0,1.28764e+10,keysum,1.20076e+10,pktSum,5.62466e+10,aggrSum,1.49052e+08,blackkey_num,87217955,feedback,41,feedsumportion,0.979796,finger0,11,finger,15,time,299211,runTime,334.555
line,5519135,total,0.0137154,total0,0.0723308,false,0.00653479,over,0.0233603,false0,0.0156626,over0,0.05599,overaggr,0.0123899,overcuckoo,0.00132551,over_uai,0.00868537,over_uai,0.0122241,over_utai,0.0216522,over_utai,0.0130062,over_ai,0.0162391,over_ai,0.00977863,countIP,1.22108e+10,countIP0,1.29168e+10,keysum,1.20456e+10,pktSum,5.64214e+10,aggrSum,1.49244e+08,blackkey_num,89477267,feedback,41,feedsumportion,0.979796,finger0,11,finger,15,time,299211,runTime,335.555
line,5535901,total,0.0137687,total0,0.0722751,false,0.00657949,over,0.0235495,false0,0.0156297,over0,0.0559421,overaggr,0.0124459,overcuckoo,0.00132274,over_uai,0.0386937,over_uai,0.017041,over_utai,0.0217107,over_utai,0.0130165,over_ai,0.0163411,over_ai,0.00975619,countIP,1.22486e+10,countIP0,1.29555e+10,keysum,1.20823e+10,pktSum,5.65961e+10,aggrSum,1.50375e+08,blackkey_num,90674889,feedback,41,feedsumportion,0.871455,finger0,11,finger,15,time,307554,runTime,336.555
line,5552456,total,0.0138054,total0,0.0722017,false,0.00661019,over,0.0235634,false0,0.0156606,over0,0.0558252,overaggr,0.0124865,overcuckoo,0.0013189,over_uai,0.0328132,over_uai,0.0142561,over_utai,0.0217513,over_utai,0.0130194,over_ai,0.0164171,over_ai,0.00972963,countIP,1.22929e+10,countIP0,1.3001e+10,keysum,1.21255e+10,pktSum,5.67714e+10,aggrSum,1.51405e+08,blackkey_num,91757500,feedback,41,feedsumportion,0.871455,finger0,11,finger,15,time,307554,runTime,337.555
line,5569145,total,0.0138641,total0,0.072137,false,0.00665555,over,0.0237876,false0,0.0155858,over0,0.0557052,overaggr,0.0125483,overcuckoo,0.00131586,over_uai,0.044752,over_uai,0.0179532,over_utai,0.0218235,over_utai,0.0130318,over_ai,0.0165306,over_ai,0.00970475,countIP,1.23304e+10,countIP0,1.30391e+10,keysum,1.21618e+10,pktSum,5.69519e+10,aggrSum,1.52609e+08,blackkey_num,92725834,feedback,41,feedsumportion,0.871455,finger0,11,finger,15,time,307554,runTime,338.555
line,5585654,total,0.0139316,total0,0.0721576,false,0.00674381,over,0.0240259,false0,0.0157992,over0,0.0562872,overaggr,0.0126197,overcuckoo,0.0013119,over_uai,0.0493403,over_uai,0.0156212,over_utai,0.0219184,over_utai,0.0130397,over_ai,0.0166641,over_ai,0.00967347,countIP,1.23751e+10,countIP0,1.30857e+10,keysum,1.2205e+10,pktSum,5.71308e+10,aggrSum,1.54023e+08,blackkey_num,93810637,feedback,41,feedsumportion,0.871455,finger0,11,finger,15,time,307554,runTime,339.555
line,5602060,total,0.0139756,total0,0.072431,false,0.00677384,over,0.0240925,false0,0.0164921,over0,0.0586575,overaggr,0.012667,overcuckoo,0.00130855,over_uai,0.0382215,over_uai,0.0148868,over_utai,0.0219769,over_utai,0.0130456,over_ai,0.0167562,over_ai,0.00964446,countIP,1.24184e+10,countIP0,1.31343e+10,keysum,1.22472e+10,pktSum,5.73132e+10,aggrSum,1.55136e+08,blackkey_num,95235392,feedback,41,feedsumportion,0.871455,finger0,11,finger,15,time,307554,runTime,340.555
line,5618882,total,0.0139524,total0,0.072679,false,0.0066654,over,0.0236925,false0,0.0170864,over0,0.0607344,overaggr,0.0126476,overcuckoo,0.00130478,over_uai,0.0291017,over_uai,0.00565938,over_utai,0.0219962,over_utai,0.0130196,over_ai,0.0167444,over_ai,0.00960877,countIP,1.24591e+10,countIP0,1.31808e+10,keysum,1.22877e+10,pktSum,5.74939e+10,aggrSum,1.5541e+08,blackkey_num,97789469,feedback,42,feedsumportion,0.981274,finger0,11,finger,15,time,300961,runTime,341.555
line,5635551,total,0.0139243,total0,0.0727125,false,0.00655847,over,0.0232709,false0,0.0172607,over0,0.0612447,overaggr,0.0126219,overcuckoo,0.00130243,over_uai,0.0198903,over_uai,0.00542445,over_utai,0.0219894,over_utai,0.0129932,over_ai,0.0167232,over_ai,0.00957333,countIP,1.25007e+10,countIP0,1.32255e+10,keysum,1.23291e+10,pktSum,5.7671e+10,aggrSum,1.55616e+08,blackkey_num,100116872,feedback,42,feedsumportion,0.981274,finger0,11,finger,15,time,300961,runTime,342.555
line,5652018,total,0.0138941,total0,0.0727458,false,0.00643865,over,0.0228683,false0,0.0173756,over0,0.0617133,overaggr,0.0125954,overcuckoo,0.00129873,over_uai,0.018916,over_uai,0.00957498,over_utai,0.0219806,over_utai,0.0129818,over_ai,0.0166944,over_ai,0.00954289,countIP,1.25392e+10,countIP0,1.3267e+10,keysum,1.23673e+10,pktSum,5.78514e+10,aggrSum,1.55771e+08,blackkey_num,102849544,feedback,42,feedsumportion,0.981274,finger0,11,finger,15,time,300961,runTime,343.555
line,5668297,total,0.0138636,total0,0.0728152,false,0.0063224,over,0.0224757,false0,0.0175556,over0,0.0624089,overaggr,0.012567,overcuckoo,0.00129659,over_uai,0.020387,over_uai,0.00898356,over_utai,0.021975,over_utai,0.0129702,over_ai,0.0166594,over_ai,0.00951637,countIP,1.25782e+10,countIP0,1.33096e+10,keysum,1.24062e+10,pktSum,5.80344e+10,aggrSum,1.55908e+08,blackkey_num,105216006,feedback,42,feedsumportion,0.981274,finger0,11,finger,15,time,300961,runTime,344.555
line,5684644,total,0.0138385,total0,0.0728958,false,0.00621993,over,0.0221355,false0,0.017745,over0,0.0631509,overaggr,0.0125449,overcuckoo,0.00129357,over_uai,0.0225942,over_uai,0.0107244,over_utai,0.0219766,over_utai,0.0129624,over_ai,0.0166387,over_ai,0.0094866,countIP,1.2617e+10,countIP0,1.33519e+10,keysum,1.24447e+10,pktSum,5.82172e+10,aggrSum,1.56118e+08,blackkey_num,107213452,feedback,42,feedsumportion,0.981274,finger0,11,finger,15,time,300961,runTime,345.555
line,5701263,total,0.0138875,total0,0.0730724,false,0.00625055,over,0.0223011,false0,0.0180702,over0,0.0644719,overaggr,0.012596,overcuckoo,0.00129151,over_uai,0.0438388,over_uai,0.0231243,over_utai,0.0220472,over_utai,0.0129853,over_ai,0.0167299,over_ai,0.00946826,countIP,1.26533e+10,countIP0,1.3392e+10,keysum,1.248e+10,pktSum,5.83955e+10,aggrSum,1.57198e+08,blackkey_num,108388492,feedback,44,feedsumportion,0.875014,finger0,11,finger,15,time,299537,runTime,346.555
line,5717694,total,0.0139442,total0,0.0732525,false,0.00629515,over,0.0225044,false0,0.0184008,over0,0.0657807,overaggr,0.0126555,overcuckoo,0.00128867,over_uai,0.0490727,over_uai,0.0199578,over_utai,0.0221325,over_utai,0.0130024,over_ai,0.016836,over_ai,0.00944731,countIP,1.26914e+10,countIP0,1.34338e+10,keysum,1.25169e+10,pktSum,5.85776e+10,aggrSum,1.58408e+08,blackkey_num,109269586,feedback,44,feedsumportion,0.875014,finger0,11,finger,15,time,299537,runTime,347.555
line,5734109,total,0.013996,total0,0.0733422,false,0.00633896,over,0.0226622,false0,0.0185979,over0,0.0664887,overaggr,0.0127104,overcuckoo,0.00128559,over_uai,0.0493754,over_uai,0.0163674,over_utai,0.0222161,over_utai,0.0130121,over_ai,0.016942,over_ai,0.00941932,countIP,1.27317e+10,countIP0,1.34768e+10,keysum,1.2556e+10,pktSum,5.87568e+10,aggrSum,1.59592e+08,blackkey_num,110137474,feedback,44,feedsumportion,0.875014,finger0,11,finger,15,time,299537,runTime,348.555
line,5750398,total,0.0140472,total0,0.0733503,false,0.00637723,over,0.0228176,false0,0.0186321,over0,0.0666652,overaggr,0.0127648,overcuckoo,0.00128244,over_uai,0.0488388,over_uai,0.0222969,over_utai,0.0222983,over_utai,0.0130357,over_ai,0.0170414,over_ai,0.0093964,countIP,1.27707e+10,countIP0,1.35175e+10,keysum,1.25937e+10,pktSum,5.89356e+10,aggrSum,1.60756e+08,blackkey_num,110921322,feedback,44,feedsumportion,0.875014,finger0,11,finger,15,time,299537,runTime,349.555
line,5766807,total,0.0141074,total0,0.073339,false,0.00641954,over,0.0230389,false0,0.0185871,over0,0.0667068,overaggr,0.0128278,overcuckoo,0.00127959,over_uai,0.0495026,over_uai,0.0222182,over_utai,0.0223829,over_utai,0.0130572,over_ai,0.0171525,over_ai,0.00937729,countIP,1.28061e+10,countIP0,1.35541e+10,keysum,1.2628e+10,pktSum,5.91149e+10,aggrSum,1.61989e+08,blackkey_num,112016566,feedback,44,feedsumportion,0.875014,finger0,11,finger,15,time,299537,runTime,350.555
line,5783294,total,0.0140646,total0,0.0733036,false,0.00630701,over,0.0226118,false0,0.0185825,over0,0.0666218,overaggr,0.0127888,overcuckoo,0.00127571,over_uai,0.00244536,over_uai,0.00746142,over_utai,0.0223159,over_utai,0.0130406,over_ai,0.0170958,over_ai,0.00935207,countIP,1.28466e+10,countIP0,1.35971e+10,keysum,1.26684e+10,pktSum,5.92928e+10,aggrSum,1.62015e+08,blackkey_num,114206080,feedback,44,feedsumportion,0.98015,finger0,11,finger,15,time,300528,runTime,351.555
line,5799544,total,0.0140223,total0,0.0734295,false,0.00618917,over,0.0222059,false0,0.0188097,over0,0.0674865,overaggr,0.0127505,overcuckoo,0.00127181,over_uai,0.00200486,over_uai,0.00771189,over_utai,0.0222546,over_utai,0.0130254,over_ai,0.0170444,over_ai,0.00932354,countIP,1.28862e+10,countIP0,1.36412e+10,keysum,1.2708e+10,pktSum,5.94802e+10,aggrSum,1.62034e+08,blackkey_num,116332623,feedback,44,feedsumportion,0.98015,finger0,11,finger,15,time,300528,runTime,352.555
line,5815845,total,0.013974,total0,0.0735551,false,0.00608143,over,0.0217573,false0,0.0191011,over0,0.068337,overaggr,0.0127066,overcuckoo,0.00126748,over_uai,0.00221597,over_uai,0.00847719,over_utai,0.0221836,over_utai,0.0130104,over_ai,0.0169818,over_ai,0.00929372,countIP,1.29317e+10,countIP0,1.36916e+10,keysum,1.27535e+10,pktSum,5.96662e+10,aggrSum,1.62053e+08,blackkey_num,119309055,feedback,44,feedsumportion,0.98015,finger0,11,finger,15,time,300528,runTime,353.555
line,5832202,total,0.0139291,total0,0.0737227,false,0.00598441,over,0.0213497,false0,0.0194512,over0,0.0693935,overaggr,0.0126657,overcuckoo,0.00126339,over_uai,0.00245142,over_uai,0.00561569,over_utai,0.0221215,over_utai,0.0129843,over_ai,0.0169324,over_ai,0.00925912,countIP,1.29754e+10,countIP0,1.37405e+10,keysum,1.27971e+10,pktSum,5.98432e+10,aggrSum,1.62084e+08,blackkey_num,121975546,feedback,44,feedsumportion,0.98015,finger0,11,finger,15,time,300528,runTime,354.555
line,5848692,total,0.0138813,total0,0.0738603,false,0.00589201,over,0.0209325,false0,0.0197742,over0,0.070252,overaggr,0.0126221,overcuckoo,0.00125924,over_uai,0.00332518,over_uai,0.00734482,over_utai,0.0220628,over_utai,0.0129643,over_ai,0.0168805,over_ai,0.00922176,countIP,1.30216e+10,countIP0,1.37919e+10,keysum,1.28433e+10,pktSum,6.00201e+10,aggrSum,1.62109e+08,blackkey_num,125128619,feedback,44,feedsumportion,0.98015,finger0,11,finger,15,time,300528,runTime,355.555
line,5865603,total,0.0138384,total0,0.0740394,false,0.00579956,over,0.0205713,false0,0.0201026,over0,0.071305,overaggr,0.0125829,overcuckoo,0.0012555,over_uai,0.0120415,over_uai,0.00084829,over_utai,0.0220357,over_utai,0.0129181,over_ai,0.016836,over_ai,0.00918643,countIP,1.30627e+10,countIP0,1.38383e+10,keysum,1.28844e+10,pktSum,6.01941e+10,aggrSum,1.62124e+08,blackkey_num,127722819,feedback,39,feedsumportion,0.386551,finger0,11,finger,15,time,301902,runTime,356.555
line,5882885,total,0.0137975,total0,0.0741706,false,0.00571095,over,0.020233,false0,0.0203414,over0,0.0720665,overaggr,0.0125454,overcuckoo,0.00125207,over_uai,0.0153446,over_uai,0.00168046,over_utai,0.0220148,over_utai,0.0128805,over_ai,0.0167851,over_ai,0.00915948,countIP,1.31034e+10,countIP0,1.38837e+10,keysum,1.29251e+10,pktSum,6.0369e+10,aggrSum,1.6215e+08,blackkey_num,129916041,feedback,39,feedsumportion,0.386551,finger0,11,finger,15,time,301902,runTime,357.555
line,5900081,total,0.0137621,total0,0.074163,false,0.00562293,over,0.0199488,false0,0.0203103,over0,0.0720562,overaggr,0.0125132,overcuckoo,0.00124898,over_uai,0.0100771,over_uai,0.00150256,over_utai,0.0219784,over_utai,0.012851,over_ai,0.0167378,over_ai,0.00913908,countIP,1.31385e+10,countIP0,1.39213e+10,keysum,1.29602e+10,pktSum,6.05404e+10,aggrSum,1.62173e+08,blackkey_num,132004358,feedback,39,feedsumportion,0.386551,finger0,11,finger,15,time,301902,runTime,358.555
line,5917072,total,0.0137229,total0,0.0741129,false,0.00553545,over,0.0196424,false0,0.0202406,over0,0.0718231,overaggr,0.0124774,overcuckoo,0.00124552,over_uai,0.00524365,over_uai,0.00126027,over_utai,0.0219266,over_utai,0.0128141,over_ai,0.0166889,over_ai,0.00911341,countIP,1.31774e+10,countIP0,1.39624e+10,keysum,1.2999e+10,pktSum,6.07188e+10,aggrSum,1.62194e+08,blackkey_num,134172655,feedback,39,feedsumportion,0.386551,finger0,11,finger,15,time,301902,runTime,359.555
line,5934360,total,0.0136819,total0,0.0740661,false,0.00545279,over,0.0193302,false0,0.0202018,over0,0.0716155,overaggr,0.0124398,overcuckoo,0.00124209,over_uai,0.0064772,over_uai,0.00172671,over_utai,0.0218775,over_utai,0.0127823,over_ai,0.0166353,over_ai,0.00908845,countIP,1.32182e+10,countIP0,1.40056e+10,keysum,1.30398e+10,pktSum,6.08954e+10,aggrSum,1.62212e+08,blackkey_num,136854258,feedback,39,feedsumportion,0.386551,finger0,11,finger,15,time,301902,runTime,360.555
line,5951817,total,0.0136498,total0,0.0740433,false,0.00537231,over,0.0190887,false0,0.0201314,over0,0.0715301,overaggr,0.0124103,overcuckoo,0.00123949,over_uai,0.00670734,over_uai,0.0019549,over_utai,0.021837,over_utai,0.012755,over_ai,0.0165955,over_ai,0.00906715,countIP,1.32519e+10,countIP0,1.40414e+10,keysum,1.30734e+10,pktSum,6.1069e+10,aggrSum,1.62245e+08,blackkey_num,138907518,feedback,39,feedsumportion,0.382595,finger0,11,finger,15,time,301920,runTime,361.555
line,5968872,total,0.0136127,total0,0.0740012,false,0.00529353,over,0.0188176,false0,0.0200717,over0,0.0713515,overaggr,0.0123764,overcuckoo,0.00123623,over_uai,0.00524324,over_uai,0.000920622,over_utai,0.0217898,over_utai,0.0127203,over_ai,0.0165502,over_ai,0.00904232,countIP,1.32899e+10,countIP0,1.40817e+10,keysum,1.31114e+10,pktSum,6.12463e+10,aggrSum,1.62273e+08,blackkey_num,141242381,feedback,39,feedsumportion,0.382595,finger0,11,finger,15,time,301920,runTime,362.555
line,5986349,total,0.0135822,total0,0.0740116,false,0.00521989,over,0.0185952,false0,0.0200538,over0,0.071439,overaggr,0.0123489,overcuckoo,0.00123339,over_uai,0.00683946,over_uai,0.00121823,over_utai,0.0217461,over_utai,0.0126908,over_ai,0.0165135,over_ai,0.00902049,countIP,1.33239e+10,countIP0,1.41183e+10,keysum,1.31454e+10,pktSum,6.14205e+10,aggrSum,1.6233e+08,blackkey_num,143174747,feedback,39,feedsumportion,0.382595,finger0,11,finger,15,time,301920,runTime,363.555
line,6003727,total,0.01355,total0,0.074021,false,0.00515091,over,0.0183648,false0,0.0200603,over0,0.0715218,overaggr,0.0123196,overcuckoo,0.0012304,over_uai,0.00780891,over_uai,0.00148572,over_utai,0.0217046,over_utai,0.0126616,over_ai,0.016472,over_ai,0.00899935,countIP,1.336e+10,countIP0,1.41571e+10,keysum,1.31814e+10,pktSum,6.15927e+10,aggrSum,1.6239e+08,blackkey_num,145343769,feedback,39,feedsumportion,0.382595,finger0,11,finger,15,time,301920,runTime,364.555
line,6020813,total,0.0135158,total0,0.0740267,false,0.00507777,over,0.0181314,false0,0.0200471,over0,0.0715827,overaggr,0.0122883,overcuckoo,0.0012275,over_uai,0.00530956,over_uai,0.000924728,over_utai,0.0216598,over_utai,0.0126285,over_ai,0.0164318,over_ai,0.00897533,countIP,1.33954e+10,countIP0,1.41951e+10,keysum,1.32167e+10,pktSum,6.17684e+10,aggrSum,1.62411e+08,blackkey_num,147661957,feedback,39,feedsumportion,0.382595,finger0,11,finger,15,time,301920,runTime,365.555
line,6038220,total,0.0134864,total0,0.0739597,false,0.00502007,over,0.0179205,false0,0.0199704,over0,0.0712898,overaggr,0.0122609,overcuckoo,0.00122546,over_uai,0.00576442,over_uai,0.000813528,over_utai,0.0216132,over_utai,0.0125959,over_ai,0.0164,over_ai,0.00894952,countIP,1.34345e+10,countIP0,1.42361e+10,keysum,1.32557e+10,pktSum,6.19438e+10,aggrSum,1.62527e+08,blackkey_num,149813145,feedback,37,feedsumportion,0.70255,finger0,11,finger,15,time,304752,runTime,366.555
line,6055524,total,0.0134589,total0,0.0739131,false,0.00496352,over,0.0177261,false0,0.0199091,over0,0.0711007,overaggr,0.012235,overcuckoo,0.00122382,over_uai,0.00596355,over_uai,0.00109323,over_utai,0.0215679,over_utai,0.0125649,over_ai,0.01637,over_ai,0.00892523,countIP,1.34724e+10,countIP0,1.4276e+10,keysum,1.32935e+10,pktSum,6.21205e+10,aggrSum,1.62646e+08,blackkey_num,151819281,feedback,37,feedsumportion,0.70255,finger0,11,finger,15,time,304752,runTime,367.555
line,6072641,total,0.0134342,total0,0.0738772,false,0.00490722,over,0.0175557,false0,0.0198356,over0,0.0709622,overaggr,0.0122132,overcuckoo,0.00122103,over_uai,0.005452,over_uai,0.000977206,over_utai,0.0215221,over_utai,0.0125337,over_ai,0.0163412,over_ai,0.00890548,countIP,1.35063e+10,countIP0,1.43118e+10,keysum,1.33273e+10,pktSum,6.22924e+10,aggrSum,1.62768e+08,blackkey_num,154010671,feedback,37,feedsumportion,0.70255,finger0,11,finger,15,time,304752,runTime,368.555
line,6089939,total,0.013404,total0,0.0737985,false,0.00485454,over,0.017355,false0,0.0197564,over0,0.0706289,overaggr,0.0121856,overcuckoo,0.00121835,over_uai,0.00529296,over_uai,0.00121983,over_utai,0.0214738,over_utai,0.0125047,over_ai,0.016305,over_ai,0.00888266,countIP,1.35456e+10,countIP0,1.43528e+10,keysum,1.33664e+10,pktSum,6.24645e+10,aggrSum,1.62878e+08,blackkey_num,156505101,feedback,37,feedsumportion,0.70255,finger0,11,finger,15,time,304752,runTime,369.555
line,6107228,total,0.0133787,total0,0.0737782,false,0.00480228,over,0.0171874,false0,0.0197184,over0,0.0705724,overaggr,0.0121625,overcuckoo,0.00121622,over_uai,0.00622691,over_uai,0.00139236,over_utai,0.0214344,over_utai,0.0124748,over_ai,0.0162773,over_ai,0.00886123,countIP,1.35807e+10,countIP0,1.43901e+10,keysum,1.34014e+10,pktSum,6.2636e+10,aggrSum,1.62994e+08,blackkey_num,158838918,feedback,37,feedsumportion,0.70255,finger0,11,finger,15,time,304752,runTime,370.555
line,6124141,total,0.0134133,total0,0.0737629,false,0.00482725,over,0.0172995,false0,0.0196842,over0,0.0705428,overaggr,0.0121997,overcuckoo,0.00121358,over_uai,0.036028,over_uai,0.121673,over_utai,0.0214758,over_utai,0.0127828,over_ai,0.0163486,over_ai,0.00883971,countIP,1.36188e+10,countIP0,1.44298e+10,keysum,1.34386e+10,pktSum,6.28198e+10,aggrSum,1.63947e+08,blackkey_num,159971142,feedback,40,feedsumportion,0.86106,finger0,11,finger,15,time,300155,runTime,371.555
line,6140847,total,0.0134601,total0,0.0737412,false,0.0048727,over,0.0174613,false0,0.0196699,over0,0.0704869,overaggr,0.0122493,overcuckoo,0.00121078,over_uai,0.0414984,over_uai,0.0476667,over_utai,0.0215351,over_utai,0.0128761,over_ai,0.0164433,over_ai,0.00881521,countIP,1.36603e+10,countIP0,1.44728e+10,keysum,1.34789e+10,pktSum,6.30039e+10,aggrSum,1.65107e+08,blackkey_num,161182018,feedback,40,feedsumportion,0.86106,finger0,11,finger,15,time,300155,runTime,372.555
line,6157833,total,0.013518,total0,0.0738926,false,0.00492933,over,0.0176752,false0,0.0198617,over0,0.0712184,overaggr,0.0123084,overcuckoo,0.00120959,over_uai,0.0430806,over_uai,0.0250853,over_utai,0.0216015,over_utai,0.0129101,over_ai,0.0165497,over_ai,0.00879894,countIP,1.36988e+10,countIP0,1.45148e+10,keysum,1.35161e+10,pktSum,6.31809e+10,aggrSum,1.66361e+08,blackkey_num,162644313,feedback,40,feedsumportion,0.86106,finger0,11,finger,15,time,300155,runTime,373.555
line,6174695,total,0.0135572,total0,0.0740239,false,0.00496179,over,0.017801,false0,0.0200255,over0,0.0718441,overaggr,0.0123495,overcuckoo,0.00120767,over_uai,0.0385813,over_uai,0.0234005,over_utai,0.021649,over_utai,0.0129412,over_ai,0.0166299,over_ai,0.00877698,countIP,1.37368e+10,countIP0,1.45564e+10,keysum,1.35531e+10,pktSum,6.33565e+10,aggrSum,1.67374e+08,blackkey_num,164032102,feedback,40,feedsumportion,0.86106,finger0,11,finger,15,time,300155,runTime,374.555
line,6191700,total,0.0136236,total0,0.0740251,false,0.00503016,over,0.0180459,false0,0.0200349,over0,0.0718761,overaggr,0.0124187,overcuckoo,0.00120489,over_uai,0.0561276,over_uai,0.0226886,over_utai,0.0217389,over_utai,0.0129672,over_ai,0.0167572,over_ai,0.00875387,countIP,1.37755e+10,countIP0,1.45964e+10,keysum,1.35903e+10,pktSum,6.35271e+10,aggrSum,1.68774e+08,blackkey_num,165391153,feedback,40,feedsumportion,0.86106,finger0,11,finger,15,time,300155,runTime,375.555
line,6208699,total,0.0135843,total0,0.0740255,false,0.00497138,over,0.017813,false0,0.0200682,over0,0.0719067,overaggr,0.012383,overcuckoo,0.00120137,over_uai,0.00336914,over_uai,0.000969037,over_utai,0.0216925,over_utai,0.0129292,over_ai,0.0167153,over_ai,0.00872348,countIP,1.38167e+10,countIP0,1.46406e+10,keysum,1.36316e+10,pktSum,6.37025e+10,aggrSum,1.68799e+08,blackkey_num,167845464,feedback,41,feedsumportion,0.984188,finger0,11,finger,15,time,303164,runTime,376.555
line,6225375,total,0.0135466,total0,0.0739709,false,0.00491197,over,0.0175933,false0,0.0200168,over0,0.0716948,overaggr,0.0123485,overcuckoo,0.0011981,over_uai,0.00464481,over_uai,0.00118731,over_utai,0.0216462,over_utai,0.0128907,over_ai,0.0166745,over_ai,0.0086944,countIP,1.38568e+10,countIP0,1.46829e+10,keysum,1.36716e+10,pktSum,6.38818e+10,aggrSum,1.68824e+08,blackkey_num,169807799,feedback,41,feedsumportion,0.984188,finger0,11,finger,15,time,303164,runTime,377.555
line,6242182,total,0.0135109,total0,0.0739676,false,0.0048568,over,0.0173887,false0,0.0200286,over0,0.0717082,overaggr,0.0123157,overcuckoo,0.00119516,over_uai,0.00699912,over_uai,0.00132763,over_utai,0.0216084,over_utai,0.0128548,over_ai,0.0166336,over_ai,0.00866912,countIP,1.38955e+10,countIP0,1.47244e+10,keysum,1.37103e+10,pktSum,6.40545e+10,aggrSum,1.68852e+08,blackkey_num,171729966,feedback,41,feedsumportion,0.984188,finger0,11,finger,15,time,303164,runTime,378.555
line,6259074,total,0.0134746,total0,0.0739307,false,0.00480082,over,0.0171852,false0,0.0199957,over0,0.0715774,overaggr,0.0122827,overcuckoo,0.00119197,over_uai,0.00776688,over_uai,0.00155939,over_utai,0.0215716,over_utai,0.0128223,over_ai,0.0165898,over_ai,0.00864476,countIP,1.39348e+10,countIP0,1.47661e+10,keysum,1.37496e+10,pktSum,6.42323e+10,aggrSum,1.68881e+08,blackkey_num,173905530,feedback,41,feedsumportion,0.984188,finger0,11,finger,15,time,303164,runTime,379.555
line,6275859,total,0.0134374,total0,0.0739882,false,0.00474617,over,0.0169793,false0,0.0200846,over0,0.0718522,overaggr,0.0122484,overcuckoo,0.00118895,over_uai,0.00715005,over_uai,0.00225816,over_utai,0.0215282,over_utai,0.0127966,over_ai,0.0165395,over_ai,0.00862451,countIP,1.39761e+10,countIP0,1.48112e+10,keysum,1.37908e+10,pktSum,6.44142e+10,aggrSum,1.68916e+08,blackkey_num,176590033,feedback,41,feedsumportion,0.984188,finger0,11,finger,15,time,303164,runTime,380.555
line,6292842,total,0.0134087,total0,0.0739932,false,0.00470195,over,0.0168157,false0,0.020104,over0,0.0718987,overaggr,0.0122228,overcuckoo,0.00118589,over_uai,0.0143727,over_uai,0.0012311,over_utai,0.0215083,over_utai,0.0127659,over_ai,0.0165062,over_ai,0.00860174,countIP,1.40157e+10,countIP0,1.48536e+10,keysum,1.38302e+10,pktSum,6.45909e+10,aggrSum,1.69044e+08,blackkey_num,178718087,feedback,40,feedsumportion,0.438429,finger0,11,finger,15,time,300342,runTime,381.555
line,6309826,total,0.0133763,total0,0.0740494,false,0.00465814,over,0.016637,false0,0.020204,over0,0.0721605,overaggr,0.0121938,overcuckoo,0.00118248,over_uai,0.00608144,over_uai,0.00106041,over_utai,0.0214647,over_utai,0.0127285,over_ai,0.0164752,over_ai,0.0085714,countIP,1.40581e+10,countIP0,1.48998e+10,keysum,1.38726e+10,pktSum,6.47688e+10,aggrSum,1.69159e+08,blackkey_num,180955311,feedback,40,feedsumportion,0.438429,finger0,11,finger,15,time,300342,runTime,382.555
line,6326856,total,0.0133395,total0,0.0740164,false,0.00461771,over,0.0164393,false0,0.0202385,over0,0.0720502,overaggr,0.0121607,overcuckoo,0.00117873,over_uai,0.00472015,over_uai,0.000993015,over_utai,0.0214168,over_utai,0.0126906,over_ai,0.0164371,over_ai,0.00854009,countIP,1.41052e+10,countIP0,1.49498e+10,keysum,1.39195e+10,pktSum,6.49447e+10,aggrSum,1.69272e+08,blackkey_num,183454228,feedback,40,feedsumportion,0.438429,finger0,11,finger,15,time,300342,runTime,383.555
line,6343744,total,0.0133115,total0,0.0739484,false,0.00457916,over,0.0162885,false0,0.0201835,over0,0.0717947,overaggr,0.0121354,overcuckoo,0.00117613,over_uai,0.00627451,over_uai,0.00140738,over_utai,0.0213739,over_utai,0.0126596,over_ai,0.0164059,over_ai,0.00851755,countIP,1.41451e+10,countIP0,1.49916e+10,keysum,1.39593e+10,pktSum,6.5116e+10,aggrSum,1.69401e+08,blackkey_num,185843782,feedback,40,feedsumportion,0.438429,finger0,11,finger,15,time,300342,runTime,384.555
line,6360807,total,0.0132814,total0,0.0738706,false,0.00454049,over,0.0161309,false0,0.0201268,over0,0.0715043,overaggr,0.0121078,overcuckoo,0.00117358,over_uai,0.00731676,over_uai,0.00115439,over_utai,0.0213347,over_utai,0.0126263,over_ai,0.0163703,over_ai,0.00849515,countIP,1.41861e+10,countIP0,1.50343e+10,keysum,1.40001e+10,pktSum,6.52869e+10,aggrSum,1.69511e+08,blackkey_num,187814659,feedback,40,feedsumportion,0.438429,finger0,11,finger,15,time,300342,runTime,385.555
line,6377221,total,0.0132491,total0,0.0738019,false,0.00450211,over,0.0159649,false0,0.0200949,over0,0.0712583,overaggr,0.0120775,overcuckoo,0.00117159,over_uai,0.0140837,over_uai,0.000692515,over_utai,0.0213137,over_utai,0.0125835,over_ai,0.0163402,over_ai,0.00846447,countIP,1.42307e+10,countIP0,1.50811e+10,keysum,1.40446e+10,pktSum,6.54662e+10,aggrSum,1.69623e+08,blackkey_num,190520849,feedback,39,feedsumportion,0.864333,finger0,11,finger,15,time,305521,runTime,386.555
line,6393945,total,0.0132151,total0,0.0737473,false,0.00446172,over,0.0157958,false0,0.0200752,over0,0.0710721,overaggr,0.0120468,overcuckoo,0.00116826,over_uai,0.0118584,over_uai,0.00063297,over_utai,0.0212869,over_utai,0.0125418,over_ai,0.0163029,over_ai,0.00843708,countIP,1.42744e+10,countIP0,1.51272e+10,keysum,1.40882e+10,pktSum,6.56441e+10,aggrSum,1.69718e+08,blackkey_num,192740516,feedback,39,feedsumportion,0.864333,finger0,11,finger,15,time,305521,runTime,387.555
line,6410442,total,0.013185,total0,0.073689,false,0.00442034,over,0.0156482,false0,0.0200199,over0,0.0708716,overaggr,0.0120195,overcuckoo,0.00116549,over_uai,0.0141696,over_uai,0.000580201,over_utai,0.0212699,over_utai,0.0125007,over_ai,0.016275,over_ai,0.00840905,countIP,1.43144e+10,countIP0,1.51692e+10,keysum,1.41281e+10,pktSum,6.58244e+10,aggrSum,1.69813e+08,blackkey_num,195179455,feedback,39,feedsumportion,0.864333,finger0,11,finger,15,time,305521,runTime,388.555
line,6427070,total,0.0131535,total0,0.0736279,false,0.00438347,over,0.0154949,false0,0.0199914,over0,0.0706668,overaggr,0.0119905,overcuckoo,0.00116302,over_uai,0.00908142,over_uai,0.000671958,over_utai,0.0212363,over_utai,0.012458,over_ai,0.0162439,over_ai,0.00838006,countIP,1.43587e+10,countIP0,1.52158e+10,keysum,1.41723e+10,pktSum,6.60062e+10,aggrSum,1.69933e+08,blackkey_num,197704826,feedback,39,feedsumportion,0.864333,finger0,11,finger,15,time,305521,runTime,389.555
line,6443556,total,0.0131249,total0,0.0737712,false,0.00434804,over,0.0153561,false0,0.0201765,over0,0.0712579,overaggr,0.0119638,overcuckoo,0.00116109,over_uai,0.00968418,over_uai,0.000735596,over_utai,0.0212016,over_utai,0.012418,over_ai,0.0162139,over_ai,0.0083541,countIP,1.44023e+10,countIP0,1.52645e+10,keysum,1.42158e+10,pktSum,6.61917e+10,aggrSum,1.70074e+08,blackkey_num,203161714,feedback,39,feedsumportion,0.864333,finger0,11,finger,15,time,305521,runTime,390.555
line,6459899,total,0.0130856,total0,0.0740184,false,0.00430319,over,0.0151782,false0,0.0204804,over0,0.0722386,overaggr,0.0119278,overcuckoo,0.00115783,over_uai,0.0127413,over_uai,0.00080929,over_utai,0.0211723,over_utai,0.01238,over_ai,0.0161643,over_ai,0.00832925,countIP,1.4447e+10,countIP0,1.5316e+10,keysum,1.42604e+10,pktSum,6.63774e+10,aggrSum,1.70095e+08,blackkey_num,209066161,feedback,37,feedsumportion,0.869198,finger0,11,finger,15,time,305297,runTime,391.555
line,6476617,total,0.0130493,total0,0.0740439,false,0.00426017,over,0.0150166,false0,0.0205272,over0,0.0723558,overaggr,0.0118947,overcuckoo,0.00115463,over_uai,0.0284986,over_uai,0.000763388,over_utai,0.0211927,over_utai,0.0123482,over_ai,0.016119,over_ai,0.00830613,countIP,1.44884e+10,countIP0,1.53608e+10,keysum,1.43018e+10,pktSum,6.6556e+10,aggrSum,1.70115e+08,blackkey_num,213943489,feedback,37,feedsumportion,0.869198,finger0,11,finger,15,time,305297,runTime,392.555
line,6493614,total,0.013016,total0,0.0740578,false,0.0042196,over,0.0148705,false0,0.0205513,over0,0.0724255,overaggr,0.0118638,overcuckoo,0.00115221,over_uai,0.0188029,over_uai,0.00120599,over_utai,0.0211836,over_utai,0.0123222,over_ai,0.016073,over_ai,0.00828666,countIP,1.45273e+10,countIP0,1.54026e+10,keysum,1.43406e+10,pktSum,6.67288e+10,aggrSum,1.70134e+08,blackkey_num,219231715,feedback,37,feedsumportion,0.869198,finger0,11,finger,15,time,305297,runTime,393.555
line,6510393,total,0.0129886,total0,0.0741081,false,0.00418727,over,0.014748,false0,0.0206216,over0,0.0726316,overaggr,0.0118325,overcuckoo,0.00115613,over_uai,0.00643659,over_uai,0.00529161,over_utai,0.0211421,over_utai,0.0123046,over_ai,0.0160284,over_ai,0.00828271,countIP,1.45675e+10,countIP0,1.54465e+10,keysum,1.43807e+10,pktSum,6.69025e+10,aggrSum,1.7016e+08,blackkey_num,224632136,feedback,37,feedsumportion,0.869198,finger0,11,finger,15,time,305297,runTime,394.555
line,6527158,total,0.0130633,total0,0.0741468,false,0.00426628,over,0.0150073,false0,0.0206933,over0,0.0727919,overaggr,0.0117992,overcuckoo,0.00126417,over_uai,0.015996,over_uai,0.0648905,over_utai,0.0211229,over_utai,0.0124411,over_ai,0.0159793,over_ai,0.00853419,countIP,1.46113e+10,countIP0,1.54923e+10,keysum,1.44229e+10,pktSum,6.70759e+10,aggrSum,1.70178e+08,blackkey_num,230306248,feedback,37,feedsumportion,0.869198,finger0,11,finger,15,time,305297,runTime,395.555
line,6544189,total,0.0130349,total0,0.0741322,false,0.00423434,over,0.0148818,false0,0.0207003,over0,0.0727521,overaggr,0.0117733,overcuckoo,0.00126155,over_uai,0.0057566,over_uai,0.000990724,over_utai,0.0210763,over_utai,0.0124103,over_ai,0.0159428,over_ai,0.00851131,countIP,1.46525e+10,countIP0,1.55362e+10,keysum,1.44639e+10,pktSum,6.72492e+10,aggrSum,1.70289e+08,blackkey_num,235576032,feedback,34,feedsumportion,0.448211,finger0,11,finger,15,time,306565,runTime,396.555
line,6560860,total,0.013025,total0,0.0741026,false,0.00421889,over,0.0148269,false0,0.0206741,over0,0.0726572,overaggr,0.0117666,overcuckoo,0.00125838,over_uai,0.0195787,over_uai,0.00076488,over_utai,0.0210721,over_utai,0.0123788,over_ai,0.0159414,over_ai,0.00848875,countIP,1.46922e+10,countIP0,1.55781e+10,keysum,1.45033e+10,pktSum,6.74264e+10,aggrSum,1.70654e+08,blackkey_num,240842261,feedback,34,feedsumportion,0.448211,finger0,11,finger,15,time,306565,runTime,397.555
line,6577431,total,0.0130254,total0,0.0740301,false,0.00422122,over,0.0148073,false0,0.0206424,over0,0.0724101,overaggr,0.0117709,overcuckoo,0.00125451,over_uai,0.0234185,over_uai,0.000768503,over_utai,0.0210783,over_utai,0.0123428,over_ai,0.0159648,over_ai,0.0084589,countIP,1.47396e+10,countIP0,1.56272e+10,keysum,1.45501e+10,pktSum,6.76113e+10,aggrSum,1.71267e+08,blackkey_num,245815777,feedback,34,feedsumportion,0.448211,finger0,11,finger,15,time,306565,runTime,398.555
line,6594256,total,0.0130262,total0,0.0739462,false,0.00422927,over,0.0147882,false0,0.0206278,over0,0.0721276,overaggr,0.0117758,overcuckoo,0.00125034,over_uai,0.0251476,over_uai,0.000634363,over_utai,0.0210899,over_utai,0.0123039,over_ai,0.0159913,over_ai,0.00842614,countIP,1.47905e+10,countIP0,1.56799e+10,keysum,1.46003e+10,pktSum,6.77921e+10,aggrSum,1.7193e+08,blackkey_num,251165136,feedback,34,feedsumportion,0.448211,finger0,11,finger,15,time,306565,runTime,399.555
line,6610719,total,0.0130591,total0,0.0739202,false,0.00426112,over,0.0148876,false0,0.0206232,over0,0.072054,overaggr,0.0118123,overcuckoo,0.00124687,over_uai,0.0393321,over_uai,0.000627718,over_utai,0.0211446,over_utai,0.0122732,over_ai,0.0160636,over_ai,0.00840164,countIP,1.48345e+10,countIP0,1.57257e+10,keysum,1.46433e+10,pktSum,6.79742e+10,aggrSum,1.72971e+08,blackkey_num,256147925,feedback,34,feedsumportion,0.448211,finger0,11,finger,15,time,306565,runTime,400.555
line,6627377,total,0.0130268,total0,0.0738465,false,0.00423042,over,0.0147524,false0,0.0205932,over0,0.071813,overaggr,0.0117833,overcuckoo,0.00124353,over_uai,0.00630549,over_uai,0.000737989,over_utai,0.0210971,over_utai,0.0122407,over_ai,0.0160234,over_ai,0.00837823,countIP,1.4881e+10,countIP0,1.57744e+10,keysum,1.46896e+10,pktSum,6.81549e+10,aggrSum,1.73092e+08,blackkey_num,262423716,feedback,36,feedsumportion,0.978436,finger0,11,finger,15,time,360222,runTime,401.555
line,6644497,total,0.0129963,total0,0.0737829,false,0.00419945,over,0.0146271,false0,0.0205593,over0,0.0716099,overaggr,0.0117556,overcuckoo,0.00124067,over_uai,0.00599057,over_uai,0.000957242,over_utai,0.0210518,over_utai,0.0122087,over_ai,0.0159846,over_ai,0.0083574,countIP,1.49239e+10,countIP0,1.58195e+10,keysum,1.47325e+10,pktSum,6.83299e+10,aggrSum,1.73189e+08,blackkey_num,268372874,feedback,36,feedsumportion,0.978436,finger0,11,finger,15,time,360222,runTime,402.555
line,6661041,total,0.0129687,total0,0.0737379,false,0.00416956,over,0.0145142,false0,0.0205327,over0,0.0714743,overaggr,0.0117306,overcuckoo,0.00123811,over_uai,0.00828779,over_uai,0.000828507,over_utai,0.0210139,over_utai,0.0121786,over_ai,0.0159512,over_ai,0.0083365,countIP,1.49664e+10,countIP0,1.58643e+10,keysum,1.47748e+10,pktSum,6.85111e+10,aggrSum,1.73317e+08,blackkey_num,274092787,feedback,36,feedsumportion,0.978436,finger0,11,finger,15,time,360222,runTime,403.555
line,6677641,total,0.0129353,total0,0.0736825,false,0.00413881,over,0.014381,false0,0.0205218,over0,0.0713068,overaggr,0.0117004,overcuckoo,0.00123489,over_uai,0.00728414,over_uai,0.000760988,over_utai,0.0209713,over_utai,0.012144,over_ai,0.0159111,over_ai,0.00831185,countIP,1.50138e+10,countIP0,1.59141e+10,keysum,1.4822e+10,pktSum,6.86956e+10,aggrSum,1.73423e+08,blackkey_num,279487783,feedback,36,feedsumportion,0.978436,finger0,11,finger,15,time,360222,runTime,404.555
line,6694173,total,0.0129066,total0,0.0736567,false,0.00410702,over,0.0142677,false0,0.0205073,over0,0.0712419,overaggr,0.0116747,overcuckoo,0.0012319,over_uai,0.0130203,over_uai,0.00063081,over_utai,0.0209492,over_utai,0.0121093,over_ai,0.0158835,over_ai,0.00828445,countIP,1.50572e+10,countIP0,1.59603e+10,keysum,1.48654e+10,pktSum,6.88866e+10,aggrSum,1.73549e+08,blackkey_num,284591110,feedback,36,feedsumportion,0.978436,finger0,11,finger,15,time,360222,runTime,405.555
line,6710402,total,0.0128649,total0,0.0735742,false,0.0040707,over,0.0141096,false0,0.0204802,over0,0.0709872,overaggr,0.0116369,overcuckoo,0.00122797,over_uai,0.014639,over_uai,0.000564918,over_utai,0.0209306,over_utai,0.0120722,over_ai,0.0158373,over_ai,0.00825295,countIP,1.51068e+10,countIP0,1.60123e+10,keysum,1.4915e+10,pktSum,6.90741e+10,aggrSum,1.73564e+08,blackkey_num,289970523,feedback,37,feedsumportion,0.882089,finger0,11,finger,15,time,307603,runTime,406.555
line,6727273,total,0.0128273,total0,0.0735414,false,0.00403507,over,0.0139694,false0,0.0204802,over0,0.0709026,overaggr,0.0116028,overcuckoo,0.00122457,over_uai,0.0104484,over_uai,0.000596663,over_utai,0.0209015,over_utai,0.0120323,over_ai,0.015794,over_ai,0.00822619,countIP,1.51523e+10,countIP0,1.60606e+10,keysum,1.49604e+10,pktSum,6.92587e+10,aggrSum,1.73582e+08,blackkey_num,295092120,feedback,37,feedsumportion,0.882089,finger0,11,finger,15,time,307603,runTime,407.555
line,6743990,total,0.0127927,total0,0.0735404,false,0.00400135,over,0.0138417,false0,0.0205029,over0,0.0709248,overaggr,0.0115713,overcuckoo,0.00122146,over_uai,0.00543063,over_uai,0.00109392,over_utai,0.0208558,over_utai,0.0120015,over_ai,0.0157477,over_ai,0.00820658,countIP,1.51953e+10,countIP0,1.61067e+10,keysum,1.50033e+10,pktSum,6.94383e+10,aggrSum,1.73607e+08,blackkey_num,300360849,feedback,37,feedsumportion,0.882089,finger0,11,finger,15,time,307603,runTime,408.555
line,6760777,total,0.0127616,total0,0.0735139,false,0.00396873,over,0.0137286,false0,0.0204842,over0,0.0708587,overaggr,0.0115431,overcuckoo,0.00121855,over_uai,0.00731612,over_uai,0.000976814,over_utai,0.0208148,over_utai,0.011975,over_ai,0.0157046,over_ai,0.00818999,countIP,1.52342e+10,countIP0,1.61481e+10,keysum,1.50423e+10,pktSum,6.96116e+10,aggrSum,1.73635e+08,blackkey_num,305613712,feedback,37,feedsumportion,0.882089,finger0,11,finger,15,time,307603,runTime,409.555
line,6777052,total,0.0127294,total0,0.0734743,false,0.00393778,over,0.0136128,false0,0.0204661,over0,0.0707504,overaggr,0.0115139,overcuckoo,0.00121555,over_uai,0.00471671,over_uai,0.00110248,over_utai,0.0207705,over_utai,0.0119473,over_ai,0.0156624,over_ai,0.0081709,countIP,1.52746e+10,countIP0,1.61908e+10,keysum,1.50826e+10,pktSum,6.97812e+10,aggrSum,1.73659e+08,blackkey_num,308452188,feedback,37,feedsumportion,0.882089,finger0,11,finger,15,time,307603,runTime,410.555
line,6793497,total,0.0126988,total0,0.0734673,false,0.00390449,over,0.0135038,false0,0.0204568,over0,0.0707505,overaggr,0.0114862,overcuckoo,0.00121256,over_uai,0.00191308,over_uai,0.00098851,over_utai,0.0207206,over_utai,0.0119204,over_ai,0.0156234,over_ai,0.00815181,countIP,1.53134e+10,countIP0,1.62323e+10,keysum,1.51214e+10,pktSum,6.99614e+10,aggrSum,1.73688e+08,blackkey_num,311316278,feedback,38,feedsumportion,0.381597,finger0,11,finger,15,time,308633,runTime,411.555
line,6809976,total,0.0126641,total0,0.0734343,false,0.00387347,over,0.0133821,false0,0.0204549,over0,0.0706678,overaggr,0.0114547,overcuckoo,0.00120939,over_uai,0.00153964,over_uai,0.000887759,over_utai,0.0206637,over_utai,0.0118898,over_ai,0.0155779,over_ai,0.00813139,countIP,1.53574e+10,countIP0,1.6279e+10,keysum,1.51654e+10,pktSum,7.01403e+10,aggrSum,1.73715e+08,blackkey_num,314760040,feedback,38,feedsumportion,0.381597,finger0,11,finger,15,time,308633,runTime,412.555
line,6826461,total,0.0126299,total0,0.0733953,false,0.00384342,over,0.0132638,false0,0.0204478,over0,0.0705662,overaggr,0.0114235,overcuckoo,0.00120642,over_uai,0.00146674,over_uai,0.000917965,over_utai,0.020607,over_utai,0.0118612,over_ai,0.015532,over_ai,0.00811213,countIP,1.54009e+10,countIP0,1.63251e+10,keysum,1.52089e+10,pktSum,7.03165e+10,aggrSum,1.73739e+08,blackkey_num,318291386,feedback,38,feedsumportion,0.381597,finger0,11,finger,15,time,308633,runTime,413.555
line,6843205,total,0.0126008,total0,0.0734034,false,0.00381396,over,0.0131641,false0,0.020459,over0,0.0706156,overaggr,0.0113965,overcuckoo,0.00120429,over_uai,0.00236876,over_uai,0.000924338,over_utai,0.0205575,over_utai,0.0118332,over_ai,0.015496,over_ai,0.00809258,countIP,1.54393e+10,countIP0,1.63663e+10,keysum,1.52471e+10,pktSum,7.04892e+10,aggrSum,1.73764e+08,blackkey_num,322224063,feedback,38,feedsumportion,0.381597,finger0,11,finger,15,time,308633,runTime,414.555
line,6859829,total,0.0125665,total0,0.0734345,false,0.00378225,over,0.0130482,false0,0.0205058,over0,0.070742,overaggr,0.0113655,overcuckoo,0.00120104,over_uai,0.00204706,over_uai,0.000705927,over_utai,0.0205041,over_utai,0.0118013,over_ai,0.015455,over_ai,0.00806891,countIP,1.54839e+10,countIP0,1.64146e+10,keysum,1.52917e+10,pktSum,7.06796e+10,aggrSum,1.73798e+08,blackkey_num,325475215,feedback,38,feedsumportion,0.381597,finger0,11,finger,15,time,308633,runTime,415.555
line,6876777,total,0.0127843,total0,0.0734789,false,0.00398725,over,0.0137411,false0,0.0205762,over0,0.0709109,overaggr,0.0115862,overcuckoo,0.00119803,over_uai,0.131374,over_uai,0.000554671,over_utai,0.0208175,over_utai,0.0117652,over_ai,0.0158416,over_ai,0.00804232,countIP,1.55351e+10,countIP0,1.64661e+10,keysum,1.5339e+10,pktSum,7.08728e+10,aggrSum,1.77721e+08,blackkey_num,326531977,feedback,40,feedsumportion,0.490086,finger0,11,finger,15,time,305960,runTime,416.555
line,6893385,total,0.0128967,total0,0.0734586,false,0.00409556,over,0.0140887,false0,0.0206029,over0,0.0708737,overaggr,0.0117016,overcuckoo,0.00119509,over_uai,0.07527,over_uai,0.000541486,over_utai,0.0209827,over_utai,0.0117306,over_ai,0.0160509,over_ai,0.00801462,countIP,1.55887e+10,countIP0,1.65207e+10,keysum,1.53902e+10,pktSum,7.10702e+10,aggrSum,1.80091e+08,blackkey_num,327482518,feedback,40,feedsumportion,0.490086,finger0,11,finger,15,time,305960,runTime,417.555
line,6910095,total,0.0130287,total0,0.0734117,false,0.00421917,over,0.0144936,false0,0.0205961,over0,0.0707513,overaggr,0.0118366,overcuckoo,0.00119203,over_uai,0.0987094,over_uai,0.000774292,over_utai,0.0211808,over_utai,0.0116919,over_ai,0.0162998,over_ai,0.00798365,countIP,1.56403e+10,countIP0,1.65725e+10,keysum,1.54391e+10,pktSum,7.12638e+10,aggrSum,1.82747e+08,blackkey_num,328768689,feedback,40,feedsumportion,0.490086,finger0,11,finger,15,time,305960,runTime,418.555
line,6926831,total,0.0131554,total0,0.0733029,false,0.00434098,over,0.0148755,false0,0.0205553,over0,0.0704382,overaggr,0.0119669,overcuckoo,0.00118843,over_uai,0.0752001,over_uai,0.000496741,over_utai,0.0213602,over_utai,0.0116528,over_ai,0.016536,over_ai,0.00795419,countIP,1.56951e+10,countIP0,1.66269e+10,keysum,1.54913e+10,pktSum,7.14538e+10,aggrSum,1.85384e+08,blackkey_num,329925970,feedback,40,feedsumportion,0.490086,finger0,11,finger,15,time,305960,runTime,419.555
line,6943767,total,0.0132791,total0,0.0731978,false,0.00445684,over,0.0152436,false0,0.020507,over0,0.0701396,overaggr,0.0120931,overcuckoo,0.00118595,over_uai,0.0906573,over_uai,0.000820539,over_utai,0.0215459,over_utai,0.0116158,over_ai,0.0167702,over_ai,0.00792398,countIP,1.57477e+10,countIP0,1.66789e+10,keysum,1.55413e+10,pktSum,7.16427e+10,aggrSum,1.87943e+08,blackkey_num,330979152,feedback,40,feedsumportion,0.490086,finger0,11,finger,15,time,305960,runTime,420.555
line,6960695,total,0.0132443,total0,0.0730956,false,0.0044291,over,0.0151159,false0,0.0204681,over0,0.0698548,overaggr,0.012061,overcuckoo,0.00118339,over_uai,0.00626,over_uai,0.00070369,over_utai,0.0215041,over_utai,0.0115777,over_ai,0.0167368,over_ai,0.00789377,countIP,1.57997e+10,countIP0,1.6733e+10,keysum,1.55932e+10,pktSum,7.18345e+10,aggrSum,1.88068e+08,blackkey_num,333374402,feedback,37,feedsumportion,0.993928,finger0,11,finger,15,time,309272,runTime,421.555
line,6977470,total,0.0132101,total0,0.0729956,false,0.00440394,over,0.0149913,false0,0.0204407,over0,0.0695816,overaggr,0.0120296,overcuckoo,0.00118051,over_uai,0.00964796,over_uai,0.000514387,over_utai,0.021472,over_utai,0.011537,over_ai,0.0167085,over_ai,0.00785992,countIP,1.58529e+10,countIP0,1.67883e+10,keysum,1.56462e+10,pktSum,7.20237e+10,aggrSum,1.88217e+08,blackkey_num,336330272,feedback,37,feedsumportion,0.993928,finger0,11,finger,15,time,309272,runTime,422.555
line,6994395,total,0.0131706,total0,0.0729114,false,0.00437896,over,0.0148512,false0,0.020452,over0,0.0693628,overaggr,0.0119934,overcuckoo,0.00117722,over_uai,0.00714208,over_uai,0.000597345,over_utai,0.0214307,over_utai,0.0114949,over_ai,0.0166735,over_ai,0.0078237,countIP,1.59102e+10,countIP0,1.68483e+10,keysum,1.57033e+10,pktSum,7.22107e+10,aggrSum,1.88337e+08,blackkey_num,338426942,feedback,37,feedsumportion,0.993928,finger0,11,finger,15,time,309272,runTime,423.555
line,7011206,total,0.0131315,total0,0.072801,false,0.00435269,over,0.0147147,false0,0.0204304,over0,0.0690667,overaggr,0.0119577,overcuckoo,0.00117375,over_uai,0.00521268,over_uai,0.000578635,over_utai,0.0213871,over_utai,0.0114501,over_ai,0.0166418,over_ai,0.00778615,countIP,1.59664e+10,countIP0,1.69068e+10,keysum,1.57595e+10,pktSum,7.24003e+10,aggrSum,1.88448e+08,blackkey_num,339946299,feedback,37,feedsumportion,0.993928,finger0,11,finger,15,time,309272,runTime,424.555
line,7028163,total,0.0130994,total0,0.0727191,false,0.00432784,over,0.0146032,false0,0.0204062,over0,0.0688554,overaggr,0.0119281,overcuckoo,0.00117123,over_uai,0.00587138,over_uai,0.00071689,over_utai,0.0213464,over_utai,0.0114116,over_ai,0.0166108,over_ai,0.00775849,countIP,1.60157e+10,countIP0,1.69582e+10,keysum,1.58087e+10,pktSum,7.25825e+10,aggrSum,1.88568e+08,blackkey_num,342302046,feedback,37,feedsumportion,0.993928,finger0,11,finger,15,time,309272,runTime,425.555
line,7044771,total,0.0130585,total0,0.0726433,false,0.0042962,over,0.0144663,false0,0.0203927,over0,0.0686671,overaggr,0.0118907,overcuckoo,0.00116781,over_uai,0.00903787,over_uai,0.00068017,over_utai,0.0213158,over_utai,0.0113696,over_ai,0.0165714,over_ai,0.00772573,countIP,1.60681e+10,countIP0,1.70132e+10,keysum,1.5861e+10,pktSum,7.27741e+10,aggrSum,1.88598e+08,blackkey_num,344828012,feedback,37,feedsumportion,0.873747,finger0,11,finger,15,time,310748,runTime,426.555
line,7061144,total,0.0130141,total0,0.0725247,false,0.00426466,over,0.0143196,false0,0.0203582,over0,0.0683574,overaggr,0.01185,overcuckoo,0.00116403,over_uai,0.00591099,over_uai,0.000435269,over_utai,0.0212787,over_utai,0.0113198,over_ai,0.0165338,over_ai,0.00768662,countIP,1.61249e+10,countIP0,1.70722e+10,keysum,1.59178e+10,pktSum,7.29713e+10,aggrSum,1.88626e+08,blackkey_num,347501985,feedback,37,feedsumportion,0.873747,finger0,11,finger,15,time,310748,runTime,427.555
line,7077488,total,0.0129727,total0,0.0723995,false,0.00423351,over,0.0141847,false0,0.0203038,over0,0.0680295,overaggr,0.0118121,overcuckoo,0.00116052,over_uai,0.00624494,over_uai,0.000522912,over_utai,0.0212386,over_utai,0.0112738,over_ai,0.0164952,over_ai,0.00765275,countIP,1.61783e+10,countIP0,1.71274e+10,keysum,1.59711e+10,pktSum,7.31649e+10,aggrSum,1.88653e+08,blackkey_num,350168142,feedback,37,feedsumportion,0.873747,finger0,11,finger,15,time,310748,runTime,428.555
line,7094431,total,0.0129437,total0,0.0723643,false,0.00420269,over,0.0140909,false0,0.020269,over0,0.0679582,overaggr,0.0117843,overcuckoo,0.00115934,over_uai,0.00682883,over_uai,0.000828405,over_utai,0.0212019,over_utai,0.0112443,over_ai,0.0164614,over_ai,0.00763297,countIP,1.62184e+10,countIP0,1.71698e+10,keysum,1.60111e+10,pktSum,7.33511e+10,aggrSum,1.88681e+08,blackkey_num,352891349,feedback,37,feedsumportion,0.873747,finger0,11,finger,15,time,310748,runTime,429.555
line,7110904,total,0.01291,total0,0.0723569,false,0.00417161,over,0.0139832,false0,0.0202783,over0,0.0679727,overaggr,0.0117527,overcuckoo,0.00115728,over_uai,0.00764006,over_uai,0.000571344,over_utai,0.0211654,over_utai,0.011212,over_ai,0.0164197,over_ai,0.00761157,countIP,1.62636e+10,countIP0,1.72181e+10,keysum,1.60563e+10,pktSum,7.35431e+10,aggrSum,1.88705e+08,blackkey_num,355809277,feedback,37,feedsumportion,0.873747,finger0,11,finger,15,time,310748,runTime,430.555
line,7127404,total,0.0128765,total0,0.0723859,false,0.00414349,over,0.0138772,false0,0.0203315,over0,0.0680931,overaggr,0.0117215,overcuckoo,0.00115501,over_uai,0.00277898,over_uai,0.000919905,over_utai,0.0211168,over_utai,0.0111792,over_ai,0.0163793,over_ai,0.00759003,countIP,1.63095e+10,countIP0,1.72678e+10,keysum,1.61022e+10,pktSum,7.37272e+10,aggrSum,1.88742e+08,blackkey_num,358873586,feedback,38,feedsumportion,0.550296,finger0,11,finger,15,time,306687,runTime,431.555
line,7144037,total,0.0128447,total0,0.072496,false,0.00411446,over,0.0137777,false0,0.0204395,over0,0.0684434,overaggr,0.0116923,overcuckoo,0.00115235,over_uai,0.00242102,over_uai,0.000741721,over_utai,0.0210712,over_utai,0.0111486,over_ai,0.0163403,over_ai,0.00756996,countIP,1.6352e+10,countIP0,1.73151e+10,keysum,1.61447e+10,pktSum,7.39088e+10,aggrSum,1.88769e+08,blackkey_num,361903076,feedback,38,feedsumportion,0.550296,finger0,11,finger,15,time,306687,runTime,432.555
line,7160677,total,0.0128133,total0,0.0725001,false,0.00408563,over,0.0136805,false0,0.0204532,over0,0.0684862,overaggr,0.0116637,overcuckoo,0.00114956,over_uai,0.00221008,over_uai,0.000881428,over_utai,0.021022,over_utai,0.0111126,over_ai,0.0163028,over_ai,0.00754939,countIP,1.63948e+10,countIP0,1.73609e+10,keysum,1.61874e+10,pktSum,7.40935e+10,aggrSum,1.88805e+08,blackkey_num,364780881,feedback,38,feedsumportion,0.550296,finger0,11,finger,15,time,306687,runTime,433.555
line,7177024,total,0.0127819,total0,0.0725521,false,0.00405685,over,0.0135841,false0,0.0205066,over0,0.0686652,overaggr,0.0116345,overcuckoo,0.00114742,over_uai,0.00209361,over_uai,0.00132395,over_utai,0.0209772,over_utai,0.0110774,over_ai,0.0162649,over_ai,0.00753003,countIP,1.64381e+10,countIP0,1.74082e+10,keysum,1.62306e+10,pktSum,7.42816e+10,aggrSum,1.88835e+08,blackkey_num,367529144,feedback,38,feedsumportion,0.550296,finger0,11,finger,15,time,306687,runTime,434.555
line,7193644,total,0.0127497,total0,0.0725708,false,0.00402963,over,0.0134865,false0,0.0205412,over0,0.068748,overaggr,0.0116049,overcuckoo,0.00114479,over_uai,0.00199752,over_uai,0.00134969,over_utai,0.0209246,over_utai,0.0110508,over_ai,0.0162192,over_ai,0.00751408,countIP,1.64816e+10,countIP0,1.74552e+10,keysum,1.62741e+10,pktSum,7.44617e+10,aggrSum,1.8886e+08,blackkey_num,370290782,feedback,38,feedsumportion,0.550296,finger0,11,finger,15,time,306687,runTime,435.555
line,7210182,total,0.0127787,total0,0.0725702,false,0.00405533,over,0.0135628,false0,0.0205644,over0,0.068776,overaggr,0.0116362,overcuckoo,0.0011425,over_uai,0.0358656,over_uai,0.00103629,over_utai,0.0209654,over_utai,0.0110212,over_ai,0.0162805,over_ai,0.00749629,countIP,1.65275e+10,countIP0,1.75033e+10,keysum,1.6319e+10,pktSum,7.46428e+10,aggrSum,1.89891e+08,blackkey_num,371287403,feedback,39,feedsumportion,0.539526,finger0,11,finger,15,time,307008,runTime,436.555
line,7226568,total,0.0127824,total0,0.0724971,false,0.00406159,over,0.0135665,false0,0.0205383,over0,0.0686018,overaggr,0.0116423,overcuckoo,0.00114003,over_uai,0.0250386,over_uai,0.00103765,over_utai,0.0209764,over_utai,0.0109865,over_ai,0.0163014,over_ai,0.00747654,countIP,1.65767e+10,countIP0,1.75541e+10,keysum,1.63675e+10,pktSum,7.48289e+10,aggrSum,1.90555e+08,blackkey_num,372261054,feedback,39,feedsumportion,0.539526,finger0,11,finger,15,time,307008,runTime,437.555
line,7242727,total,0.0127994,total0,0.0724186,false,0.0040767,over,0.0136079,false0,0.0204953,over0,0.0684128,overaggr,0.0116614,overcuckoo,0.00113794,over_uai,0.0282061,over_uai,0.0009516,over_utai,0.0209971,over_utai,0.0109546,over_ai,0.0163439,over_ai,0.00745746,countIP,1.66238e+10,countIP0,1.76023e+10,keysum,1.64137e+10,pktSum,7.50164e+10,aggrSum,1.91407e+08,blackkey_num,373166002,feedback,39,feedsumportion,0.539526,finger0,11,finger,15,time,307008,runTime,438.555
line,7259405,total,0.0128154,total0,0.0723152,false,0.00409443,over,0.013646,false0,0.0204504,over0,0.0681574,overaggr,0.0116803,overcuckoo,0.00113509,over_uai,0.0284711,over_uai,0.000752306,over_utai,0.0210188,over_utai,0.0109253,over_ai,0.016382,over_ai,0.00743944,countIP,1.66728e+10,countIP0,1.76523e+10,keysum,1.64618e+10,pktSum,7.51947e+10,aggrSum,1.92279e+08,blackkey_num,373976462,feedback,39,feedsumportion,0.539526,finger0,11,finger,15,time,307008,runTime,439.555
line,7275749,total,0.012877,total0,0.0722077,false,0.00414989,over,0.0138097,false0,0.0204026,over0,0.0678944,overaggr,0.0117451,overcuckoo,0.00113188,over_uai,0.0501421,over_uai,0.000637063,over_utai,0.0211079,over_utai,0.0108948,over_ai,0.0164982,over_ai,0.00741984,countIP,1.67244e+10,countIP0,1.77041e+10,keysum,1.65118e+10,pktSum,7.5381e+10,aggrSum,1.93933e+08,blackkey_num,374797418,feedback,39,feedsumportion,0.539526,finger0,11,finger,15,time,307008,runTime,440.555
line,7291960,total,0.0128461,total0,0.0721467,false,0.00412627,over,0.0137169,false0,0.020384,over0,0.0677622,overaggr,0.0117173,overcuckoo,0.00112884,over_uai,0.00459591,over_uai,0.000412612,over_utai,0.0210612,over_utai,0.010863,over_ai,0.0164614,over_ai,0.00739783,countIP,1.67743e+10,countIP0,1.77564e+10,keysum,1.65615e+10,pktSum,7.55755e+10,aggrSum,1.94056e+08,blackkey_num,376912397,feedback,39,feedsumportion,0.981524,finger0,11,finger,15,time,307594,runTime,441.555
line,7308165,total,0.0128182,total0,0.0722007,false,0.00410343,over,0.0136337,false0,0.0204496,over0,0.067944,overaggr,0.0116917,overcuckoo,0.00112657,over_uai,0.00803381,over_uai,0.000852154,over_utai,0.0210237,over_utai,0.0108377,over_ai,0.0164236,over_ai,0.00738109,countIP,1.68211e+10,countIP0,1.78073e+10,keysum,1.66082e+10,pktSum,7.57667e+10,aggrSum,1.94178e+08,blackkey_num,379376205,feedback,39,feedsumportion,0.981524,finger0,11,finger,15,time,307594,runTime,442.555
line,7324807,total,0.0127947,total0,0.0722229,false,0.00408251,over,0.0135639,false0,0.020477,over0,0.0680338,overaggr,0.0116696,overcuckoo,0.00112516,over_uai,0.00912559,over_uai,0.000749829,over_utai,0.0209915,over_utai,0.0108115,over_ai,0.0163969,over_ai,0.00736337,countIP,1.68629e+10,countIP0,1.78524e+10,keysum,1.66499e+10,pktSum,7.59465e+10,aggrSum,1.94297e+08,blackkey_num,380745411,feedback,39,feedsumportion,0.981524,finger0,11,finger,15,time,307594,runTime,443.555
line,7341646,total,0.012771,total0,0.0721527,false,0.0040645,over,0.0134941,false0,0.0204434,over0,0.0678722,overaggr,0.0116483,overcuckoo,0.00112276,over_uai,0.00583715,over_uai,0.000712386,over_utai,0.0209544,over_utai,0.0107851,over_ai,0.0163717,over_ai,0.00734403,countIP,1.69062e+10,countIP0,1.78975e+10,keysum,1.6693e+10,pktSum,7.61179e+10,aggrSum,1.94445e+08,blackkey_num,382357164,feedback,39,feedsumportion,0.981524,finger0,11,finger,15,time,307594,runTime,444.555
line,7358471,total,0.0127479,total0,0.0721794,false,0.0040429,over,0.0134269,false0,0.0204667,over0,0.067972,overaggr,0.0116273,overcuckoo,0.00112063,over_uai,0.0043369,over_uai,0.000970043,over_utai,0.0209179,over_utai,0.010759,over_ai,0.0163473,over_ai,0.0073262,countIP,1.6946e+10,countIP0,1.79405e+10,keysum,1.67327e+10,pktSum,7.6296e+10,aggrSum,1.94555e+08,blackkey_num,384187681,feedback,39,feedsumportion,0.981524,finger0,11,finger,15,time,307594,runTime,445.555
line,7375387,total,0.0127187,total0,0.07214,false,0.00401923,over,0.0133436,false0,0.0204504,over0,0.0678939,overaggr,0.0115999,overcuckoo,0.00111875,over_uai,0.0141026,over_uai,0.00120838,over_utai,0.0209017,over_utai,0.0107364,over_ai,0.0163098,over_ai,0.00730989,countIP,1.69876e+10,countIP0,1.79844e+10,keysum,1.67743e+10,pktSum,7.64684e+10,aggrSum,1.9458e+08,blackkey_num,386236416,feedback,32,feedsumportion,0.882741,finger0,11,finger,15,time,306397,runTime,446.555
line,7392281,total,0.0126909,total0,0.0721031,false,0.00399578,over,0.013265,false0,0.02043,over0,0.0678224,overaggr,0.0115738,overcuckoo,0.00111712,over_uai,0.00760271,over_uai,0.00120691,over_utai,0.0208713,over_utai,0.0107122,over_ai,0.0162757,over_ai,0.00729317,countIP,1.70282e+10,countIP0,1.80272e+10,keysum,1.68148e+10,pktSum,7.66422e+10,aggrSum,1.94611e+08,blackkey_num,388377490,feedback,32,feedsumportion,0.882741,finger0,11,finger,15,time,306397,runTime,447.555
line,7408863,total,0.0126627,total0,0.0720945,false,0.00397138,over,0.0131858,false0,0.0204285,over0,0.067827,overaggr,0.0115473,overcuckoo,0.00111538,over_uai,0.00722121,over_uai,0.00122151,over_utai,0.0208395,over_utai,0.0106899,over_ai,0.0162393,over_ai,0.00727723,countIP,1.7069e+10,countIP0,1.80708e+10,keysum,1.68556e+10,pktSum,7.68213e+10,aggrSum,1.94637e+08,blackkey_num,390581863,feedback,32,feedsumportion,0.882741,finger0,11,finger,15,time,306397,runTime,448.555
line,7425804,total,0.0126348,total0,0.072056,false,0.00394903,over,0.0131082,false0,0.0204114,over0,0.0677525,overaggr,0.0115206,overcuckoo,0.00111427,over_uai,0.0107056,over_uai,0.0012962,over_utai,0.0208165,over_utai,0.0106669,over_ai,0.0162057,over_ai,0.00725976,countIP,1.71109e+10,countIP0,1.81149e+10,keysum,1.68974e+10,pktSum,7.69965e+10,aggrSum,1.94668e+08,blackkey_num,392091397,feedback,32,feedsumportion,0.882741,finger0,11,finger,15,time,306397,runTime,449.555
line,7442629,total,0.0126085,total0,0.0720319,false,0.00392785,over,0.0130353,false0,0.020405,over0,0.0677178,overaggr,0.0114935,overcuckoo,0.00111509,over_uai,0.00670639,over_uai,0.00319672,over_utai,0.0207827,over_utai,0.0106493,over_ai,0.016169,over_ai,0.00725015,countIP,1.71541e+10,countIP0,1.81608e+10,keysum,1.69405e+10,pktSum,7.71786e+10,aggrSum,1.94705e+08,blackkey_num,393837049,feedback,32,feedsumportion,0.882741,finger0,11,finger,15,time,306397,runTime,450.555
line,7458940,total,0.0125787,total0,0.0719736,false,0.00390343,over,0.0129535,false0,0.0203684,over0,0.0675925,overaggr,0.0114656,overcuckoo,0.00111303,over_uai,0.00108141,over_uai,0.000851268,over_utai,0.0207325,over_utai,0.0106289,over_ai,0.0161282,over_ai,0.00723438,countIP,1.7197e+10,countIP0,1.82057e+10,keysum,1.69834e+10,pktSum,7.73625e+10,aggrSum,1.94725e+08,blackkey_num,395412569,feedback,38,feedsumportion,0.701075,finger0,11,finger,15,time,308134,runTime,451.555
line,7475452,total,0.0125483,total0,0.0719599,false,0.00387973,over,0.0128711,false0,0.0203724,over0,0.0675858,overaggr,0.0114378,overcuckoo,0.00111046,over_uai,0.000704049,over_uai,0.000935009,over_utai,0.0206749,over_utai,0.0106077,over_ai,0.016084,over_ai,0.00722024,countIP,1.72405e+10,countIP0,1.8252e+10,keysum,1.70268e+10,pktSum,7.75436e+10,aggrSum,1.94749e+08,blackkey_num,396846980,feedback,38,feedsumportion,0.701075,finger0,11,finger,15,time,308134,runTime,452.555
line,7492327,total,0.0125159,total0,0.0719396,false,0.00385806,over,0.0127839,false0,0.0203903,over0,0.0675644,overaggr,0.0114076,overcuckoo,0.00110827,over_uai,0.0010937,over_uai,0.000607718,over_utai,0.0206198,over_utai,0.0105839,over_ai,0.0160394,over_ai,0.00720329,countIP,1.72876e+10,countIP0,1.83022e+10,keysum,1.70739e+10,pktSum,7.77211e+10,aggrSum,1.94772e+08,blackkey_num,398577734,feedback,38,feedsumportion,0.701075,finger0,11,finger,15,time,308134,runTime,453.555
line,7508954,total,0.0124849,total0,0.0719382,false,0.00383659,over,0.0127014,false0,0.0204165,over0,0.0675909,overaggr,0.0113789,overcuckoo,0.00110602,over_uai,0.0013047,over_uai,0.000546388,over_utai,0.0205696,over_utai,0.0105591,over_ai,0.0159985,over_ai,0.00718554,countIP,1.73329e+10,countIP0,1.83507e+10,keysum,1.71191e+10,pktSum,7.78969e+10,aggrSum,1.94797e+08,blackkey_num,400450580,feedback,38,feedsumportion,0.701075,finger0,11,finger,15,time,308134,runTime,454.555
line,7525928,total,0.0124559,total0,0.0718834,false,0.00381626,over,0.0126247,false0,0.0203975,over0,0.0674774,overaggr,0.0113517,overcuckoo,0.00110418,over_uai,0.00189293,over_uai,0.000777069,over_utai,0.0205245,over_utai,0.0105364,over_ai,0.0159621,over_ai,0.0071672,countIP,1.73767e+10,countIP0,1.83967e+10,keysum,1.71629e+10,pktSum,7.80692e+10,aggrSum,1.94829e+08,blackkey_num,402356349,feedback,38,feedsumportion,0.701075,finger0,11,finger,15,time,308134,runTime,455.555
line,7542708,total,0.0124338,total0,0.07187,false,0.00379697,over,0.0125664,false0,0.0203856,over0,0.0674679,overaggr,0.0113319,overcuckoo,0.00110184,over_uai,0.00739513,over_uai,0.000867916,over_utai,0.0204932,over_utai,0.0105162,over_ai,0.0159339,over_ai,0.00715275,countIP,1.7415e+10,countIP0,1.84374e+10,keysum,1.72011e+10,pktSum,7.82435e+10,aggrSum,1.94922e+08,blackkey_num,404169367,feedback,34,feedsumportion,0.592198,finger0,11,finger,15,time,307126,runTime,456.555
line,7559225,total,0.0124071,total0,0.0719241,false,0.00377828,over,0.0124969,false0,0.0204492,over0,0.0676373,overaggr,0.011308,overcuckoo,0.00109912,over_uai,0.00635967,over_uai,0.000782217,over_utai,0.0204539,over_utai,0.0104906,over_ai,0.0159014,over_ai,0.00713457,countIP,1.74609e+10,countIP0,1.84873e+10,keysum,1.72469e+10,pktSum,7.84272e+10,aggrSum,1.95028e+08,blackkey_num,406365847,feedback,34,feedsumportion,0.592198,finger0,11,finger,15,time,307126,runTime,457.555
line,7575955,total,0.0123856,total0,0.0719221,false,0.00375978,over,0.012441,false0,0.0204465,over0,0.0676569,overaggr,0.0112888,overcuckoo,0.0010968,over_uai,0.00853349,over_uai,0.000579083,over_utai,0.0204277,over_utai,0.0104676,over_ai,0.0158754,over_ai,0.00711898,countIP,1.74998e+10,countIP0,1.85289e+10,keysum,1.72857e+10,pktSum,7.86038e+10,aggrSum,1.95134e+08,blackkey_num,408387569,feedback,34,feedsumportion,0.592198,finger0,11,finger,15,time,307126,runTime,458.555
line,7592355,total,0.0123578,total0,0.0718765,false,0.00373892,over,0.0123696,false0,0.0204238,over0,0.0675686,overaggr,0.0112636,overcuckoo,0.00109419,over_uai,0.00547307,over_uai,0.000747702,over_utai,0.0203857,over_utai,0.010446,over_ai,0.0158359,over_ai,0.00710442,countIP,1.75446e+10,countIP0,1.85761e+10,keysum,1.73304e+10,pktSum,7.87923e+10,aggrSum,1.95203e+08,blackkey_num,410341770,feedback,34,feedsumportion,0.592198,finger0,11,finger,15,time,307126,runTime,459.555
line,7608740,total,0.0123284,total0,0.0718153,false,0.00372077,over,0.0122948,false0,0.0204104,over0,0.0674433,overaggr,0.0112363,overcuckoo,0.00109207,over_uai,0.00659326,over_uai,0.000914013,over_utai,0.0203532,over_utai,0.0104186,over_ai,0.0158049,over_ai,0.00708272,countIP,1.75932e+10,countIP0,1.8627e+10,keysum,1.73789e+10,pktSum,7.89741e+10,aggrSum,1.95276e+08,blackkey_num,412191278,feedback,34,feedsumportion,0.592198,finger0,11,finger,15,time,307126,runTime,460.555
line,7625679,total,0.0123551,total0,0.0717625,false,0.0037438,over,0.0123628,false0,0.0203918,over0,0.0673375,overaggr,0.0112654,overcuckoo,0.00108975,over_uai,0.0318332,over_uai,0.00145252,over_utai,0.0203852,over_utai,0.0103992,over_ai,0.0158597,over_ai,0.00706855,countIP,1.76384e+10,countIP0,1.86735e+10,keysum,1.74231e+10,pktSum,7.91495e+10,aggrSum,1.96278e+08,blackkey_num,413300507,feedback,38,feedsumportion,0.832543,finger0,11,finger,15,time,307027,runTime,461.555
line,7642390,total,0.0123908,total0,0.0716929,false,0.0037733,over,0.0124529,false0,0.0203593,over0,0.0671907,overaggr,0.0113031,overcuckoo,0.00108775,over_uai,0.0279865,over_uai,0.0133151,over_utai,0.0204053,over_utai,0.0104046,over_ai,0.0159011,over_ai,0.00709353,countIP,1.76846e+10,countIP0,1.87205e+10,keysum,1.74682e+10,pktSum,7.93299e+10,aggrSum,1.97444e+08,blackkey_num,414385707,feedback,38,feedsumportion,0.832543,finger0,11,finger,15,time,307027,runTime,462.555
line,7659240,total,0.0124315,total0,0.0716839,false,0.00380248,over,0.0125548,false0,0.0203509,over0,0.0671934,overaggr,0.011345,overcuckoo,0.00108647,over_uai,0.0303933,over_uai,0.0143306,over_utai,0.0204294,over_utai,0.0104112,over_ai,0.0159499,over_ai,0.00712043,countIP,1.77252e+10,countIP0,1.87625e+10,keysum,1.75075e+10,pktSum,7.95093e+10,aggrSum,1.98623e+08,blackkey_num,415520449,feedback,38,feedsumportion,0.832543,finger0,11,finger,15,time,307027,runTime,463.555
line,7676062,total,0.0124554,total0,0.0716539,false,0.00382107,over,0.012614,false0,0.0203399,over0,0.0671454,overaggr,0.0113704,overcuckoo,0.00108501,over_uai,0.0298573,over_uai,0.00144015,over_utai,0.0204532,over_utai,0.0103932,over_ai,0.015997,over_ai,0.00710826,countIP,1.77686e+10,countIP0,1.88075e+10,keysum,1.755e+10,pktSum,7.9688e+10,aggrSum,1.99549e+08,blackkey_num,416426349,feedback,38,feedsumportion,0.832543,finger0,11,finger,15,time,307027,runTime,464.555
line,7692910,total,0.0124884,total0,0.0716227,false,0.00384439,over,0.0126956,false0,0.0203164,over0,0.0670922,overaggr,0.0114038,overcuckoo,0.00108459,over_uai,0.0354158,over_uai,0.00267697,over_utai,0.020488,over_utai,0.0103786,over_ai,0.0160574,over_ai,0.0070999,countIP,1.78082e+10,countIP0,1.88483e+10,keysum,1.75885e+10,pktSum,7.98622e+10,aggrSum,2.00575e+08,blackkey_num,417305684,feedback,38,feedsumportion,0.832543,finger0,11,finger,15,time,307027,runTime,465.555
line,7709720,total,0.0124627,total0,0.0715734,false,0.00382422,over,0.0126306,false0,0.0202845,over0,0.066995,overaggr,0.0113793,overcuckoo,0.0010834,over_uai,0.0094824,over_uai,0.000995647,over_utai,0.0204612,over_utai,0.0103582,over_ai,0.0160228,over_ai,0.00708563,countIP,1.78481e+10,countIP0,1.88901e+10,keysum,1.76284e+10,pktSum,8.00366e+10,aggrSum,2.00599e+08,blackkey_num,418904925,feedback,42,feedsumportion,0.983174,finger0,11,finger,15,time,309873,runTime,466.555
line,7726668,total,0.0124356,total0,0.0715349,false,0.00380321,over,0.0125623,false0,0.0202615,over0,0.0669254,overaggr,0.0113543,overcuckoo,0.00108133,over_uai,0.00901413,over_uai,0.000909634,over_utai,0.0204335,over_utai,0.0103381,over_ai,0.0159848,over_ai,0.0070719,countIP,1.78887e+10,countIP0,1.89329e+10,keysum,1.7669e+10,pktSum,8.02136e+10,aggrSum,2.00619e+08,blackkey_num,420647204,feedback,42,feedsumportion,0.983174,finger0,11,finger,15,time,309873,runTime,467.555
line,7743416,total,0.0124094,total0,0.0714873,false,0.00378345,over,0.0124967,false0,0.0202345,over0,0.0668344,overaggr,0.0113294,overcuckoo,0.00108,over_uai,0.0107756,over_uai,0.000767627,over_utai,0.02041,over_utai,0.0103174,over_ai,0.015951,over_ai,0.00705624,countIP,1.79302e+10,countIP0,1.89765e+10,keysum,1.77104e+10,pktSum,8.03913e+10,aggrSum,2.00649e+08,blackkey_num,422221601,feedback,42,feedsumportion,0.983174,finger0,11,finger,15,time,309873,runTime,468.555
line,7760051,total,0.0123806,total0,0.0714588,false,0.00376344,over,0.0124252,false0,0.0202307,over0,0.0667926,overaggr,0.011303,overcuckoo,0.00107762,over_uai,0.00866884,over_uai,0.000855167,over_utai,0.0203824,over_utai,0.0102955,over_ai,0.0159158,over_ai,0.00703823,countIP,1.79742e+10,countIP0,1.90231e+10,keysum,1.77544e+10,pktSum,8.05702e+10,aggrSum,2.00678e+08,blackkey_num,423980951,feedback,42,feedsumportion,0.983174,finger0,11,finger,15,time,309873,runTime,469.555
line,7776729,total,0.0123525,total0,0.0714358,false,0.00374334,over,0.012356,false0,0.0202266,over0,0.0667637,overaggr,0.0112772,overcuckoo,0.00107534,over_uai,0.00862125,over_uai,0.000847284,over_utai,0.0203518,over_utai,0.0102753,over_ai,0.0158795,over_ai,0.00702248,countIP,1.80172e+10,countIP0,1.90687e+10,keysum,1.77973e+10,pktSum,8.07492e+10,aggrSum,2.00704e+08,blackkey_num,425598332,feedback,42,feedsumportion,0.983174,finger0,11,finger,15,time,309873,runTime,470.555
line,7793422,total,0.0123265,total0,0.0714293,false,0.00372324,over,0.0122921,false0,0.0202255,over0,0.0667736,overaggr,0.0112531,overcuckoo,0.0010734,over_uai,0.00108932,over_uai,0.00116377,over_utai,0.0203068,over_utai,0.010256,over_ai,0.0158439,over_ai,0.00700884,countIP,1.80576e+10,countIP0,1.91119e+10,keysum,1.78377e+10,pktSum,8.09278e+10,aggrSum,2.00729e+08,blackkey_num,427258811,feedback,39,feedsumportion,0.570625,finger0,11,finger,15,time,311331,runTime,471.555
line,7809835,total,0.0122953,total0,0.0714951,false,0.00370323,over,0.0122162,false0,0.0202995,over0,0.0669639,overaggr,0.0112246,overcuckoo,0.00107068,over_uai,0.000933974,over_uai,0.000520689,over_utai,0.0202596,over_utai,0.010232,over_ai,0.0158068,over_ai,0.00698887,countIP,1.81045e+10,countIP0,1.91633e+10,keysum,1.78846e+10,pktSum,8.11102e+10,aggrSum,2.00748e+08,blackkey_num,429185859,feedback,39,feedsumportion,0.570625,finger0,11,finger,15,time,311331,runTime,472.555
line,7826564,total,0.0122642,total0,0.0716086,false,0.00368435,over,0.0121412,false0,0.0204132,over0,0.0672688,overaggr,0.0111961,overcuckoo,0.00106812,over_uai,0.00106976,over_uai,0.000587327,over_utai,0.0202157,over_utai,0.0102061,over_ai,0.0157725,over_ai,0.0069673,countIP,1.81519e+10,countIP0,1.9216e+10,keysum,1.79319e+10,pktSum,8.1288e+10,aggrSum,2.00767e+08,blackkey_num,431611126,feedback,39,feedsumportion,0.570625,finger0,11,finger,15,time,311331,runTime,473.555
line,7843500,total,0.0122345,total0,0.0717091,false,0.00366544,over,0.0120701,false0,0.0205103,over0,0.0675389,overaggr,0.0111688,overcuckoo,0.00106567,over_uai,0.00113409,over_uai,0.000833376,over_utai,0.0201679,over_utai,0.0101846,over_ai,0.0157342,over_ai,0.00695012,countIP,1.81979e+10,countIP0,1.92672e+10,keysum,1.7978e+10,pktSum,8.14679e+10,aggrSum,2.00793e+08,blackkey_num,433562313,feedback,39,feedsumportion,0.570625,finger0,11,finger,15,time,311331,runTime,474.555
line,7860369,total,0.0122159,total0,0.0718055,false,0.00365384,over,0.0120262,false0,0.0205983,over0,0.0677972,overaggr,0.0111416,overcuckoo,0.0010743,over_uai,0.00108235,over_uai,0.00678824,over_utai,0.0201196,over_utai,0.0101751,over_ai,0.015701,over_ai,0.00695696,countIP,1.82443e+10,countIP0,1.93184e+10,keysum,1.80242e+10,pktSum,8.16546e+10,aggrSum,2.00818e+08,blackkey_num,435276151,feedback,39,feedsumportion,0.570625,finger0,11,finger,15,time,311331,runTime,475.555
line,7877291,total,0.0121966,total0,0.0719181,false,0.00364298,over,0.011981,false0,0.0207047,over0,0.0680935,overaggr,0.011125,overcuckoo,0.00107156,over_uai,0.00810324,over_uai,0.000850622,over_utai,0.0200923,over_utai,0.0101466,over_ai,0.0156872,over_ai,0.00693584,countIP,1.82926e+10,countIP0,1.93719e+10,keysum,1.80722e+10,pktSum,8.18413e+10,aggrSum,2.01054e+08,blackkey_num,436858252,feedback,38,feedsumportion,0.402232,finger0,11,finger,15,time,311031,runTime,476.555
line,7894267,total,0.0121711,total0,0.0720455,false,0.00362577,over,0.0119214,false0,0.0208096,over0,0.0684212,overaggr,0.0111021,overcuckoo,0.00106905,over_uai,0.002963,over_uai,0.000841721,over_utai,0.0200554,over_utai,0.0101192,over_ai,0.0156593,over_ai,0.00691763,countIP,1.83375e+10,countIP0,1.94223e+10,keysum,1.8117e+10,pktSum,8.20272e+10,aggrSum,2.01137e+08,blackkey_num,438397657,feedback,38,feedsumportion,0.402232,finger0,11,finger,15,time,311031,runTime,477.555
line,7911024,total,0.0121445,total0,0.0721758,false,0.00360808,over,0.0118593,false0,0.0209176,over0,0.0687535,overaggr,0.0110779,overcuckoo,0.00106659,over_uai,0.00204985,over_uai,0.000631135,over_utai,0.0200154,over_utai,0.0100952,over_ai,0.0156291,over_ai,0.00689907,countIP,1.83819e+10,countIP0,1.94722e+10,keysum,1.81614e+10,pktSum,8.22091e+10,aggrSum,2.01191e+08,blackkey_num,440192272,feedback,38,feedsumportion,0.402232,finger0,11,finger,15,time,311031,runTime,478.555
line,7928076,total,0.0121174,total0,0.0722785,false,0.00359177,over,0.0117966,false0,0.0210144,over0,0.0690184,overaggr,0.0110533,overcuckoo,0.00106408,over_uai,0.00228357,over_uai,0.000894308,over_utai,0.0199739,over_utai,0.0100707,over_ai,0.0155978,over_ai,0.00688142,countIP,1.84285e+10,countIP0,1.95239e+10,keysum,1.82078e+10,pktSum,8.23888e+10,aggrSum,2.01257e+08,blackkey_num,441894631,feedback,38,feedsumportion,0.402232,finger0,11,finger,15,time,311031,runTime,479.555
line,7945055,total,0.0120903,total0,0.0722163,false,0.00357643,over,0.0117344,false0,0.020997,over0,0.0688917,overaggr,0.0110286,overcuckoo,0.00106174,over_uai,0.00791383,over_uai,0.000570343,over_utai,0.0199435,over_utai,0.0100448,over_ai,0.0155696,over_ai,0.0068605,countIP,1.84774e+10,countIP0,1.95752e+10,keysum,1.82567e+10,pktSum,8.25727e+10,aggrSum,2.01345e+08,blackkey_num,443816787,feedback,38,feedsumportion,0.402232,finger0,11,finger,15,time,311031,runTime,480.555
line,7962350,total,0.0120952,total0,0.072152,false,0.00358293,over,0.0117481,false0,0.0209703,over0,0.0687598,overaggr,0.0110354,overcuckoo,0.00105984,over_uai,0.0246077,over_uai,0.000529025,over_utai,0.0199537,over_utai,0.0100222,over_ai,0.0155909,over_ai,0.00684298,countIP,1.85246e+10,countIP0,1.96239e+10,keysum,1.83032e+10,pktSum,8.27554e+10,aggrSum,2.01983e+08,blackkey_num,444839089,feedback,36,feedsumportion,0.842023,finger0,11,finger,15,time,312555,runTime,481.555
line,7979510,total,0.0121239,total0,0.0721079,false,0.00360315,over,0.0118176,false0,0.0209387,over0,0.0686745,overaggr,0.0110661,overcuckoo,0.00105783,over_uai,0.0408557,over_uai,0.000592019,over_utai,0.0199971,over_utai,0.00999814,over_ai,0.0156556,over_ai,0.00682507,countIP,1.85683e+10,countIP0,1.96687e+10,keysum,1.83459e+10,pktSum,8.29446e+10,aggrSum,2.03017e+08,blackkey_num,445948531,feedback,36,feedsumportion,0.842023,finger0,11,finger,15,time,312555,runTime,482.555
line,7996236,total,0.0121321,total0,0.0720604,false,0.00360972,over,0.0118385,false0,0.0209117,over0,0.0685824,overaggr,0.0110765,overcuckoo,0.00105563,over_uai,0.0238579,over_uai,0.000609406,over_utai,0.0200044,over_utai,0.00997285,over_ai,0.0156852,over_ai,0.00680653,countIP,1.86134e+10,countIP0,1.97154e+10,keysum,1.83902e+10,pktSum,8.31333e+10,aggrSum,2.03699e+08,blackkey_num,446936450,feedback,36,feedsumportion,0.842023,finger0,11,finger,15,time,312555,runTime,483.555
line,8013228,total,0.0121481,total0,0.0720278,false,0.00362202,over,0.0118776,false0,0.0208963,over0,0.068525,overaggr,0.0110946,overcuckoo,0.00105353,over_uai,0.0279411,over_uai,0.000624564,over_utai,0.020021,over_utai,0.00995021,over_ai,0.0157268,over_ai,0.00678913,countIP,1.86567e+10,countIP0,1.97604e+10,keysum,1.84328e+10,pktSum,8.33126e+10,aggrSum,2.04504e+08,blackkey_num,447959105,feedback,36,feedsumportion,0.842023,finger0,11,finger,15,time,312555,runTime,484.555
line,8029988,total,0.0121552,total0,0.0719779,false,0.00362727,over,0.0118956,false0,0.0208653,over0,0.0684278,overaggr,0.0111037,overcuckoo,0.00105154,over_uai,0.0201612,over_uai,0.000924775,over_utai,0.0200198,over_utai,0.00993018,over_ai,0.0157511,over_ai,0.00677383,countIP,1.87003e+10,countIP0,1.98055e+10,keysum,1.84757e+10,pktSum,8.3498e+10,aggrSum,2.05149e+08,blackkey_num,449257168,feedback,36,feedsumportion,0.842023,finger0,11,finger,15,time,312555,runTime,485.555
line,8047039,total,0.0121326,total0,0.0720139,false,0.00360909,over,0.0118442,false0,0.0208816,over0,0.0685285,overaggr,0.0110829,overcuckoo,0.00104966,over_uai,0.00163874,over_uai,0.000802371,over_utai,0.0199797,over_utai,0.00991133,over_ai,0.0157223,over_ai,0.0067604,countIP,1.87387e+10,countIP0,1.98473e+10,keysum,1.8514e+10,pktSum,8.36802e+10,aggrSum,2.0519e+08,blackkey_num,452547562,feedback,37,feedsumportion,0.980829,finger0,11,finger,15,time,308800,runTime,486.555
line,8064117,total,0.0121071,total0,0.0720257,false,0.00359183,over,0.0117867,false0,0.020897,over0,0.0685745,overaggr,0.0110594,overcuckoo,0.00104773,over_uai,0.00165778,over_uai,0.000915788,over_utai,0.0199379,over_utai,0.00988921,over_ai,0.0156935,over_ai,0.00674285,countIP,1.87815e+10,countIP0,1.98934e+10,keysum,1.85568e+10,pktSum,8.38616e+10,aggrSum,2.05227e+08,blackkey_num,454301134,feedback,37,feedsumportion,0.980829,finger0,11,finger,15,time,308800,runTime,487.555
line,8081301,total,0.0120852,total0,0.0719873,false,0.00357526,over,0.0117376,false0,0.0208658,over0,0.0685026,overaggr,0.0110394,overcuckoo,0.00104579,over_uai,0.0021106,over_uai,0.00107269,over_utai,0.0198944,over_utai,0.00987062,over_ai,0.0156648,over_ai,0.00672986,countIP,1.88207e+10,countIP0,1.99346e+10,keysum,1.85959e+10,pktSum,8.40408e+10,aggrSum,2.05288e+08,blackkey_num,455823557,feedback,37,feedsumportion,0.980829,finger0,11,finger,15,time,308800,runTime,488.555
line,8098202,total,0.0120621,total0,0.0719452,false,0.00355808,over,0.0116861,false0,0.0208328,over0,0.0684233,overaggr,0.0110183,overcuckoo,0.00104378,over_uai,0.00183058,over_uai,0.00124773,over_utai,0.0198499,over_utai,0.00985171,over_ai,0.0156355,over_ai,0.00671619,countIP,1.8862e+10,countIP0,1.99781e+10,keysum,1.86372e+10,pktSum,8.42288e+10,aggrSum,2.05351e+08,blackkey_num,457027474,feedback,37,feedsumportion,0.980829,finger0,11,finger,15,time,308800,runTime,489.555
line,8114831,total,0.0120381,total0,0.0718958,false,0.00354183,over,0.0116329,false0,0.0208035,over0,0.0683273,overaggr,0.0109964,overcuckoo,0.00104172,over_uai,0.00157587,over_uai,0.000972428,over_utai,0.0198075,over_utai,0.00983182,over_ai,0.015607,over_ai,0.00670087,countIP,1.8903e+10,countIP0,2.0021e+10,keysum,1.86781e+10,pktSum,8.44043e+10,aggrSum,2.05392e+08,blackkey_num,458611380,feedback,37,feedsumportion,0.980829,finger0,11,finger,15,time,308800,runTime,490.555
line,8131624,total,0.0120141,total0,0.0718554,false,0.00352387,over,0.0115798,false0,0.0207699,over0,0.068252,overaggr,0.0109744,overcuckoo,0.00103969,over_uai,0.000945957,over_uai,0.000574981,over_utai,0.0197677,over_utai,0.00980633,over_ai,0.0155786,over_ai,0.00668577,countIP,1.89423e+10,countIP0,2.00623e+10,keysum,1.87174e+10,pktSum,8.45863e+10,aggrSum,2.05412e+08,blackkey_num,460087634,feedback,42,feedsumportion,0.583469,finger0,11,finger,15,time,312985,runTime,491.556
line,8148842,total,0.0119928,total0,0.0718096,false,0.00350641,over,0.011533,false0,0.0207237,over0,0.0681629,overaggr,0.0109548,overcuckoo,0.00103797,over_uai,0.00108241,over_uai,0.000996346,over_utai,0.0197254,over_utai,0.00979002,over_ai,0.0155481,over_ai,0.00667559,countIP,1.89781e+10,countIP0,2.00999e+10,keysum,1.87532e+10,pktSum,8.47646e+10,aggrSum,2.05438e+08,blackkey_num,461897823,feedback,42,feedsumportion,0.583469,finger0,11,finger,15,time,312985,runTime,492.556
line,8165866,total,0.0119697,total0,0.0717844,false,0.00348897,over,0.0114825,false0,0.0206991,over0,0.0681228,overaggr,0.0109336,overcuckoo,0.00103609,over_uai,0.00121186,over_uai,0.000819281,over_utai,0.0196883,over_utai,0.00977014,over_ai,0.0155207,over_ai,0.00666085,countIP,1.9017e+10,countIP0,2.01411e+10,keysum,1.87921e+10,pktSum,8.49476e+10,aggrSum,2.05466e+08,blackkey_num,463412394,feedback,42,feedsumportion,0.583469,finger0,11,finger,15,time,312985,runTime,493.556
line,8182897,total,0.0119474,total0,0.0717495,false,0.00347177,over,0.0114339,false0,0.0206656,over0,0.06806,overaggr,0.0109132,overcuckoo,0.00103419,over_uai,0.00112084,over_uai,0.00076729,over_utai,0.0196425,over_utai,0.0097534,over_ai,0.01549,over_ai,0.00664912,countIP,1.90547e+10,countIP0,2.01808e+10,keysum,1.88298e+10,pktSum,8.51282e+10,aggrSum,2.05493e+08,blackkey_num,465299514,feedback,42,feedsumportion,0.583469,finger0,11,finger,15,time,312985,runTime,494.556
line,8199770,total,0.0119263,total0,0.0717021,false,0.00345548,over,0.0113883,false0,0.0206233,over0,0.0679691,overaggr,0.0108937,overcuckoo,0.00103253,over_uai,0.00161432,over_uai,0.00109286,over_utai,0.019602,over_utai,0.00973765,over_ai,0.0154606,over_ai,0.00663814,countIP,1.90922e+10,countIP0,2.022e+10,keysum,1.88672e+10,pktSum,8.53083e+10,aggrSum,2.05534e+08,blackkey_num,467880410,feedback,42,feedsumportion,0.583469,finger0,11,finger,15,time,312985,runTime,495.556
line,8216705,total,0.0119419,total0,0.0716545,false,0.00346369,over,0.0114259,false0,0.0205764,over0,0.0678771,overaggr,0.010911,overcuckoo,0.0010309,over_uai,0.0279087,over_uai,0.00154074,over_utai,0.0196179,over_utai,0.00972168,over_ai,0.0154944,over_ai,0.00662852,countIP,1.91283e+10,countIP0,2.0257e+10,keysum,1.89026e+10,pktSum,8.54858e+10,aggrSum,2.06245e+08,blackkey_num,469743929,feedback,38,feedsumportion,0.475348,finger0,11,finger,15,time,310004,runTime,496.556
line,8233484,total,0.0119558,total0,0.0716187,false,0.00347322,over,0.0114598,false0,0.0205531,over0,0.0678143,overaggr,0.0109269,overcuckoo,0.00102889,over_uai,0.0261577,over_uai,0.000733237,over_utai,0.0196314,over_utai,0.00970409,over_ai,0.0155276,over_ai,0.0066151,countIP,1.91689e+10,countIP0,2.02991e+10,keysum,1.89424e+10,pktSum,8.5663e+10,aggrSum,2.06982e+08,blackkey_num,471728462,feedback,38,feedsumportion,0.475348,finger0,11,finger,15,time,310004,runTime,497.556
line,8250504,total,0.0119716,total0,0.0715993,false,0.00348069,over,0.0114974,false0,0.0205211,over0,0.0677854,overaggr,0.0109441,overcuckoo,0.00102755,over_uai,0.0263014,over_uai,0.000987789,over_utai,0.0196444,over_utai,0.00968971,over_ai,0.0155605,over_ai,0.00660518,countIP,1.92024e+10,countIP0,2.03338e+10,keysum,1.89752e+10,pktSum,8.58353e+10,aggrSum,2.07666e+08,blackkey_num,473739298,feedback,38,feedsumportion,0.475348,finger0,11,finger,15,time,310004,runTime,498.556
line,8267471,total,0.0119775,total0,0.0715685,false,0.00348194,over,0.0115126,false0,0.0204853,over0,0.0677318,overaggr,0.0109517,overcuckoo,0.00102586,over_uai,0.0179612,over_uai,0.001418,over_utai,0.0196405,over_utai,0.00967644,over_ai,0.015575,over_ai,0.00659637,countIP,1.92376e+10,countIP0,2.03704e+10,keysum,1.90099e+10,pktSum,8.60114e+10,aggrSum,2.0819e+08,blackkey_num,475789754,feedback,38,feedsumportion,0.475348,finger0,11,finger,15,time,310004,runTime,499.556
line,8284445,total,0.0120085,total0,0.0715458,false,0.00349952,over,0.0115839,false0,0.0204511,over0,0.0676959,overaggr,0.0109843,overcuckoo,0.00102414,over_uai,0.0384288,over_uai,0.0014085,over_utai,0.0196767,over_utai,0.00966279,over_ai,0.0156342,over_ai,0.00658639,countIP,1.92721e+10,countIP0,2.04059e+10,keysum,1.90435e+10,pktSum,8.61879e+10,aggrSum,2.0918e+08,blackkey_num,477782502,feedback,38,feedsumportion,0.475348,finger0,11,finger,15,time,310004,runTime,500.556
line,8301089,total,0.0120512,total0,0.071503,false,0.00352555,over,0.0116812,false0,0.0204074,over0,0.0676161,overaggr,0.0110284,overcuckoo,0.00102281,over_uai,0.0435411,over_uai,0.000774397,over_utai,0.0197296,over_utai,0.00964914,over_ai,0.0157114,over_ai,0.00657727,countIP,1.93082e+10,countIP0,2.04425e+10,keysum,1.90783e+10,pktSum,8.63652e+10,aggrSum,2.10404e+08,blackkey_num,479296579,feedback,36,feedsumportion,0.980006,finger0,11,finger,15,time,310836,runTime,501.556
line,8317943,total,0.0120918,total0,0.0714559,false,0.00355319,over,0.0117735,false0,0.0203799,over0,0.0675287,overaggr,0.0110705,overcuckoo,0.00102131,over_uai,0.0384245,over_uai,0.000956725,over_utai,0.01978,over_utai,0.00963513,over_ai,0.0157833,over_ai,0.00656787,countIP,1.9349e+10,countIP0,2.04839e+10,keysum,1.91178e+10,pktSum,8.65374e+10,aggrSum,2.11644e+08,blackkey_num,481019072,feedback,36,feedsumportion,0.980006,finger0,11,finger,15,time,310836,runTime,502.556
line,8334713,total,0.0121357,total0,0.0714689,false,0.00358032,over,0.0118725,false0,0.0203778,over0,0.0675739,overaggr,0.0111158,overcuckoo,0.00101992,over_uai,0.0480919,over_uai,0.00113521,over_utai,0.0198415,over_utai,0.0096213,over_ai,0.0158646,over_ai,0.00655741,countIP,1.93856e+10,countIP0,2.0522e+10,keysum,1.91531e+10,pktSum,8.67115e+10,aggrSum,2.12902e+08,blackkey_num,482719470,feedback,36,feedsumportion,0.980006,finger0,11,finger,15,time,310836,runTime,503.556
line,8351522,total,0.0121806,total0,0.0715056,false,0.00360768,over,0.0119734,false0,0.02039,over0,0.0676713,overaggr,0.0111621,overcuckoo,0.00101853,over_uai,0.0488467,over_uai,0.000744162,over_utai,0.0199052,over_utai,0.00960625,over_ai,0.0159479,over_ai,0.00654663,countIP,1.94224e+10,countIP0,2.05607e+10,keysum,1.91886e+10,pktSum,8.68889e+10,aggrSum,2.14185e+08,blackkey_num,484471692,feedback,36,feedsumportion,0.980006,finger0,11,finger,15,time,310836,runTime,504.556
line,8368286,total,0.0122208,total0,0.0714493,false,0.00363332,over,0.0120635,false0,0.0203489,over0,0.0675633,overaggr,0.0112039,overcuckoo,0.00101689,over_uai,0.0520399,over_uai,0.000707463,over_utai,0.0199691,over_utai,0.0095885,over_ai,0.0160276,over_ai,0.00653325,countIP,1.94613e+10,countIP0,2.06e+10,keysum,1.92263e+10,pktSum,8.70636e+10,aggrSum,2.1541e+08,blackkey_num,485658206,feedback,36,feedsumportion,0.980006,finger0,11,finger,15,time,310836,runTime,505.556
line,8385158,total,0.0122,total0,0.07143,false,0.003617,over,0.0120181,false0,0.020326,over0,0.0675365,overaggr,0.0111849,overcuckoo,0.00101515,over_uai,0.0107606,over_uai,0.00129996,over_utai,0.0199511,over_utai,0.00957161,over_ai,0.0160012,over_ai,0.00652121,countIP,1.94972e+10,countIP0,2.06381e+10,keysum,1.92622e+10,pktSum,8.72399e+10,aggrSum,2.15445e+08,blackkey_num,488418404,feedback,35,feedsumportion,0.989735,finger0,11,finger,15,time,309606,runTime,506.556
line,8401915,total,0.0121796,total0,0.071472,false,0.00360149,over,0.0119738,false0,0.0203464,over0,0.0676455,overaggr,0.0111661,overcuckoo,0.00101346,over_uai,0.0103248,over_uai,0.000799121,over_utai,0.0199291,over_utai,0.00955756,over_ai,0.0159713,over_ai,0.00651109,countIP,1.95337e+10,countIP0,2.0678e+10,keysum,1.92987e+10,pktSum,8.74151e+10,aggrSum,2.15491e+08,blackkey_num,490810116,feedback,35,feedsumportion,0.989735,finger0,11,finger,15,time,309606,runTime,507.556
line,8418627,total,0.0121568,total0,0.0714503,false,0.00358561,over,0.0119244,false0,0.0203313,over0,0.0676147,overaggr,0.0111452,overcuckoo,0.00101159,over_uai,0.00617534,over_uai,0.000674988,over_utai,0.0198957,over_utai,0.00954143,over_ai,0.015941,over_ai,0.00649868,countIP,1.95726e+10,countIP0,2.07192e+10,keysum,1.93375e+10,pktSum,8.75914e+10,aggrSum,2.15519e+08,blackkey_num,493554441,feedback,35,feedsumportion,0.989735,finger0,11,finger,15,time,309606,runTime,508.556
line,8435074,total,0.012135,total0,0.0715037,false,0.00357063,over,0.0118776,false0,0.0203665,over0,0.0677486,overaggr,0.0111252,overcuckoo,0.00100972,over_uai,0.00484367,over_uai,0.000721706,over_utai,0.0198616,over_utai,0.00952525,over_ai,0.0159112,over_ai,0.00648678,countIP,1.9611e+10,countIP0,2.07613e+10,keysum,1.93759e+10,pktSum,8.77649e+10,aggrSum,2.15562e+08,blackkey_num,496001362,feedback,35,feedsumportion,0.989735,finger0,11,finger,15,time,309606,runTime,509.556
line,8451906,total,0.0121124,total0,0.071565,false,0.0035556,over,0.0118293,false0,0.020409,over0,0.0678999,overaggr,0.0111047,overcuckoo,0.00100773,over_uai,0.00653644,over_uai,0.000905203,over_utai,0.019829,over_utai,0.00951128,over_ai,0.0158773,over_ai,0.00647662,countIP,1.96512e+10,countIP0,2.08056e+10,keysum,1.94161e+10,pktSum,8.79431e+10,aggrSum,2.15609e+08,blackkey_num,498933258,feedback,35,feedsumportion,0.989735,finger0,11,finger,15,time,309606,runTime,510.556
line,8468598,total,0.012091,total0,0.0715844,false,0.0035405,over,0.0117839,false0,0.0204182,over0,0.0679581,overaggr,0.011085,overcuckoo,0.00100607,over_uai,0.0180427,over_uai,0.00146432,over_utai,0.0198246,over_utai,0.00949703,over_ai,0.015848,over_ai,0.00646577,countIP,1.96896e+10,countIP0,2.0847e+10,keysum,1.94544e+10,pktSum,8.8121e+10,aggrSum,2.15652e+08,blackkey_num,501770193,feedback,36,feedsumportion,0.621744,finger0,11,finger,15,time,311601,runTime,511.556
line,8485159,total,0.0120672,total0,0.0715434,false,0.0035266,over,0.0117335,false0,0.0204039,over0,0.067887,overaggr,0.0110623,overcuckoo,0.00100498,over_uai,0.0156356,over_uai,0.00168331,over_utai,0.0198126,over_utai,0.00948234,over_ai,0.0158132,over_ai,0.00645552,countIP,1.97347e+10,countIP0,2.08944e+10,keysum,1.94994e+10,pktSum,8.83052e+10,aggrSum,2.15707e+08,blackkey_num,504580713,feedback,36,feedsumportion,0.621744,finger0,11,finger,15,time,311601,runTime,512.556
line,8501720,total,0.0120464,total0,0.0715363,false,0.0035108,over,0.0116897,false0,0.0203886,over0,0.0678864,overaggr,0.0110422,overcuckoo,0.0010042,over_uai,0.0178074,over_uai,0.00156427,over_utai,0.0198077,over_utai,0.00946892,over_ai,0.0157828,over_ai,0.00644702,countIP,1.97713e+10,countIP0,2.09335e+10,keysum,1.9536e+10,pktSum,8.84859e+10,aggrSum,2.15721e+08,blackkey_num,507362433,feedback,36,feedsumportion,0.621744,finger0,11,finger,15,time,311601,runTime,513.556
line,8518471,total,0.0120261,total0,0.0715298,false,0.00349579,over,0.0116469,false0,0.020376,over0,0.0678868,overaggr,0.0110234,overcuckoo,0.00100263,over_uai,0.0228801,over_uai,0.00139086,over_utai,0.0198136,over_utai,0.00945576,over_ai,0.0157527,over_ai,0.00643846,countIP,1.98069e+10,countIP0,2.09714e+10,keysum,1.95715e+10,pktSum,8.86583e+10,aggrSum,2.15745e+08,blackkey_num,510915315,feedback,36,feedsumportion,0.621744,finger0,11,finger,15,time,311601,runTime,514.556
line,8535507,total,0.0120074,total0,0.0715303,false,0.00348021,over,0.0116077,false0,0.0203579,over0,0.067901,overaggr,0.0110062,overcuckoo,0.00100112,over_uai,0.0184284,over_uai,0.00107779,over_utai,0.0198108,over_utai,0.0094416,over_ai,0.0157263,over_ai,0.00642929,countIP,1.98398e+10,countIP0,2.10067e+10,keysum,1.96044e+10,pktSum,8.8834e+10,aggrSum,2.15771e+08,blackkey_num,513647981,feedback,36,feedsumportion,0.621744,finger0,11,finger,15,time,311601,runTime,515.556
line,8552354,total,0.0120443,total0,0.0714998,false,0.00350429,over,0.0116893,false0,0.020341,over0,0.0678513,overaggr,0.0110448,overcuckoo,0.000999505,over_uai,0.0398343,over_uai,0.000941959,over_utai,0.0198575,over_utai,0.00942664,over_ai,0.0157941,over_ai,0.00641924,countIP,1.98816e+10,countIP0,2.10496e+10,keysum,1.9645e+10,pktSum,8.90131e+10,aggrSum,2.16974e+08,blackkey_num,515085969,feedback,35,feedsumportion,0.672356,finger0,11,finger,15,time,310858,runTime,516.556
line,8569069,total,0.0120845,total0,0.0714898,false,0.00352981,over,0.0117775,false0,0.0203336,over0,0.067845,overaggr,0.0110865,overcuckoo,0.000998067,over_uai,0.0442548,over_uai,0.00065659,over_utai,0.0199154,over_utai,0.00941123,over_ai,0.0158693,over_ai,0.00640861,countIP,1.99209e+10,countIP0,2.10902e+10,keysum,1.96831e+10,pktSum,8.91864e+10,aggrSum,2.18216e+08,blackkey_num,516241842,feedback,35,feedsumportion,0.672356,finger0,11,finger,15,time,310858,runTime,517.556
line,8585897,total,0.0121234,total0,0.0714709,false,0.00355455,over,0.0118625,false0,0.020322,over0,0.0678199,overaggr,0.0111269,overcuckoo,0.000996484,over_uai,0.0481986,over_uai,0.000793189,over_utai,0.0199758,over_utai,0.00939449,over_ai,0.0159455,over_ai,0.00639577,countIP,1.99613e+10,countIP0,2.11318e+10,keysum,1.97222e+10,pktSum,8.93622e+10,aggrSum,2.19447e+08,blackkey_num,517795067,feedback,35,feedsumportion,0.672356,finger0,11,finger,15,time,310858,runTime,518.556
line,8603136,total,0.0121647,total0,0.071465,false,0.00358118,over,0.0119522,false0,0.0203213,over0,0.0678225,overaggr,0.0111697,overcuckoo,0.000995023,over_uai,0.0544987,over_uai,0.000823898,over_utai,0.0200473,over_utai,0.00937914,over_ai,0.0160242,over_ai,0.00638409,countIP,2.00013e+10,countIP0,2.11731e+10,keysum,1.97609e+10,pktSum,8.95322e+10,aggrSum,2.20723e+08,blackkey_num,519229603,feedback,35,feedsumportion,0.672356,finger0,11,finger,15,time,310858,runTime,519.556
line,8620104,total,0.0122074,total0,0.0714763,false,0.00360705,over,0.0120445,false0,0.0203228,over0,0.0678611,overaggr,0.0112134,overcuckoo,0.000994042,over_uai,0.05921,over_uai,0.00113325,over_utai,0.0201252,over_utai,0.00936541,over_ai,0.0161026,over_ai,0.00637454,countIP,2.00393e+10,countIP0,2.12127e+10,keysum,1.97976e+10,pktSum,8.97069e+10,aggrSum,2.21998e+08,blackkey_num,520728853,feedback,35,feedsumportion,0.672356,finger0,11,finger,15,time,310858,runTime,520.556
line,8636880,total,0.012185,total0,0.071453,false,0.00359273,over,0.0119973,false0,0.0203114,over0,0.0678268,overaggr,0.0111926,overcuckoo,0.000992374,over_uai,0.00900014,over_uai,0.000817692,over_utai,0.0201019,over_utai,0.00934961,over_ai,0.0160732,over_ai,0.00636228,countIP,2.00789e+10,countIP0,2.12546e+10,keysum,1.98372e+10,pktSum,8.98801e+10,aggrSum,2.2203e+08,blackkey_num,523499765,feedback,35,feedsumportion,0.990658,finger0,11,finger,15,time,305678,runTime,521.556
line,8653606,total,0.0121629,total0,0.0714125,false,0.0035805,over,0.0119512,false0,0.0202999,over0,0.067758,overaggr,0.0111725,overcuckoo,0.000990386,over_uai,0.00964355,over_uai,0.000508125,over_utai,0.020079,over_utai,0.00933065,over_ai,0.0160486,over_ai,0.00634662,countIP,2.0124e+10,countIP0,2.1302e+10,keysum,1.98822e+10,pktSum,9.00616e+10,aggrSum,2.22135e+08,blackkey_num,526256469,feedback,35,feedsumportion,0.990658,finger0,11,finger,15,time,305678,runTime,522.556
line,8670471,total,0.0121439,total0,0.0713954,false,0.00356884,over,0.0119115,false0,0.020295,over0,0.0677372,overaggr,0.0111552,overcuckoo,0.000988653,over_uai,0.00930139,over_uai,0.00364831,over_utai,0.0200554,over_utai,0.00932028,over_ai,0.0160179,over_ai,0.00634318,countIP,2.01639e+10,countIP0,2.13443e+10,keysum,1.9922e+10,pktSum,9.02321e+10,aggrSum,2.22234e+08,blackkey_num,529013240,feedback,35,feedsumportion,0.990658,finger0,11,finger,15,time,305678,runTime,523.556
line,8687464,total,0.0121205,total0,0.0713682,false,0.00355544,over,0.0118629,false0,0.0202892,over0,0.0676959,overaggr,0.0111337,overcuckoo,0.000986786,over_uai,0.00896003,over_uai,0.00135236,over_utai,0.0200306,over_utai,0.00930655,over_ai,0.0159827,over_ai,0.0063336,countIP,2.0206e+10,countIP0,2.13888e+10,keysum,1.9964e+10,pktSum,9.04043e+10,aggrSum,2.22273e+08,blackkey_num,531849590,feedback,35,feedsumportion,0.990658,finger0,11,finger,15,time,305678,runTime,524.556
line,8704251,total,0.0120979,total0,0.0713349,false,0.00354204,over,0.0118163,false0,0.020276,over0,0.0676413,overaggr,0.011113,overcuckoo,0.000984937,over_uai,0.0103474,over_uai,0.000964472,over_utai,0.0200113,over_utai,0.00928988,over_ai,0.0159536,over_ai,0.00632119,countIP,2.02473e+10,countIP0,2.14323e+10,keysum,2.00052e+10,pktSum,9.05781e+10,aggrSum,2.22318e+08,blackkey_num,534465213,feedback,35,feedsumportion,0.990658,finger0,11,finger,15,time,305678,runTime,525.556
line,8721009,total,0.0121181,total0,0.0713516,false,0.00355566,over,0.0118602,false0,0.0202941,over0,0.0676928,overaggr,0.0111348,overcuckoo,0.000983356,over_uai,0.0388004,over_uai,0.00157099,over_utai,0.0200515,over_utai,0.00927523,over_ai,0.015995,over_ai,0.00631093,countIP,2.02899e+10,countIP0,2.14774e+10,keysum,2.0047e+10,pktSum,9.0755e+10,aggrSum,2.23219e+08,blackkey_num,536548117,feedback,34,feedsumportion,0.792005,finger0,11,finger,15,time,309547,runTime,526.556
line,8737849,total,0.0121387,total0,0.0713768,false,0.00356725,over,0.0119047,false0,0.0203045,over0,0.0677605,overaggr,0.0111566,overcuckoo,0.000982148,over_uai,0.0259329,over_uai,0.012463,over_utai,0.0200648,over_utai,0.00928037,over_ai,0.0160141,over_ai,0.00633307,countIP,2.03289e+10,countIP0,2.15187e+10,keysum,2.00851e+10,pktSum,9.09356e+10,aggrSum,2.24081e+08,blackkey_num,538768433,feedback,34,feedsumportion,0.792005,finger0,11,finger,15,time,309547,runTime,527.556
line,8754917,total,0.0121643,total0,0.0713717,false,0.00358288,over,0.0119593,false0,0.0203014,over0,0.067764,overaggr,0.0111836,overcuckoo,0.000980714,over_uai,0.0412349,over_uai,0.0110146,over_utai,0.0201062,over_utai,0.00928274,over_ai,0.0160447,over_ai,0.00635048,countIP,2.03674e+10,countIP0,2.15588e+10,keysum,2.01226e+10,pktSum,9.11051e+10,aggrSum,2.25043e+08,blackkey_num,541133830,feedback,34,feedsumportion,0.792005,finger0,11,finger,15,time,309547,runTime,528.556
line,8771441,total,0.0121657,total0,0.0713971,false,0.0035839,over,0.0119632,false0,0.0203214,over0,0.0678332,overaggr,0.0111868,overcuckoo,0.00097891,over_uai,0.0261562,over_uai,0.00235339,over_utai,0.02012,over_utai,0.00927035,over_ai,0.0160501,over_ai,0.00634388,countIP,2.04099e+10,countIP0,2.16043e+10,keysum,2.01646e+10,pktSum,9.12882e+10,aggrSum,2.25577e+08,blackkey_num,543153123,feedback,34,feedsumportion,0.792005,finger0,11,finger,15,time,309547,runTime,529.556
line,8787847,total,0.0121784,total0,0.0713995,false,0.00359175,over,0.0119907,false0,0.020325,over0,0.0678532,overaggr,0.011201,overcuckoo,0.000977442,over_uai,0.0387303,over_uai,0.0019961,over_utai,0.0201579,over_utai,0.00925595,over_ai,0.0160802,over_ai,0.00633382,countIP,2.04516e+10,countIP0,2.16482e+10,keysum,2.02055e+10,pktSum,9.14694e+10,aggrSum,2.26322e+08,blackkey_num,545118503,feedback,34,feedsumportion,0.792005,finger0,11,finger,15,time,309547,runTime,530.556
line,8804453,total,0.012157,total0,0.0713704,false,0.00357728,over,0.0119467,false0,0.0203038,over0,0.0678066,overaggr,0.0111813,overcuckoo,0.000975727,over_uai,0.0157811,over_uai,0.00123698,over_utai,0.0201483,over_utai,0.00924115,over_ai,0.0160499,over_ai,0.00632403,countIP,2.04902e+10,countIP0,2.1689e+10,keysum,2.02441e+10,pktSum,9.16486e+10,aggrSum,2.26355e+08,blackkey_num,548074398,feedback,36,feedsumportion,0.978306,finger0,11,finger,15,time,313210,runTime,531.556
line,8821339,total,0.0121344,total0,0.0713258,false,0.00356289,over,0.0119005,false0,0.0202771,over0,0.0677283,overaggr,0.0111604,overcuckoo,0.000974009,over_uai,0.00779634,over_uai,0.000927197,over_utai,0.0201202,over_utai,0.00922427,over_ai,0.0160184,over_ai,0.00631339,countIP,2.05301e+10,countIP0,2.17308e+10,keysum,2.0284e+10,pktSum,9.18268e+10,aggrSum,2.26378e+08,blackkey_num,551296509,feedback,36,feedsumportion,0.978306,finger0,11,finger,15,time,313210,runTime,532.556
line,8838352,total,0.0121125,total0,0.0713087,false,0.0035488,over,0.0118558,false0,0.0202668,over0,0.0677071,overaggr,0.01114,overcuckoo,0.000972483,over_uai,0.00152705,over_uai,0.000994358,over_utai,0.0200748,over_utai,0.00921038,over_ai,0.0159866,over_ai,0.00630377,countIP,2.05693e+10,countIP0,2.17724e+10,keysum,2.03232e+10,pktSum,9.20031e+10,aggrSum,2.264e+08,blackkey_num,554433563,feedback,36,feedsumportion,0.978306,finger0,11,finger,15,time,313210,runTime,533.556
line,8855292,total,0.0120915,total0,0.0712711,false,0.00353577,over,0.0118133,false0,0.0202462,over0,0.0676444,overaggr,0.0111204,overcuckoo,0.000971041,over_uai,0.00146389,over_uai,0.00240104,over_utai,0.0200357,over_utai,0.00919609,over_ai,0.0159574,over_ai,0.00629625,countIP,2.06112e+10,countIP0,2.18164e+10,keysum,2.03649e+10,pktSum,9.21874e+10,aggrSum,2.26467e+08,blackkey_num,556995251,feedback,36,feedsumportion,0.978306,finger0,11,finger,15,time,313210,runTime,534.556
line,8872565,total,0.0120677,total0,0.071234,false,0.00352195,over,0.0117652,false0,0.0202312,over0,0.0675832,overaggr,0.0110985,overcuckoo,0.000969187,over_uai,0.00170015,over_uai,0.00124441,over_utai,0.0199994,over_utai,0.00917872,over_ai,0.0159295,over_ai,0.00628236,countIP,2.0654e+10,countIP0,2.18615e+10,keysum,2.04078e+10,pktSum,9.2368e+10,aggrSum,2.26495e+08,blackkey_num,559394760,feedback,36,feedsumportion,0.978306,finger0,11,finger,15,time,313210,runTime,535.556
line,8889438,total,0.0120484,total0,0.071262,false,0.00351005,over,0.0117267,false0,0.0202511,over0,0.0676565,overaggr,0.0110811,overcuckoo,0.000967309,over_uai,0.000675574,over_uai,0.00439298,over_utai,0.0199607,over_utai,0.00916891,over_ai,0.0159017,over_ai,0.00627898,countIP,2.06956e+10,countIP0,2.19065e+10,keysum,2.04493e+10,pktSum,9.25515e+10,aggrSum,2.266e+08,blackkey_num,562280384,feedback,38,feedsumportion,0.56307,finger0,11,finger,15,time,311649,runTime,536.556
line,8906096,total,0.0120244,total0,0.0712685,false,0.00349765,over,0.0116788,false0,0.0202715,over0,0.0676872,overaggr,0.0110591,overcuckoo,0.000965303,over_uai,0.00105791,over_uai,0.00301483,over_utai,0.0199263,over_utai,0.00915174,over_ai,0.0158773,over_ai,0.00626658,countIP,2.07437e+10,countIP0,2.19581e+10,keysum,2.04973e+10,pktSum,9.27415e+10,aggrSum,2.26682e+08,blackkey_num,564692393,feedback,38,feedsumportion,0.56307,finger0,11,finger,15,time,311649,runTime,537.556
line,8922919,total,0.0120001,total0,0.0712809,false,0.00348315,over,0.0116303,false0,0.0202838,over0,0.0677282,overaggr,0.0110367,overcuckoo,0.00096339,over_uai,0.00504507,over_uai,0.00130345,over_utai,0.0198998,over_utai,0.00913345,over_ai,0.0158504,over_ai,0.00625102,countIP,2.07864e+10,countIP0,2.20041e+10,keysum,2.054e+10,pktSum,9.29266e+10,aggrSum,2.26694e+08,blackkey_num,567803260,feedback,38,feedsumportion,0.56307,finger0,11,finger,15,time,311649,runTime,538.556
line,8939783,total,0.0119759,total0,0.0712711,false,0.00346912,over,0.0115821,false0,0.0202847,over0,0.0677234,overaggr,0.0110144,overcuckoo,0.000961511,over_uai,0.000930492,over_uai,0.00112861,over_utai,0.0198624,over_utai,0.00911515,over_ai,0.0158198,over_ai,0.00623833,countIP,2.08303e+10,countIP0,2.20508e+10,keysum,2.05838e+10,pktSum,9.31128e+10,aggrSum,2.26717e+08,blackkey_num,570386361,feedback,38,feedsumportion,0.56307,finger0,11,finger,15,time,311649,runTime,539.556
line,8956677,total,0.0119504,total0,0.0713195,false,0.00345592,over,0.0115318,false0,0.0203303,over0,0.0678388,overaggr,0.0109905,overcuckoo,0.000959864,over_uai,0.000804606,over_uai,0.00106873,over_utai,0.0198236,over_utai,0.00909715,over_ai,0.0157876,over_ai,0.00622466,countIP,2.08764e+10,countIP0,2.21011e+10,keysum,2.06298e+10,pktSum,9.32943e+10,aggrSum,2.26733e+08,blackkey_num,572749895,feedback,38,feedsumportion,0.56307,finger0,11,finger,15,time,311649,runTime,540.556
line,8973550,total,0.0119297,total0,0.0713461,false,0.00344272,over,0.0114912,false0,0.0203446,over0,0.0679067,overaggr,0.0109716,overcuckoo,0.000958147,over_uai,0.000694396,over_uai,0.0017384,over_utai,0.0197873,over_utai,0.00908108,over_ai,0.0157619,over_ai,0.00621449,countIP,2.09161e+10,countIP0,2.21442e+10,keysum,2.06695e+10,pktSum,9.34765e+10,aggrSum,2.26777e+08,blackkey_num,575322434,feedback,30,feedsumportion,0.812701,finger0,11,finger,15,time,310300,runTime,541.556
line,8990330,total,0.0119054,total0,0.0713328,false,0.00342968,over,0.0114436,false0,0.0203482,over0,0.067895,overaggr,0.0109491,overcuckoo,0.000956335,over_uai,0.00135445,over_uai,0.00164705,over_utai,0.0197444,over_utai,0.0090654,over_ai,0.0157251,over_ai,0.0062037,countIP,2.09615e+10,countIP0,2.21925e+10,keysum,2.07149e+10,pktSum,9.36614e+10,aggrSum,2.26809e+08,blackkey_num,577968615,feedback,30,feedsumportion,0.812701,finger0,11,finger,15,time,310300,runTime,542.556
line,9007427,total,0.0118842,total0,0.071299,false,0.00341776,over,0.0114023,false0,0.0203348,over0,0.0678406,overaggr,0.010929,overcuckoo,0.000955169,over_uai,0.00102257,over_uai,0.0022509,over_utai,0.0197077,over_utai,0.00904582,over_ai,0.0156957,over_ai,0.00618521,countIP,2.10038e+10,countIP0,2.22371e+10,keysum,2.07572e+10,pktSum,9.384e+10,aggrSum,2.26855e+08,blackkey_num,580644395,feedback,30,feedsumportion,0.812701,finger0,11,finger,15,time,310300,runTime,543.556
line,9024060,total,0.0118618,total0,0.071253,false,0.00340579,over,0.0113589,false0,0.0203173,over0,0.0677618,overaggr,0.0109082,overcuckoo,0.000953536,over_uai,0.00105643,over_uai,0.00198821,over_utai,0.0196705,over_utai,0.00902824,over_ai,0.0156649,over_ai,0.00617086,countIP,2.10475e+10,countIP0,2.22829e+10,keysum,2.08008e+10,pktSum,9.40189e+10,aggrSum,2.269e+08,blackkey_num,583395413,feedback,30,feedsumportion,0.812701,finger0,11,finger,15,time,310300,runTime,544.556
line,9040910,total,0.0118397,total0,0.0712049,false,0.0033935,over,0.0113163,false0,0.0202954,over0,0.0676791,overaggr,0.0108877,overcuckoo,0.000952,over_uai,0.00120006,over_uai,0.00208889,over_utai,0.0196337,over_utai,0.00900961,over_ai,0.015636,over_ai,0.00615554,countIP,2.1091e+10,countIP0,2.23284e+10,keysum,2.08442e+10,pktSum,9.42024e+10,aggrSum,2.26946e+08,blackkey_num,586144139,feedback,30,feedsumportion,0.812701,finger0,11,finger,15,time,310300,runTime,545.556
line,9057502,total,0.0118583,total0,0.0711652,false,0.00340696,over,0.0113562,false0,0.020285,over0,0.0676144,overaggr,0.0109078,overcuckoo,0.000950494,over_uai,0.029522,over_uai,0.000934659,over_utai,0.019655,over_utai,0.00899157,over_ai,0.0156789,over_ai,0.00614187,countIP,2.11373e+10,countIP0,2.23762e+10,keysum,2.08896e+10,pktSum,9.43838e+10,aggrSum,2.27859e+08,blackkey_num,588518821,feedback,35,feedsumportion,0.700905,finger0,11,finger,15,time,308865,runTime,546.556
line,9074241,total,0.0118643,total0,0.0712156,false,0.00341187,over,0.0113704,false0,0.0203238,over0,0.0677309,overaggr,0.0109152,overcuckoo,0.000949064,over_uai,0.022924,over_uai,0.00187014,over_utai,0.0196611,over_utai,0.0089753,over_ai,0.015699,over_ai,0.00613149,countIP,2.11814e+10,countIP0,2.24238e+10,keysum,2.09331e+10,pktSum,9.45654e+10,aggrSum,2.28489e+08,blackkey_num,590577331,feedback,35,feedsumportion,0.700905,finger0,11,finger,15,time,308865,runTime,547.556
line,9090745,total,0.0118828,total0,0.071237,false,0.00342312,over,0.0114097,false0,0.0203376,over0,0.0677879,overaggr,0.0109355,overcuckoo,0.000947314,over_uai,0.105028,over_uai,0.000716808,over_utai,0.0198314,over_utai,0.00895848,over_ai,0.0157407,over_ai,0.0061188,countIP,2.12238e+10,countIP0,2.24687e+10,keysum,2.09745e+10,pktSum,9.47507e+10,aggrSum,2.29367e+08,blackkey_num,592426078,feedback,35,feedsumportion,0.700905,finger0,11,finger,15,time,308865,runTime,548.556
line,9107006,total,0.0118952,total0,0.0712603,false,0.00343014,over,0.0114364,false0,0.0203497,over0,0.0678478,overaggr,0.0109441,overcuckoo,0.000951168,over_uai,0.0218787,over_uai,0.00533833,over_utai,0.0198353,over_utai,0.00895136,over_ai,0.0157631,over_ai,0.00611923,countIP,2.12644e+10,countIP0,2.25119e+10,keysum,2.10144e+10,pktSum,9.49337e+10,aggrSum,2.29983e+08,blackkey_num,594392615,feedback,35,feedsumportion,0.700905,finger0,11,finger,15,time,308865,runTime,549.556
line,9123628,total,0.0119046,total0,0.0713061,false,0.00343564,over,0.0114569,false0,0.0203772,over0,0.0679525,overaggr,0.0109523,overcuckoo,0.000952264,over_uai,0.0243962,over_uai,0.00336134,over_utai,0.0198443,over_utai,0.00894069,over_ai,0.0157854,over_ai,0.00611328,countIP,2.13049e+10,countIP0,2.25556e+10,keysum,2.10543e+10,pktSum,9.51132e+10,aggrSum,2.30594e+08,blackkey_num,596438163,feedback,35,feedsumportion,0.700905,finger0,11,finger,15,time,308865,runTime,550.556
line,9140456,total,0.0118831,total0,0.0713524,false,0.00342223,over,0.0114157,false0,0.0204026,over0,0.068058,overaggr,0.0109323,overcuckoo,0.000950874,over_uai,0.0108436,over_uai,0.000900968,over_utai,0.0198241,over_utai,0.00892647,over_ai,0.0157577,over_ai,0.00610167,countIP,2.13451e+10,countIP0,2.25996e+10,keysum,2.10945e+10,pktSum,9.5298e+10,aggrSum,2.3061e+08,blackkey_num,598939811,feedback,39,feedsumportion,0.971814,finger0,11,finger,15,time,311692,runTime,551.556
line,9156944,total,0.0118623,total0,0.0713228,false,0.00340881,over,0.0113758,false0,0.0203799,over0,0.0680111,overaggr,0.0109129,overcuckoo,0.000949375,over_uai,0.0128338,over_uai,0.000801475,over_utai,0.0198103,over_utai,0.00891167,over_ai,0.0157324,over_ai,0.00608945,countIP,2.13844e+10,countIP0,2.2641e+10,keysum,2.11337e+10,pktSum,9.54833e+10,aggrSum,2.3063e+08,blackkey_num,601646765,feedback,39,feedsumportion,0.971814,finger0,11,finger,15,time,311692,runTime,552.556
line,9173353,total,0.01184,total0,0.0713492,false,0.00339607,over,0.0113333,false0,0.0203994,over0,0.0680767,overaggr,0.0108923,overcuckoo,0.000947759,over_uai,0.0108314,over_uai,0.000961126,over_utai,0.0197914,over_utai,0.00889694,over_ai,0.0157037,over_ai,0.00607745,countIP,2.14261e+10,countIP0,2.26862e+10,keysum,2.11754e+10,pktSum,9.56642e+10,aggrSum,2.30648e+08,blackkey_num,604116899,feedback,39,feedsumportion,0.971814,finger0,11,finger,15,time,311692,runTime,553.556
line,9189727,total,0.0118223,total0,0.0714205,false,0.00338332,over,0.0112998,false0,0.0204289,over0,0.0682292,overaggr,0.0108757,overcuckoo,0.000946633,over_uai,0.0161487,over_uai,0.00129392,over_utai,0.0197852,over_utai,0.00888496,over_ai,0.01568,over_ai,0.00606864,countIP,2.14606e+10,countIP0,2.27247e+10,keysum,2.12098e+10,pktSum,9.58419e+10,aggrSum,2.30672e+08,blackkey_num,606834668,feedback,39,feedsumportion,0.971814,finger0,11,finger,15,time,311692,runTime,554.556
line,9205970,total,0.0117988,total0,0.0714386,false,0.00337091,over,0.0112552,false0,0.0204491,over0,0.0682784,overaggr,0.0108538,overcuckoo,0.000945035,over_uai,0.0142443,over_uai,0.000800588,over_utai,0.0197745,over_utai,0.00886673,over_ai,0.015652,over_ai,0.00605483,countIP,2.15053e+10,countIP0,2.2773e+10,keysum,2.12546e+10,pktSum,9.60263e+10,aggrSum,2.30693e+08,blackkey_num,609412257,feedback,39,feedsumportion,0.971814,finger0,11,finger,15,time,311692,runTime,555.556
line,9222341,total,0.011777,total0,0.0714831,false,0.00335803,over,0.0112141,false0,0.0204758,over0,0.0683787,overaggr,0.0108337,overcuckoo,0.000943367,over_uai,0.00745653,over_uai,0.000673366,over_utai,0.0197511,over_utai,0.00884931,over_ai,0.015626,over_ai,0.00604259,countIP,2.1546e+10,countIP0,2.28174e+10,keysum,2.12952e+10,pktSum,9.62085e+10,aggrSum,2.30705e+08,blackkey_num,612098773,feedback,34,feedsumportion,0.381294,finger0,11,finger,15,time,313275,runTime,556.556
line,9238668,total,0.0117541,total0,0.0714481,false,0.0033459,over,0.011171,false0,0.0204634,over0,0.0683217,overaggr,0.0108126,overcuckoo,0.000941575,over_uai,0.00207634,over_uai,0.000673306,over_utai,0.0197208,over_utai,0.00883046,over_ai,0.0156005,over_ai,0.00602838,countIP,2.15892e+10,countIP0,2.2863e+10,keysum,2.13384e+10,pktSum,9.63879e+10,aggrSum,2.30723e+08,blackkey_num,614718886,feedback,34,feedsumportion,0.381294,finger0,11,finger,15,time,313275,runTime,557.556
line,9255127,total,0.0117308,total0,0.0714183,false,0.0033336,over,0.0111274,false0,0.0204544,over0,0.0682756,overaggr,0.0107911,overcuckoo,0.000939718,over_uai,0.0163465,over_uai,0.000891771,over_utai,0.0197144,over_utai,0.00881469,over_ai,0.0155725,over_ai,0.00601489,countIP,2.16332e+10,countIP0,2.29095e+10,keysum,2.13824e+10,pktSum,9.65701e+10,aggrSum,2.30739e+08,blackkey_num,617333591,feedback,34,feedsumportion,0.381294,finger0,11,finger,15,time,313275,runTime,558.556
line,9271426,total,0.0117064,total0,0.0713803,false,0.00332175,over,0.0110818,false0,0.0204471,over0,0.0682143,overaggr,0.0107685,overcuckoo,0.000937925,over_uai,0.01357,over_uai,0.000741554,over_utai,0.0197021,over_utai,0.00879675,over_ai,0.0155444,over_ai,0.00600007,countIP,2.16796e+10,countIP0,2.29583e+10,keysum,2.14287e+10,pktSum,9.67517e+10,aggrSum,2.30755e+08,blackkey_num,620085958,feedback,34,feedsumportion,0.381294,finger0,11,finger,15,time,313275,runTime,559.556
line,9288081,total,0.0116978,total0,0.0713658,false,0.00331812,over,0.0110675,false0,0.0204464,over0,0.0681983,overaggr,0.0107478,overcuckoo,0.000950048,over_uai,0.0117841,over_uai,0.0117608,over_utai,0.0196881,over_utai,0.00880219,over_ai,0.015517,over_ai,0.00602085,countIP,2.1723e+10,countIP0,2.30042e+10,keysum,2.14719e+10,pktSum,9.69313e+10,aggrSum,2.30775e+08,blackkey_num,622519852,feedback,34,feedsumportion,0.381294,finger0,11,finger,15,time,313275,runTime,560.556
line,9304428,total,0.0117675,total0,0.0713296,false,0.00335909,over,0.0112066,false0,0.0204241,over0,0.0681387,overaggr,0.0107318,overcuckoo,0.00103571,over_uai,0.000722725,over_uai,0.0720174,over_utai,0.0196564,over_utai,0.00892316,over_ai,0.0154911,over_ai,0.00622775,countIP,2.17649e+10,countIP0,2.30462e+10,keysum,2.15118e+10,pktSum,9.71122e+10,aggrSum,2.30861e+08,blackkey_num,624588686,feedback,30,feedsumportion,0.411395,finger0,11,finger,15,time,312345,runTime,561.556
line,9320969,total,0.0117503,total0,0.0713118,false,0.00335004,over,0.0111749,false0,0.0204199,over0,0.068116,overaggr,0.0107165,overcuckoo,0.00103376,over_uai,0.000928235,over_uai,0.00473405,over_utai,0.01962,over_utai,0.00891474,over_ai,0.015463,over_ai,0.00622725,countIP,2.18073e+10,countIP0,2.3091e+10,keysum,2.1554e+10,pktSum,9.72906e+10,aggrSum,2.30984e+08,blackkey_num,626824750,feedback,30,feedsumportion,0.411395,finger0,11,finger,15,time,312345,runTime,562.556
line,9337495,total,0.0117327,total0,0.0713167,false,0.00333919,over,0.0111426,false0,0.0204192,over0,0.068137,overaggr,0.0107006,overcuckoo,0.00103209,over_uai,0.000837848,over_uai,0.00317369,over_utai,0.0195884,over_utai,0.0089037,over_ai,0.0154378,over_ai,0.00622226,countIP,2.18464e+10,countIP0,2.3133e+10,keysum,2.15931e+10,pktSum,9.74726e+10,aggrSum,2.31059e+08,blackkey_num,629072543,feedback,30,feedsumportion,0.411395,finger0,11,finger,15,time,312345,runTime,563.556
line,9353858,total,0.0117449,total0,0.0712838,false,0.00334577,over,0.0111685,false0,0.0203961,over0,0.0680838,overaggr,0.0106881,overcuckoo,0.00105676,over_uai,0.000854684,over_uai,0.0258654,over_utai,0.0195582,over_utai,0.00893653,over_ai,0.0154125,over_ai,0.00628936,countIP,2.18861e+10,countIP0,2.3174e+10,keysum,2.1632e+10,pktSum,9.76545e+10,aggrSum,2.31206e+08,blackkey_num,631396013,feedback,30,feedsumportion,0.411395,finger0,11,finger,15,time,312345,runTime,564.556
line,9370163,total,0.0119088,total0,0.0712945,false,0.00344393,over,0.0114902,false0,0.0204169,over0,0.0681182,overaggr,0.0106795,overcuckoo,0.00122928,over_uai,0.000817845,over_uai,0.122565,over_utai,0.0195236,over_utai,0.00920144,over_ai,0.0153873,over_ai,0.00672619,countIP,2.19368e+10,countIP0,2.32242e+10,keysum,2.16787e+10,pktSum,9.78379e+10,aggrSum,2.31518e+08,blackkey_num,633822692,feedback,30,feedsumportion,0.411395,finger0,11,finger,15,time,312345,runTime,565.556
line,9386437,total,0.0118839,total0,0.0712575,false,0.00343164,over,0.0114436,false0,0.0204093,over0,0.0680595,overaggr,0.0106572,overcuckoo,0.00122673,over_uai,0.00148794,over_uai,0.000454285,over_utai,0.0194959,over_utai,0.00917814,over_ai,0.0153649,over_ai,0.00670583,countIP,2.19835e+10,countIP0,2.32734e+10,keysum,2.17253e+10,pktSum,9.8022e+10,aggrSum,2.31531e+08,blackkey_num,636163222,feedback,28,feedsumportion,0.929462,finger0,11,finger,15,time,311713,runTime,566.556
line,9403231,total,0.011858,total0,0.0712888,false,0.00342011,over,0.0113953,false0,0.0204494,over0,0.0681343,overaggr,0.0106339,overcuckoo,0.00122413,over_uai,0.00134231,over_uai,0.000634064,over_utai,0.0194616,over_utai,0.00915804,over_ai,0.0153367,over_ai,0.00668764,countIP,2.20326e+10,countIP0,2.33266e+10,keysum,2.17744e+10,pktSum,9.82021e+10,aggrSum,2.31547e+08,blackkey_num,639472182,feedback,28,feedsumportion,0.929462,finger0,11,finger,15,time,311713,runTime,567.556
line,9419761,total,0.011837,total0,0.0713109,false,0.00340839,over,0.0113563,false0,0.0204655,over0,0.0681883,overaggr,0.0106149,overcuckoo,0.00122215,over_uai,0.00114128,over_uai,0.000770308,over_utai,0.01943,over_utai,0.00914041,over_ai,0.0153147,over_ai,0.0066728,countIP,2.20732e+10,countIP0,2.33706e+10,keysum,2.1815e+10,pktSum,9.83783e+10,aggrSum,2.31564e+08,blackkey_num,642905394,feedback,28,feedsumportion,0.929462,finger0,11,finger,15,time,311713,runTime,568.556
line,9436381,total,0.0118166,total0,0.0713573,false,0.00339633,over,0.0113184,false0,0.0204915,over0,0.068289,overaggr,0.0105965,overcuckoo,0.00122011,over_uai,0.000926103,over_uai,0.000784173,over_utai,0.0193962,over_utai,0.00912421,over_ai,0.0152901,over_ai,0.00665995,countIP,2.21125e+10,countIP0,2.34138e+10,keysum,2.18543e+10,pktSum,9.85563e+10,aggrSum,2.31579e+08,blackkey_num,645905526,feedback,28,feedsumportion,0.929462,finger0,11,finger,15,time,311713,runTime,569.556
line,9453071,total,0.0118927,total0,0.0713523,false,0.00344242,over,0.0114673,false0,0.0205007,over0,0.0682913,overaggr,0.0105755,overcuckoo,0.00131717,over_uai,0.000827666,over_uai,0.0683694,over_utai,0.0193644,over_utai,0.00925533,over_ai,0.0152643,over_ai,0.00688307,countIP,2.21593e+10,countIP0,2.34614e+10,keysum,2.18989e+10,pktSum,9.87338e+10,aggrSum,2.31592e+08,blackkey_num,648602887,feedback,28,feedsumportion,0.929462,finger0,11,finger,15,time,311713,runTime,570.556
line,9469542,total,0.0118707,total0,0.0713167,false,0.00343009,over,0.0114264,false0,0.0204832,over0,0.068234,overaggr,0.0105559,overcuckoo,0.00131476,over_uai,0.00107378,over_uai,0.000642515,over_utai,0.0193341,over_utai,0.00923852,over_ai,0.0152383,over_ai,0.00686886,countIP,2.2201e+10,countIP0,2.35053e+10,keysum,2.19406e+10,pktSum,9.8915e+10,aggrSum,2.31602e+08,blackkey_num,651581832,feedback,28,feedsumportion,0.386525,finger0,11,finger,15,time,312379,runTime,571.556
line,9486041,total,0.0118502,total0,0.0713075,false,0.00341763,over,0.0113885,false0,0.0204746,over0,0.0682269,overaggr,0.0105377,overcuckoo,0.00131251,over_uai,0.000774666,over_uai,0.000977437,over_utai,0.019299,over_utai,0.00922562,over_ai,0.0152105,over_ai,0.00685801,countIP,2.224e+10,countIP0,2.35469e+10,keysum,2.19796e+10,pktSum,9.90959e+10,aggrSum,2.31613e+08,blackkey_num,654245261,feedback,28,feedsumportion,0.386525,finger0,11,finger,15,time,312379,runTime,572.556
line,9502755,total,0.0118309,total0,0.0713476,false,0.00340549,over,0.0113529,false0,0.0204919,over0,0.0683139,overaggr,0.0105203,overcuckoo,0.00131056,over_uai,0.00139571,over_uai,0.000720409,over_utai,0.0192704,over_utai,0.00921102,over_ai,0.0151878,over_ai,0.00684534,countIP,2.22778e+10,countIP0,2.35882e+10,keysum,2.20173e+10,pktSum,9.9276e+10,aggrSum,2.31629e+08,blackkey_num,656895402,feedback,28,feedsumportion,0.386525,finger0,11,finger,15,time,312379,runTime,573.556
line,9519217,total,0.0118438,total0,0.0714331,false,0.0034132,over,0.0113794,false0,0.0205429,over0,0.0684886,overaggr,0.0105019,overcuckoo,0.00134192,over_uai,0.000836247,over_uai,0.0297981,over_utai,0.0192373,over_utai,0.00924742,over_ai,0.0151614,over_ai,0.0069145,countIP,2.23191e+10,countIP0,2.36336e+10,keysum,2.20579e+10,pktSum,9.94543e+10,aggrSum,2.31649e+08,blackkey_num,660054890,feedback,28,feedsumportion,0.386525,finger0,11,finger,15,time,312379,runTime,574.556
line,9535686,total,0.0118877,total0,0.0714918,false,0.00343774,over,0.0114651,false0,0.0205726,over0,0.0686112,overaggr,0.0104832,overcuckoo,0.00140455,over_uai,0.000645142,over_uai,0.0448962,over_utai,0.0192052,over_utai,0.00932604,over_ai,0.0151383,over_ai,0.00705582,countIP,2.23609e+10,countIP0,2.36781e+10,keysum,2.20982e+10,pktSum,9.96422e+10,aggrSum,2.3166e+08,blackkey_num,662991543,feedback,28,feedsumportion,0.386525,finger0,11,finger,15,time,312379,runTime,575.556
line,9552265,total,0.0118641,total0,0.0715112,false,0.00342602,over,0.0114217,false0,0.020595,over0,0.0686596,overaggr,0.0104624,overcuckoo,0.00140178,over_uai,0.000717841,over_uai,0.000663736,over_utai,0.0191689,over_utai,0.00930728,over_ai,0.0151125,over_ai,0.00703898,countIP,2.24061e+10,countIP0,2.37269e+10,keysum,2.21434e+10,pktSum,9.98232e+10,aggrSum,2.31672e+08,blackkey_num,665910152,feedback,28,feedsumportion,0.399202,finger0,11,finger,15,time,309895,runTime,576.556
line,9568795,total,0.011843,total0,0.0715203,false,0.00341386,over,0.0113829,false0,0.0206001,over0,0.068687,overaggr,0.0104437,overcuckoo,0.00139924,over_uai,0.00110093,over_uai,0.000712372,over_utai,0.0191397,over_utai,0.00928951,over_ai,0.015089,over_ai,0.00702416,countIP,2.24474e+10,countIP0,2.37713e+10,keysum,2.21847e+10,pktSum,1.00008e+11,aggrSum,2.3169e+08,blackkey_num,668914302,feedback,28,feedsumportion,0.399202,finger0,11,finger,15,time,309895,runTime,577.556
line,9585683,total,0.0118214,total0,0.0715902,false,0.00340259,over,0.0113436,false0,0.0206462,over0,0.0688303,overaggr,0.0104245,overcuckoo,0.00139694,over_uai,0.000841909,over_uai,0.0011343,over_utai,0.0191038,over_utai,0.0092747,over_ai,0.0150618,over_ai,0.00701173,countIP,2.24902e+10,countIP0,2.38187e+10,keysum,2.22275e+10,pktSum,1.00188e+11,aggrSum,2.3171e+08,blackkey_num,671735390,feedback,28,feedsumportion,0.399202,finger0,11,finger,15,time,309895,runTime,578.556
line,9602509,total,0.0118734,total0,0.0715927,false,0.00343358,over,0.0114442,false0,0.0206555,over0,0.0688455,overaggr,0.0104052,overcuckoo,0.00146829,over_uai,0.00109793,over_uai,0.0608813,over_utai,0.0190696,over_utai,0.0093707,over_ai,0.0150341,over_ai,0.00717614,countIP,2.25359e+10,countIP0,2.38659e+10,keysum,2.22714e+10,pktSum,1.00369e+11,aggrSum,2.31738e+08,blackkey_num,674712674,feedback,28,feedsumportion,0.399202,finger0,11,finger,15,time,309895,runTime,579.556
line,9619158,total,0.0119497,total0,0.0716143,false,0.00347686,over,0.0115905,false0,0.0206672,over0,0.0688962,overaggr,0.0103869,overcuckoo,0.00156286,over_uai,0.000845085,over_uai,0.0803731,over_utai,0.0190349,over_utai,0.00950128,over_ai,0.0150093,over_ai,0.00739544,countIP,2.25794e+10,countIP0,2.39107e+10,keysum,2.23128e+10,pktSum,1.00555e+11,aggrSum,2.3176e+08,blackkey_num,677338781,feedback,28,feedsumportion,0.399202,finger0,11,finger,15,time,309895,runTime,580.556
line,9635627,total,0.0121432,total0,0.0716221,false,0.00358742,over,0.0119581,false0,0.0206762,over0,0.0689211,overaggr,0.010367,overcuckoo,0.0017762,over_uai,0.013664,over_uai,0.170447,over_utai,0.0190253,over_utai,0.00984605,over_ai,0.0149864,over_ai,0.00789477,countIP,2.26284e+10,countIP0,2.39582e+10,keysum,2.2357e+10,pktSum,1.00744e+11,aggrSum,2.31774e+08,blackkey_num,679994311,feedback,31,feedsumportion,0.412133,finger0,11,finger,15,time,302008,runTime,581.556
line,9652158,total,0.0122093,total0,0.0716154,false,0.00362386,over,0.0120837,false0,0.020668,over0,0.0689173,overaggr,0.0103495,overcuckoo,0.00185974,over_uai,0.0042148,over_uai,0.0931227,over_utai,0.0189998,over_utai,0.0100028,over_ai,0.0149706,over_ai,0.00807906,countIP,2.26692e+10,countIP0,2.39997e+10,keysum,2.23958e+10,pktSum,1.00925e+11,aggrSum,2.31786e+08,blackkey_num,682702439,feedback,31,feedsumportion,0.412133,finger0,11,finger,15,time,302008,runTime,582.556
line,9668776,total,0.0121923,total0,0.0716552,false,0.00361324,over,0.0120521,false0,0.0206866,over0,0.0690011,overaggr,0.0103326,overcuckoo,0.00185973,over_uai,0.00316202,over_uai,0.0381059,over_utai,0.0189713,over_utai,0.0100465,over_ai,0.0149486,over_ai,0.00806926,countIP,2.27074e+10,countIP0,2.40414e+10,keysum,2.24339e+10,pktSum,1.01103e+11,aggrSum,2.318e+08,blackkey_num,685434878,feedback,31,feedsumportion,0.412133,finger0,11,finger,15,time,302008,runTime,583.556
line,9685135,total,0.0122783,total0,0.0716619,false,0.00365995,over,0.0122147,false0,0.0206815,over0,0.0690221,overaggr,0.0103175,overcuckoo,0.00196078,over_uai,0.00211948,over_uai,0.107827,over_utai,0.0189452,over_utai,0.0102334,over_ai,0.0149289,over_ai,0.00830545,countIP,2.27473e+10,countIP0,2.40817e+10,keysum,2.24714e+10,pktSum,1.01288e+11,aggrSum,2.31849e+08,blackkey_num,688506640,feedback,31,feedsumportion,0.412133,finger0,11,finger,15,time,302008,runTime,584.556
line,9701690,total,0.012286,total0,0.0716849,false,0.00366234,over,0.0122294,false0,0.0206854,over0,0.0690734,overaggr,0.0103036,overcuckoo,0.00198248,over_uai,0.00208485,over_uai,0.0573759,over_utai,0.0189147,over_utai,0.0103129,over_ai,0.0149059,over_ai,0.00835655,countIP,2.27845e+10,countIP0,2.41215e+10,keysum,2.2508e+10,pktSum,1.01468e+11,aggrSum,2.31912e+08,blackkey_num,691057097,feedback,31,feedsumportion,0.412133,finger0,11,finger,15,time,302008,runTime,585.556
line,9718136,total,0.0122644,total0,0.0716719,false,0.0036497,over,0.0121889,false0,0.0206779,over0,0.069058,overaggr,0.0102854,overcuckoo,0.001979,over_uai,0.0152202,over_uai,0.00351842,over_utai,0.0189086,over_utai,0.0102994,over_ai,0.0148823,over_ai,0.00833966,countIP,2.28258e+10,countIP0,2.41654e+10,keysum,2.25493e+10,pktSum,1.01653e+11,aggrSum,2.31928e+08,blackkey_num,693623408,feedback,31,feedsumportion,0.688808,finger0,11,finger,15,time,302708,runTime,586.556
line,9734748,total,0.0122434,total0,0.0716538,false,0.00363678,over,0.0121499,false0,0.0206634,over0,0.0690329,overaggr,0.0102676,overcuckoo,0.00197581,over_uai,0.0168202,over_uai,0.00149158,over_utai,0.0189051,over_utai,0.0102808,over_ai,0.0148621,over_ai,0.00832137,countIP,2.28663e+10,countIP0,2.42084e+10,keysum,2.25898e+10,pktSum,1.01843e+11,aggrSum,2.31944e+08,blackkey_num,697398669,feedback,31,feedsumportion,0.688808,finger0,11,finger,15,time,302708,runTime,587.556
line,9751134,total,0.0122208,total0,0.0716434,false,0.00362418,over,0.0121077,false0,0.0206604,over0,0.0690227,overaggr,0.0102486,overcuckoo,0.00197218,over_uai,0.0179399,over_uai,0.00231364,over_utai,0.0189029,over_utai,0.0102641,over_ai,0.0148372,over_ai,0.0083033,countIP,2.29098e+10,countIP0,2.42547e+10,keysum,2.26332e+10,pktSum,1.02031e+11,aggrSum,2.31958e+08,blackkey_num,700437709,feedback,31,feedsumportion,0.688808,finger0,11,finger,15,time,302708,runTime,588.556
line,9767869,total,0.0122955,total0,0.071635,false,0.00366528,over,0.0122479,false0,0.0206536,over0,0.069016,overaggr,0.0102308,overcuckoo,0.00206467,over_uai,0.0160327,over_uai,0.0718912,over_utai,0.0188981,over_utai,0.0103915,over_ai,0.0148148,over_ai,0.00851569,countIP,2.29529e+10,countIP0,2.42984e+10,keysum,2.26741e+10,pktSum,1.02218e+11,aggrSum,2.31975e+08,blackkey_num,703229137,feedback,31,feedsumportion,0.688808,finger0,11,finger,15,time,302708,runTime,589.556
line,9784528,total,0.0122729,total0,0.071623,false,0.00365287,over,0.0122059,false0,0.0206505,over0,0.0690029,overaggr,0.0102121,overcuckoo,0.0020608,over_uai,0.0224197,over_uai,0.00163993,over_utai,0.0189041,over_utai,0.0103741,over_ai,0.0147892,over_ai,0.00849832,countIP,2.29967e+10,countIP0,2.4345e+10,keysum,2.27179e+10,pktSum,1.02406e+11,aggrSum,2.31998e+08,blackkey_num,706530937,feedback,31,feedsumportion,0.688808,finger0,11,finger,15,time,302708,runTime,590.556
line,9801018,total,0.0122527,total0,0.0716747,false,0.00363998,over,0.0121685,false0,0.0206723,over0,0.0691078,overaggr,0.0101954,overcuckoo,0.00205732,over_uai,0.00121887,over_uai,0.00112771,over_utai,0.0188739,over_utai,0.0103575,over_ai,0.0147678,over_ai,0.00848148,countIP,2.30363e+10,countIP0,2.43886e+10,keysum,2.27574e+10,pktSum,1.02597e+11,aggrSum,2.32022e+08,blackkey_num,709414201,feedback,31,feedsumportion,0.40058,finger0,11,finger,15,time,304044,runTime,591.556
line,9817600,total,0.0122328,total0,0.0716742,false,0.00362839,over,0.0121317,false0,0.0206713,over0,0.0691153,overaggr,0.0101788,overcuckoo,0.00205401,over_uai,0.00150061,over_uai,0.00113502,over_utai,0.0188435,over_utai,0.0103417,over_ai,0.0147438,over_ai,0.00846713,countIP,2.30762e+10,countIP0,2.44313e+10,keysum,2.27973e+10,pktSum,1.02777e+11,aggrSum,2.32049e+08,blackkey_num,712866038,feedback,31,feedsumportion,0.40058,finger0,11,finger,15,time,304044,runTime,592.556
line,9825408,total,0.0122288,total0,0.0716846,false,0.00362552,over,0.0121243,false0,0.0206738,over0,0.0691363,overaggr,0.0101754,overcuckoo,0.00205342,over_uai,0.00126852,over_uai,0.00106278,over_utai,0.0188367,over_utai,0.0103371,over_ai,0.0147397,over_ai,0.00846386,countIP,2.30845e+10,countIP0,2.44404e+10,keysum,2.28056e+10,pktSum,1.0282e+11,aggrSum,2.32056e+08,blackkey_num,713604063,feedback,31,feedsumportion,0.40058,finger0,11,finger,15,time,304044,runTime,592.792
line,9841815,total,0.0123033,total0,0.0716685,false,0.0144278,over,0.0558703,false0,0.0160806,over0,0.0622706,overaggr,0.0101586,overcuckoo,0.00214473,over_uai,0.00112742,over_uai,0.0580906,over_utai,0.0188058,over_utai,0.0104555,over_ai,0.0147176,over_ai,0.008674,countIP,2.31257e+10,countIP0,2.44818e+10,keysum,2.28446e+10,pktSum,1.0301e+11,aggrSum,2.32069e+08,blackkey_num,2641710,feedback,31,feedsumportion,0.40058,finger0,11,finger,15,time,304044,runTime,593.792
line,9858694,total,0.0122854,total0,0.0716552,false,0.00768733,over,0.0288796,false0,0.0167758,over0,0.0630229,overaggr,0.0101419,overcuckoo,0.0021435,over_uai,0.00193917,over_uai,0.00356185,over_utai,0.0187731,over_utai,0.0104446,over_ai,0.0146928,over_ai,0.0086651,countIP,2.31645e+10,countIP0,2.45231e+10,keysum,2.28834e+10,pktSum,1.0319e+11,aggrSum,2.32081e+08,blackkey_num,5162773,feedback,31,feedsumportion,0.40058,finger0,11,finger,15,time,304044,runTime,594.792
line,9875601,total,0.0122651,total0,0.0716521,false,0.00531954,over,0.0191712,false0,0.018165,over0,0.0654652,overaggr,0.0101243,overcuckoo,0.00214082,over_uai,0.0016702,over_uai,0.0017508,over_utai,0.0187449,over_utai,0.0104266,over_ai,0.0146692,over_ai,0.00865096,countIP,2.32065e+10,countIP0,2.4568e+10,keysum,2.29253e+10,pktSum,1.03371e+11,aggrSum,2.32102e+08,blackkey_num,7548012,feedback,31,feedsumportion,0.40058,finger0,11,finger,15,time,304044,runTime,595.792
line,9892380,total,0.0122441,total0,0.0716531,false,0.00402812,over,0.0144145,false0,0.0187764,over0,0.0671905,overaggr,0.0101065,overcuckoo,0.0021376,over_uai,0.00107189,over_uai,0.000640284,over_utai,0.018717,over_utai,0.0104053,over_ai,0.0146484,over_ai,0.00863268,countIP,2.32478e+10,countIP0,2.46122e+10,keysum,2.29666e+10,pktSum,1.03557e+11,aggrSum,2.32112e+08,blackkey_num,9628845,feedback,30,feedsumportion,0.702486,finger0,11,finger,15,time,307757,runTime,596.792
line,9909327,total,0.0122266,total0,0.0716393,false,0.00349651,over,0.0119832,false0,0.0194532,over0,0.0666697,overaggr,0.0100929,overcuckoo,0.00213366,over_uai,0.000525772,over_uai,0.00602158,over_utai,0.018683,over_utai,0.0103962,over_ai,0.014622,over_ai,0.00862955,countIP,2.3295e+10,countIP0,2.46623e+10,keysum,2.30137e+10,pktSum,1.03741e+11,aggrSum,2.32275e+08,blackkey_num,11973460,feedback,30,feedsumportion,0.702486,finger0,11,finger,15,time,307757,runTime,597.792
line,9926301,total,0.0122604,total0,0.0716403,false,0.00443673,over,0.015137,false0,0.0198171,over0,0.0676109,overaggr,0.010075,overcuckoo,0.00218544,over_uai,0.00235015,over_uai,0.0429014,over_utai,0.0186532,over_utai,0.0104603,over_ai,0.0145978,over_ai,0.00874512,countIP,2.33389e+10,countIP0,2.47079e+10,keysum,2.30562e+10,pktSum,1.03926e+11,aggrSum,2.32291e+08,blackkey_num,14664237,feedback,30,feedsumportion,0.702486,finger0,11,finger,15,time,307757,runTime,598.792
line,9943396,total,0.0122781,total0,0.0716158,false,0.00480238,over,0.0160755,false0,0.0198118,over0,0.0663182,overaggr,0.010058,overcuckoo,0.00222018,over_uai,0.00274429,over_uai,0.0302764,over_utai,0.0186243,over_utai,0.0105018,over_ai,0.0145729,over_ai,0.00882409,countIP,2.33855e+10,countIP0,2.47563e+10,keysum,2.31018e+10,pktSum,1.04108e+11,aggrSum,2.32357e+08,blackkey_num,16929596,feedback,30,feedsumportion,0.702486,finger0,11,finger,15,time,307757,runTime,599.792
line,9960287,total,0.0122596,total0,0.0715992,false,0.00420749,over,0.0143563,false0,0.019277,over0,0.0657745,overaggr,0.0100426,overcuckoo,0.00221696,over_uai,0.0013671,over_uai,0.00160915,over_utai,0.0185943,over_utai,0.0104838,over_ai,0.0145508,over_ai,0.00881124,countIP,2.34237e+10,countIP0,2.47968e+10,keysum,2.314e+10,pktSum,1.04296e+11,aggrSum,2.32386e+08,blackkey_num,19318113,feedback,30,feedsumportion,0.702486,finger0,11,finger,15,time,307757,runTime,600.792
line,9977275,total,0.0122387,total0,0.0715733,false,0.00379525,over,0.0128362,false0,0.0191737,over0,0.064849,overaggr,0.0100257,overcuckoo,0.00221296,over_uai,0.00151412,over_uai,0.000913419,over_utai,0.0185619,over_utai,0.0104655,over_ai,0.0145263,over_ai,0.00879593,countIP,2.34667e+10,countIP0,2.48423e+10,keysum,2.3183e+10,pktSum,1.04474e+11,aggrSum,2.32427e+08,blackkey_num,21769809,feedback,26,feedsumportion,0.844607,finger0,11,finger,15,time,306362,runTime,601.792
line,9994594,total,0.0122207,total0,0.0716077,false,0.00344938,over,0.011777,false0,0.0197353,over0,0.067381,overaggr,0.0100111,overcuckoo,0.00220962,over_uai,0.00167174,over_uai,0.00158667,over_utai,0.0185335,over_utai,0.0104519,over_ai,0.0145034,over_ai,0.00878498,countIP,2.35043e+10,countIP0,2.48833e+10,keysum,2.32205e+10,pktSum,1.04651e+11,aggrSum,2.32463e+08,blackkey_num,24192721,feedback,26,feedsumportion,0.844607,finger0,11,finger,15,time,306362,runTime,602.792
line,10011695,total,0.012293,total0,0.071567,false,0.00455673,over,0.015492,false0,0.0193282,over0,0.0657122,overaggr,0.00999349,overcuckoo,0.00229956,over_uai,0.00109362,over_uai,0.0799531,over_utai,0.0185037,over_utai,0.0105763,over_ai,0.0144796,over_ai,0.00899135,countIP,2.35495e+10,countIP0,2.49284e+10,keysum,2.32635e+10,pktSum,1.04835e+11,aggrSum,2.32484e+08,blackkey_num,26366076,feedback,26,feedsumportion,0.844607,finger0,11,finger,15,time,306362,runTime,603.792
line,10028829,total,0.0122729,total0,0.0715402,false,0.00420898,over,0.01429,false0,0.0191273,over0,0.0649392,overaggr,0.0099769,overcuckoo,0.00229602,over_uai,0.00108787,over_uai,0.000993679,over_utai,0.018473,over_utai,0.0105589,over_ai,0.0144575,over_ai,0.00897513,countIP,2.35903e+10,countIP0,2.49715e+10,keysum,2.33043e+10,pktSum,1.05012e+11,aggrSum,2.32505e+08,blackkey_num,29156032,feedback,26,feedsumportion,0.844607,finger0,11,finger,15,time,306362,runTime,604.792
line,10045724,total,0.0122531,total0,0.0715047,false,0.00391432,over,0.013276,false0,0.018847,over0,0.0639223,overaggr,0.00996097,overcuckoo,0.0022921,over_uai,0.00108977,over_uai,0.00159363,over_utai,0.0184442,over_utai,0.0105401,over_ai,0.014435,over_ai,0.00896007,countIP,2.36326e+10,countIP0,2.5016e+10,keysum,2.33466e+10,pktSum,1.05196e+11,aggrSum,2.32555e+08,blackkey_num,31399572,feedback,26,feedsumportion,0.844607,finger0,11,finger,15,time,306362,runTime,605.792
line,10062815,total,0.0122583,total0,0.0714705,false,0.0039442,over,0.013414,false0,0.0185443,over0,0.0630678,overaggr,0.0099697,overcuckoo,0.00228856,over_uai,0.0210832,over_uai,0.00105726,over_utai,0.0184485,over_utai,0.0105228,over_ai,0.014456,over_ai,0.00894398,countIP,2.36734e+10,countIP0,2.50582e+10,keysum,2.33867e+10,pktSum,1.05377e+11,aggrSum,2.33158e+08,blackkey_num,33084341,feedback,30,feedsumportion,0.691657,finger0,11,finger,15,time,306510,runTime,606.792
line,10080200,total,0.0122686,total0,0.071457,false,0.00402066,over,0.0137345,false0,0.018462,over0,0.0630658,overaggr,0.00998326,overcuckoo,0.00228532,over_uai,0.0250777,over_uai,0.00111742,over_utai,0.0184594,over_utai,0.0105083,over_ai,0.0144822,over_ai,0.00893179,countIP,2.37117e+10,countIP0,2.50981e+10,keysum,2.34243e+10,pktSum,1.05552e+11,aggrSum,2.33851e+08,blackkey_num,34793980,feedback,30,feedsumportion,0.691657,finger0,11,finger,15,time,306510,runTime,607.792
line,10097005,total,0.0123645,total0,0.0714529,false,0.00501578,over,0.0170394,false0,0.0186832,over0,0.0634696,overaggr,0.00999018,overcuckoo,0.00237433,over_uai,0.020911,over_uai,0.0752549,over_utai,0.0184636,over_utai,0.0106293,over_ai,0.0145,over_ai,0.00913634,countIP,2.37577e+10,countIP0,2.51444e+10,keysum,2.34676e+10,pktSum,1.05731e+11,aggrSum,2.34445e+08,blackkey_num,36407821,feedback,30,feedsumportion,0.691657,finger0,11,finger,15,time,306510,runTime,608.792
line,10113421,total,0.012372,total0,0.071478,false,0.0050169,over,0.017004,false0,0.0191166,over0,0.0647928,overaggr,0.0100019,overcuckoo,0.00237009,over_uai,0.0227776,over_uai,0.000548565,over_utai,0.0184714,over_utai,0.0106103,over_ai,0.0145279,over_ai,0.00911713,countIP,2.38013e+10,countIP0,2.51909e+10,keysum,2.35104e+10,pktSum,1.05914e+11,aggrSum,2.35148e+08,blackkey_num,37912620,feedback,30,feedsumportion,0.691657,finger0,11,finger,15,time,306510,runTime,609.792
line,10130054,total,0.01238,total0,0.071471,false,0.00504359,over,0.0169722,false0,0.0193104,over0,0.0649815,overaggr,0.0100141,overcuckoo,0.00236581,over_uai,0.0228437,over_uai,0.000871061,over_utai,0.0184797,over_utai,0.0105916,over_ai,0.0145544,over_ai,0.00909948,countIP,2.38479e+10,countIP0,2.52398e+10,keysum,2.35562e+10,pktSum,1.06097e+11,aggrSum,2.35896e+08,blackkey_num,39403152,feedback,30,feedsumportion,0.691657,finger0,11,finger,15,time,306510,runTime,610.792
line,10146849,total,0.0123622,total0,0.0715036,false,0.00478382,over,0.0162255,false0,0.0195355,over0,0.0662595,overaggr,0.00999931,overcuckoo,0.00236287,over_uai,0.00155667,over_uai,0.000893701,over_utai,0.0184491,over_utai,0.0105768,over_ai,0.0145318,over_ai,0.00908762,countIP,2.38845e+10,countIP0,2.52798e+10,keysum,2.35929e+10,pktSum,1.06278e+11,aggrSum,2.35912e+08,blackkey_num,41583858,feedback,35,feedsumportion,0.973058,finger0,11,finger,15,time,309623,runTime,611.792
line,10163178,total,0.0123623,total0,0.0714725,false,0.00475151,over,0.0160187,false0,0.0194771,over0,0.0656631,overaggr,0.00998073,overcuckoo,0.00238157,over_uai,0.00173378,over_uai,0.0213851,over_utai,0.0184104,over_utai,0.0105946,over_ai,0.0145019,over_ai,0.00912777,countIP,2.39304e+10,countIP0,2.53277e+10,keysum,2.36382e+10,pktSum,1.0646e+11,aggrSum,2.35926e+08,blackkey_num,43786884,feedback,35,feedsumportion,0.973058,finger0,11,finger,15,time,309623,runTime,612.792
line,10179747,total,0.0124106,total0,0.0714746,false,0.00509101,over,0.0171511,false0,0.0195902,over0,0.0659971,overaggr,0.00996361,overcuckoo,0.00244696,over_uai,0.00134107,over_uai,0.0557038,over_utai,0.0183768,over_utai,0.0106796,over_ai,0.0144765,over_ai,0.00927775,countIP,2.39739e+10,countIP0,2.53725e+10,keysum,2.368e+10,pktSum,1.0664e+11,aggrSum,2.35938e+08,blackkey_num,45994826,feedback,35,feedsumportion,0.973058,finger0,11,finger,15,time,309623,runTime,613.792
line,10196192,total,0.0123864,total0,0.0714853,false,0.0048683,over,0.0162843,false0,0.0198971,over0,0.0665552,overaggr,0.00994423,overcuckoo,0.00244217,over_uai,0.000889809,over_uai,0.000761202,over_utai,0.0183414,over_utai,0.010661,over_ai,0.0144484,over_ai,0.00925926,countIP,2.40215e+10,countIP0,2.54238e+10,keysum,2.37276e+10,pktSum,1.06826e+11,aggrSum,2.35953e+08,blackkey_num,48395940,feedback,35,feedsumportion,0.973058,finger0,11,finger,15,time,309623,runTime,614.792
line,10212386,total,0.0123608,total0,0.0714481,false,0.00467017,over,0.0154552,false0,0.0199154,over0,0.0659067,overaggr,0.00992372,overcuckoo,0.00243713,over_uai,0.000825458,over_uai,0.00100382,over_utai,0.0183033,over_utai,0.0106406,over_ai,0.0144197,over_ai,0.00923921,countIP,2.40726e+10,countIP0,2.54777e+10,keysum,2.37787e+10,pktSum,1.07014e+11,aggrSum,2.35973e+08,blackkey_num,50335377,feedback,35,feedsumportion,0.973058,finger0,11,finger,15,time,309623,runTime,615.792
line,10228447,total,0.0123349,total0,0.0713931,false,0.00447706,over,0.0146966,false0,0.0197716,over0,0.0649032,overaggr,0.00990279,overcuckoo,0.00243211,over_uai,0.00167311,over_uai,0.00058227,over_utai,0.0182699,over_utai,0.0106182,over_ai,0.0143931,over_ai,0.00921634,countIP,2.4124e+10,countIP0,2.55313e+10,keysum,2.383e+10,pktSum,1.07207e+11,aggrSum,2.35984e+08,blackkey_num,53029523,feedback,32,feedsumportion,0.370552,finger0,11,finger,15,time,307498,runTime,616.792
line,10244639,total,0.0123075,total0,0.0713099,false,0.00431456,over,0.013969,false0,0.0195816,over0,0.0633981,overaggr,0.00988065,overcuckoo,0.00242685,over_uai,0.00180105,over_uai,0.000778584,over_utai,0.0182356,over_utai,0.0105967,over_ai,0.0143646,over_ai,0.00919235,countIP,2.41797e+10,countIP0,2.5589e+10,keysum,2.38857e+10,pktSum,1.07397e+11,aggrSum,2.36006e+08,blackkey_num,55504504,feedback,32,feedsumportion,0.370552,finger0,11,finger,15,time,307498,runTime,617.792
line,10260986,total,0.0123072,total0,0.0712673,false,0.00430645,over,0.0138938,false0,0.0194699,over0,0.0628154,overaggr,0.00986208,overcuckoo,0.00244507,over_uai,0.00113748,over_uai,0.0201105,over_utai,0.0182015,over_utai,0.010613,over_ai,0.014339,over_ai,0.0092274,countIP,2.42262e+10,countIP0,2.56372e+10,keysum,2.39316e+10,pktSum,1.07579e+11,aggrSum,2.36016e+08,blackkey_num,58422949,feedback,32,feedsumportion,0.370552,finger0,11,finger,15,time,307498,runTime,618.792
line,10277450,total,0.0123515,total0,0.071245,false,0.00459091,over,0.0147347,false0,0.0195384,over0,0.0627093,overaggr,0.00984286,overcuckoo,0.00250868,over_uai,0.0018044,over_uai,0.0544162,over_utai,0.0181706,over_utai,0.0106971,over_ai,0.0143132,over_ai,0.00937024,countIP,2.42762e+10,countIP0,2.56885e+10,keysum,2.398e+10,pktSum,1.07764e+11,aggrSum,2.36032e+08,blackkey_num,61347029,feedback,32,feedsumportion,0.370552,finger0,11,finger,15,time,307498,runTime,619.792
line,10293932,total,0.0123285,total0,0.0712345,false,0.00442782,over,0.0141901,false0,0.0196045,over0,0.0628277,overaggr,0.00982425,overcuckoo,0.00250423,over_uai,0.00103409,over_uai,0.000828097,over_utai,0.0181388,over_utai,0.0106766,over_ai,0.0142901,over_ai,0.00934971,countIP,2.43228e+10,countIP0,2.57381e+10,keysum,2.40266e+10,pktSum,1.07954e+11,aggrSum,2.36044e+08,blackkey_num,64120314,feedback,32,feedsumportion,0.370552,finger0,11,finger,15,time,307498,runTime,620.792
line,10310616,total,0.0123088,total0,0.0712167,false,0.00428029,over,0.013755,false0,0.019529,over0,0.0627577,overaggr,0.00980832,overcuckoo,0.00250048,over_uai,0.00229337,over_uai,0.00129019,over_utai,0.0181111,over_utai,0.0106622,over_ai,0.0142648,over_ai,0.00933685,countIP,2.43632e+10,countIP0,2.57809e+10,keysum,2.40669e+10,pktSum,1.08135e+11,aggrSum,2.36056e+08,blackkey_num,67019592,feedback,27,feedsumportion,0.52329,finger0,11,finger,15,time,304272,runTime,621.792
line,10326948,total,0.0122886,total0,0.0712068,false,0.00414375,over,0.0133352,false0,0.0195268,over0,0.0628401,overaggr,0.00979231,overcuckoo,0.00249626,over_uai,0.00476709,over_uai,0.000859515,over_utai,0.0180873,over_utai,0.0106485,over_ai,0.0142388,over_ai,0.0093239,countIP,2.44041e+10,countIP0,2.58245e+10,keysum,2.41079e+10,pktSum,1.08313e+11,aggrSum,2.36072e+08,blackkey_num,69993722,feedback,27,feedsumportion,0.52329,finger0,11,finger,15,time,304272,runTime,622.792
line,10343408,total,0.0122684,total0,0.0711894,false,0.0040114,over,0.0129411,false0,0.0194603,over0,0.0627806,overaggr,0.0097762,overcuckoo,0.00249223,over_uai,0.00361354,over_uai,0.000751074,over_utai,0.0180606,over_utai,0.0106333,over_ai,0.014213,over_ai,0.00931048,countIP,2.4445e+10,countIP0,2.58679e+10,keysum,2.41488e+10,pktSum,1.08496e+11,aggrSum,2.36083e+08,blackkey_num,72533304,feedback,27,feedsumportion,0.52329,finger0,11,finger,15,time,304272,runTime,623.792
line,10359848,total,0.012246,total0,0.0711402,false,0.00389529,over,0.0125288,false0,0.0193404,over0,0.0622064,overaggr,0.0097582,overcuckoo,0.00248785,over_uai,0.00315675,over_uai,0.000822506,over_utai,0.0180351,over_utai,0.0106134,over_ai,0.0141894,over_ai,0.00929104,countIP,2.44917e+10,countIP0,2.59166e+10,keysum,2.41954e+10,pktSum,1.0868e+11,aggrSum,2.36103e+08,blackkey_num,75466871,feedback,27,feedsumportion,0.52329,finger0,11,finger,15,time,304272,runTime,624.792
line,10375928,total,0.0122238,total0,0.0710996,false,0.00378409,over,0.0121449,false0,0.0192579,over0,0.0618078,overaggr,0.00974027,overcuckoo,0.00248357,over_uai,0.0025804,over_uai,0.000908464,over_utai,0.0180065,over_utai,0.0105941,over_ai,0.0141647,over_ai,0.00927324,countIP,2.45376e+10,countIP0,2.59649e+10,keysum,2.42413e+10,pktSum,1.08864e+11,aggrSum,2.36117e+08,blackkey_num,78204161,feedback,27,feedsumportion,0.52329,finger0,11,finger,15,time,304272,runTime,625.792
line,10392346,total,0.0122902,total0,0.0710733,false,0.00414138,over,0.0132342,false0,0.0193003,over0,0.061676,overaggr,0.00972173,overcuckoo,0.00256848,over_uai,0.0122443,over_uai,0.0736959,over_utai,0.0179955,over_utai,0.0107105,over_ai,0.0141377,over_ai,0.00946849,countIP,2.45876e+10,countIP0,2.60154e+10,keysum,2.42891e+10,pktSum,1.09044e+11,aggrSum,2.36132e+08,blackkey_num,80788191,feedback,32,feedsumportion,0.368062,finger0,11,finger,15,time,309071,runTime,626.792
line,10408925,total,0.0122715,total0,0.071084,false,0.00403031,over,0.0129097,false0,0.0193871,over0,0.0620996,overaggr,0.00970587,overcuckoo,0.0025656,over_uai,0.0102396,over_uai,0.00118776,over_utai,0.0179811,over_utai,0.0106963,over_ai,0.0141141,over_ai,0.00945521,countIP,2.46288e+10,countIP0,2.60597e+10,keysum,2.43302e+10,pktSum,1.09228e+11,aggrSum,2.36146e+08,blackkey_num,83393005,feedback,32,feedsumportion,0.368062,finger0,11,finger,15,time,309071,runTime,627.792
line,10425407,total,0.0122537,total0,0.0710797,false,0.00392092,over,0.0126176,false0,0.0193426,over0,0.0622451,overaggr,0.00969179,overcuckoo,0.00256194,over_uai,0.00928991,over_uai,0.00127739,over_utai,0.0179641,over_utai,0.010685,over_ai,0.0140889,over_ai,0.00944586,countIP,2.46656e+10,countIP0,2.6099e+10,keysum,2.4367e+10,pktSum,1.09406e+11,aggrSum,2.3616e+08,blackkey_num,86159108,feedback,32,feedsumportion,0.368062,finger0,11,finger,15,time,309071,runTime,628.792
line,10441690,total,0.0122857,total0,0.0710408,false,0.00406683,over,0.0130944,false0,0.0192211,over0,0.061888,overaggr,0.00967557,overcuckoo,0.00261011,over_uai,0.00899801,over_uai,0.056091,over_utai,0.0179454,over_utai,0.0107501,over_ai,0.0140614,over_ai,0.00955835,countIP,2.47095e+10,countIP0,2.61437e+10,keysum,2.44096e+10,pktSum,1.09589e+11,aggrSum,2.36177e+08,blackkey_num,88976431,feedback,32,feedsumportion,0.368062,finger0,11,finger,15,time,309071,runTime,629.792
line,10458222,total,0.0123031,total0,0.0710593,false,0.00412725,over,0.0133336,false0,0.0193098,over0,0.0623829,overaggr,0.00966049,overcuckoo,0.00264258,over_uai,0.00983146,over_uai,0.0359716,over_utai,0.0179315,over_utai,0.0107893,over_ai,0.0140369,over_ai,0.00963263,countIP,2.47499e+10,countIP0,2.61864e+10,keysum,2.44491e+10,pktSum,1.09773e+11,aggrSum,2.3619e+08,blackkey_num,91701566,feedback,32,feedsumportion,0.368062,finger0,11,finger,15,time,309071,runTime,630.792
line,10474613,total,0.0122821,total0,0.0710381,false,0.00402941,over,0.0130019,false0,0.0193092,over0,0.0623056,overaggr,0.00964419,overcuckoo,0.00263791,over_uai,0.00119259,over_uai,0.000985446,over_utai,0.0178946,over_utai,0.0107756,over_ai,0.0140081,over_ai,0.0096201,countIP,2.47948e+10,countIP0,2.6234e+10,keysum,2.4494e+10,pktSum,1.09956e+11,aggrSum,2.36225e+08,blackkey_num,94688496,feedback,31,feedsumportion,0.553151,finger0,11,finger,15,time,309106,runTime,631.792
line,10491188,total,0.0122626,total0,0.0710307,false,0.00394061,over,0.0127074,false0,0.0193543,over0,0.0624127,overaggr,0.00962873,overcuckoo,0.00263384,over_uai,0.00154511,over_uai,0.00101648,over_utai,0.0178616,over_utai,0.010763,over_ai,0.0139817,over_ai,0.00960823,countIP,2.48368e+10,countIP0,2.62788e+10,keysum,2.4536e+10,pktSum,1.1013e+11,aggrSum,2.3625e+08,blackkey_num,97370644,feedback,31,feedsumportion,0.553151,finger0,11,finger,15,time,309106,runTime,632.792
line,10507541,total,0.0122436,total0,0.0710539,false,0.00384847,over,0.0124342,false0,0.0194768,over0,0.0629284,overaggr,0.00961375,overcuckoo,0.00262986,over_uai,0.00126616,over_uai,0.000704732,over_utai,0.0178318,over_utai,0.0107492,over_ai,0.0139581,over_ai,0.00959467,countIP,2.48766e+10,countIP0,2.63219e+10,keysum,2.45757e+10,pktSum,1.10309e+11,aggrSum,2.36265e+08,blackkey_num,100488927,feedback,31,feedsumportion,0.553151,finger0,11,finger,15,time,309106,runTime,633.792
line,10524067,total,0.0123004,total0,0.071051,false,0.00407468,over,0.0132043,false0,0.0194585,over0,0.0630567,overaggr,0.00960033,overcuckoo,0.00270012,over_uai,0.00225532,over_uai,0.0815613,over_utai,0.0178072,over_utai,0.0108467,over_ai,0.013938,over_ai,0.00975767,countIP,2.49159e+10,countIP0,2.6362e+10,keysum,2.46132e+10,pktSum,1.10485e+11,aggrSum,2.36295e+08,blackkey_num,103181003,feedback,31,feedsumportion,0.553151,finger0,11,finger,15,time,309106,runTime,634.792
line,10540674,total,0.0122972,total0,0.0710391,false,0.00404504,over,0.0131416,false0,0.0194113,over0,0.0630636,overaggr,0.0095867,overcuckoo,0.00271046,over_uai,0.00224282,over_uai,0.0143359,over_utai,0.0177811,over_utai,0.010852,over_ai,0.0139191,over_ai,0.00977614,countIP,2.49546e+10,countIP0,2.64027e+10,keysum,2.46515e+10,pktSum,1.10663e+11,aggrSum,2.36326e+08,blackkey_num,106247264,feedback,31,feedsumportion,0.553151,finger0,11,finger,15,time,309106,runTime,635.792
line,10556965,total,0.0122771,total0,0.0710449,false,0.00395742,over,0.0128597,false0,0.0194862,over0,0.0633206,overaggr,0.00957097,overcuckoo,0.00270609,over_uai,0.000966294,over_uai,0.00123469,over_utai,0.0177498,over_utai,0.0108376,over_ai,0.0138943,over_ai,0.00976202,countIP,2.49973e+10,countIP0,2.64486e+10,keysum,2.46942e+10,pktSum,1.10845e+11,aggrSum,2.36347e+08,blackkey_num,108963450,feedback,31,feedsumportion,0.681436,finger0,11,finger,15,time,309183,runTime,636.792
line,10573084,total,0.0122602,total0,0.0711361,false,0.00386993,over,0.0126317,false0,0.0198026,over0,0.0646372,overaggr,0.00955798,overcuckoo,0.00270219,over_uai,0.00108001,over_uai,0.000719221,over_utai,0.0177201,over_utai,0.010822,over_ai,0.0138749,over_ai,0.00974866,countIP,2.50334e+10,countIP0,2.64894e+10,keysum,2.47302e+10,pktSum,1.11027e+11,aggrSum,2.36371e+08,blackkey_num,111595679,feedback,31,feedsumportion,0.681436,finger0,11,finger,15,time,309183,runTime,637.792
line,10589246,total,0.0122444,total0,0.0711876,false,0.00378462,over,0.012426,false0,0.0199203,over0,0.0654041,overaggr,0.00954589,overcuckoo,0.00269852,over_uai,0.00161046,over_uai,0.00128702,over_utai,0.0176918,over_utai,0.0108086,over_ai,0.0138532,over_ai,0.00973937,countIP,2.50684e+10,countIP0,2.65282e+10,keysum,2.47652e+10,pktSum,1.11214e+11,aggrSum,2.36406e+08,blackkey_num,114142658,feedback,31,feedsumportion,0.681436,finger0,11,finger,15,time,309183,runTime,638.792
line,10605410,total,0.0123141,total0,0.0711866,false,0.00403141,over,0.0132873,false0,0.0198741,over0,0.0655039,overaggr,0.00953182,overcuckoo,0.00278227,over_uai,0.000808164,over_uai,0.100198,over_utai,0.0176601,over_utai,0.0109282,over_ai,0.0138301,over_ai,0.0099369,countIP,2.51095e+10,countIP0,2.65698e+10,keysum,2.48041e+10,pktSum,1.11405e+11,aggrSum,2.36428e+08,blackkey_num,116918306,feedback,31,feedsumportion,0.681436,finger0,11,finger,15,time,309183,runTime,639.792
line,10621769,total,0.0122989,total0,0.071202,false,0.00394473,over,0.0130861,false0,0.0198307,over0,0.0657854,overaggr,0.00952013,overcuckoo,0.00277881,over_uai,0.00135309,over_uai,0.00154947,over_utai,0.0176336,over_utai,0.0109179,over_ai,0.0138092,over_ai,0.00992808,countIP,2.51428e+10,countIP0,2.66058e+10,keysum,2.48374e+10,pktSum,1.11592e+11,aggrSum,2.36455e+08,blackkey_num,119385712,feedback,31,feedsumportion,0.681436,finger0,11,finger,15,time,309183,runTime,640.792
line,10638362,total,0.0123169,total0,0.0711977,false,0.003992,over,0.0132884,false0,0.0197756,over0,0.0658282,overaggr,0.00954198,overcuckoo,0.00277493,over_uai,0.0287297,over_uai,0.00120798,over_utai,0.0176531,over_utai,0.0109072,over_ai,0.0138464,over_ai,0.00991799,countIP,2.518e+10,countIP0,2.66445e+10,keysum,2.48736e+10,pktSum,1.11772e+11,aggrSum,2.37343e+08,blackkey_num,121417822,feedback,31,feedsumportion,0.58113,finger0,11,finger,15,time,311143,runTime,641.792
line,10654877,total,0.0123202,total0,0.0711766,false,0.00398858,over,0.0133097,false0,0.0196824,over0,0.0656793,overaggr,0.00954956,overcuckoo,0.00277067,over_uai,0.0181146,over_uai,0.00106806,over_utai,0.0176537,over_utai,0.0108948,over_ai,0.013859,over_ai,0.00990683,countIP,2.52198e+10,countIP0,2.6686e+10,keysum,2.49128e+10,pktSum,1.11959e+11,aggrSum,2.37907e+08,blackkey_num,123580445,feedback,31,feedsumportion,0.58113,finger0,11,finger,15,time,311143,runTime,642.792
line,10671063,total,0.0123429,total0,0.0711643,false,0.00405276,over,0.0135536,false0,0.0196281,over0,0.0656421,overaggr,0.00955779,overcuckoo,0.00278509,over_uai,0.0192252,over_uai,0.0165524,over_utai,0.0176565,over_utai,0.0109047,over_ai,0.0138769,over_ai,0.00993657,countIP,2.52624e+10,countIP0,2.67302e+10,keysum,2.49544e+10,pktSum,1.12155e+11,aggrSum,2.38509e+08,blackkey_num,125609223,feedback,31,feedsumportion,0.58113,finger0,11,finger,15,time,311143,runTime,643.792
line,10687279,total,0.0124112,total0,0.0711517,false,0.00426521,over,0.0143137,false0,0.0195456,over0,0.0655936,overaggr,0.00956203,overcuckoo,0.00284919,over_uai,0.0161466,over_uai,0.0662274,over_utai,0.0176538,over_utai,0.0109913,over_ai,0.0138868,over_ai,0.0100857,countIP,2.53024e+10,countIP0,2.67704e+10,keysum,2.49922e+10,pktSum,1.12345e+11,aggrSum,2.38976e+08,blackkey_num,127577599,feedback,31,feedsumportion,0.58113,finger0,11,finger,15,time,311143,runTime,644.792
line,10703558,total,0.0124253,total0,0.0711576,false,0.00429349,over,0.0144383,false0,0.019554,over0,0.0657572,overaggr,0.00958035,overcuckoo,0.0028449,over_uai,0.0283707,over_uai,0.000728326,over_utai,0.0176715,over_utai,0.0109758,over_ai,0.0139202,over_ai,0.0100723,countIP,2.53421e+10,countIP0,2.68122e+10,keysum,2.50311e+10,pktSum,1.12529e+11,aggrSum,2.39806e+08,blackkey_num,129630181,feedback,31,feedsumportion,0.58113,finger0,11,finger,15,time,311143,runTime,645.792
line,10719834,total,0.0124054,total0,0.0711338,false,0.00421721,over,0.0141806,false0,0.0195082,over0,0.0655974,overaggr,0.00956529,overcuckoo,0.00284012,over_uai,0.00143776,over_uai,0.00076288,over_utai,0.0176475,over_utai,0.0109562,over_ai,0.0139017,over_ai,0.010052,countIP,2.53854e+10,countIP0,2.68579e+10,keysum,2.50743e+10,pktSum,1.12717e+11,aggrSum,2.39843e+08,blackkey_num,132008830,feedback,33,feedsumportion,0.982115,finger0,11,finger,15,time,313880,runTime,646.792
line,10735841,total,0.0123873,total0,0.0711226,false,0.00414235,over,0.013953,false0,0.0194662,over0,0.0655698,overaggr,0.00955144,overcuckoo,0.00283585,over_uai,0.00101157,over_uai,0.00124663,over_utai,0.0176135,over_utai,0.0109445,over_ai,0.0138758,over_ai,0.0100426,countIP,2.5425e+10,countIP0,2.69e+10,keysum,2.51139e+10,pktSum,1.12904e+11,aggrSum,2.39874e+08,blackkey_num,135564971,feedback,33,feedsumportion,0.982115,finger0,11,finger,15,time,313880,runTime,647.792
line,10752001,total,0.0123806,total0,0.0711736,false,0.00410166,over,0.0138558,false0,0.0195986,over0,0.0662058,overaggr,0.009538,overcuckoo,0.00284256,over_uai,0.000726672,over_uai,0.0138255,over_utai,0.017585,over_utai,0.0109478,over_ai,0.0138539,over_ai,0.0100557,countIP,2.54628e+10,countIP0,2.69415e+10,keysum,2.51514e+10,pktSum,1.1309e+11,aggrSum,2.39894e+08,blackkey_num,137869486,feedback,33,feedsumportion,0.982115,finger0,11,finger,15,time,313880,runTime,648.792
line,10768159,total,0.0124253,total0,0.0711684,false,0.00423702,over,0.0143001,false0,0.0196268,over0,0.0662412,overaggr,0.00952282,overcuckoo,0.00290244,over_uai,0.00105314,over_uai,0.0601461,over_utai,0.0175561,over_utai,0.0110288,over_ai,0.0138318,over_ai,0.0101934,countIP,2.55082e+10,countIP0,2.69882e+10,keysum,2.51951e+10,pktSum,1.13274e+11,aggrSum,2.39928e+08,blackkey_num,140249584,feedback,33,feedsumportion,0.982115,finger0,11,finger,15,time,313880,runTime,649.792
line,10784466,total,0.012415,total0,0.0711328,false,0.0042038,over,0.0141584,false0,0.019586,over0,0.0659657,overaggr,0.00950672,overcuckoo,0.00290827,over_uai,0.000839232,over_uai,0.0114516,over_utai,0.0175258,over_utai,0.0110292,over_ai,0.0138076,over_ai,0.0102023,countIP,2.55544e+10,countIP0,2.70365e+10,keysum,2.5241e+10,pktSum,1.13458e+11,aggrSum,2.39959e+08,blackkey_num,143151009,feedback,33,feedsumportion,0.982115,finger0,11,finger,15,time,313880,runTime,650.792
line,10801189,total,0.0124007,total0,0.0711538,false,0.00414509,over,0.0139865,false0,0.0196364,over0,0.0662577,overaggr,0.00949643,overcuckoo,0.00290428,over_uai,0.000976951,over_uai,0.00423318,over_utai,0.0174965,over_utai,0.0110208,over_ai,0.0137851,over_ai,0.0101981,countIP,2.55913e+10,countIP0,2.70764e+10,keysum,2.52778e+10,pktSum,1.13634e+11,aggrSum,2.40049e+08,blackkey_num,145822090,feedback,33,feedsumportion,0.605181,finger0,11,finger,15,time,310833,runTime,651.792
line,10817827,total,0.0123867,total0,0.0711756,false,0.00408999,over,0.0138207,false0,0.0196948,over0,0.0665516,overaggr,0.00948626,overcuckoo,0.00290041,over_uai,0.000936574,over_uai,0.00500979,over_utai,0.0174634,over_utai,0.0110123,over_ai,0.0137599,over_ai,0.0101973,countIP,2.56296e+10,countIP0,2.71179e+10,keysum,2.5316e+10,pktSum,1.13814e+11,aggrSum,2.40154e+08,blackkey_num,148884744,feedback,33,feedsumportion,0.605181,finger0,11,finger,15,time,310833,runTime,652.792
line,10834437,total,0.0124222,total0,0.0712002,false,0.00417804,over,0.0141539,false0,0.019737,over0,0.0668629,overaggr,0.00947788,overcuckoo,0.00294434,over_uai,0.00069596,over_uai,0.0571482,over_utai,0.0174364,over_utai,0.0110773,over_ai,0.0137387,over_ai,0.0103107,countIP,2.56676e+10,countIP0,2.71578e+10,keysum,2.53527e+10,pktSum,1.13996e+11,aggrSum,2.4029e+08,blackkey_num,151795038,feedback,33,feedsumportion,0.605181,finger0,11,finger,15,time,310833,runTime,653.792
line,10851421,total,0.0124468,total0,0.0712564,false,0.00423474,over,0.0143695,false0,0.0198867,over0,0.0674803,overaggr,0.00946888,overcuckoo,0.00297795,over_uai,0.000968915,over_uai,0.049303,over_utai,0.0174069,over_utai,0.011128,over_ai,0.0137158,over_ai,0.0104008,countIP,2.57077e+10,countIP0,2.7201e+10,keysum,2.53917e+10,pktSum,1.14181e+11,aggrSum,2.40431e+08,blackkey_num,154063082,feedback,33,feedsumportion,0.605181,finger0,11,finger,15,time,310833,runTime,654.792
line,10868550,total,0.0124314,total0,0.0712966,false,0.00416949,over,0.0141927,false0,0.019954,over0,0.0679224,overaggr,0.00945741,overcuckoo,0.00297396,over_uai,0.00121187,over_uai,0.00210353,over_utai,0.0173793,over_utai,0.0111145,over_ai,0.0136963,over_ai,0.0103904,countIP,2.57444e+10,countIP0,2.72413e+10,keysum,2.54283e+10,pktSum,1.1437e+11,aggrSum,2.40486e+08,blackkey_num,157219864,feedback,33,feedsumportion,0.605181,finger0,11,finger,15,time,310833,runTime,655.792
line,10885462,total,0.0124532,total0,0.0712774,false,0.0042332,over,0.0143686,false0,0.0199753,over0,0.0678014,overaggr,0.00948474,overcuckoo,0.00296846,over_uai,0.0313161,over_uai,0.00109273,over_utai,0.0174077,over_utai,0.0110971,over_ai,0.0137474,over_ai,0.0103712,countIP,2.57945e+10,countIP0,2.72932e+10,keysum,2.54772e+10,pktSum,1.1456e+11,aggrSum,2.41645e+08,blackkey_num,159136601,feedback,35,feedsumportion,0.863556,finger0,11,finger,15,time,313607,runTime,656.792
line,10902401,total,0.0124823,total0,0.0712585,false,0.00431179,over,0.0146093,false0,0.0199762,over0,0.0676839,overaggr,0.00951911,overcuckoo,0.00296322,over_uai,0.0318919,over_uai,0.00725682,over_utai,0.0174368,over_utai,0.0110911,over_ai,0.0137977,over_ai,0.0103703,countIP,2.58425e+10,countIP0,2.73427e+10,keysum,2.55239e+10,pktSum,1.14749e+11,aggrSum,2.42965e+08,blackkey_num,160678688,feedback,35,feedsumportion,0.863556,finger0,11,finger,15,time,313607,runTime,657.792
line,10919298,total,0.0125934,total0,0.0712657,false,0.00460911,over,0.0156036,false0,0.0200291,over0,0.0678062,overaggr,0.00954952,overcuckoo,0.00304384,over_uai,0.033904,over_uai,0.084569,over_utai,0.0174698,over_utai,0.0112042,over_ai,0.0138538,over_ai,0.0105584,countIP,2.58894e+10,countIP0,2.73895e+10,keysum,2.55675e+10,pktSum,1.14932e+11,aggrSum,2.44157e+08,blackkey_num,162282669,feedback,35,feedsumportion,0.863556,finger0,11,finger,15,time,313607,runTime,658.792
line,10936426,total,0.0126207,total0,0.0712666,false,0.00467119,over,0.0158065,false0,0.0200566,over0,0.0678681,overaggr,0.00958172,overcuckoo,0.00303896,over_uai,0.0342135,over_uai,0.00122388,over_utai,0.0175064,over_utai,0.0111908,over_ai,0.0139076,over_ai,0.0105471,countIP,2.5934e+10,countIP0,2.7436e+10,keysum,2.56108e+10,pktSum,1.15118e+11,aggrSum,2.45396e+08,blackkey_num,164088819,feedback,35,feedsumportion,0.863556,finger0,11,finger,15,time,313607,runTime,659.792
line,10953314,total,0.0126446,total0,0.071281,false,0.00471899,over,0.0159748,false0,0.0201016,over0,0.0680484,overaggr,0.00961061,overcuckoo,0.00303403,over_uai,0.0308357,over_uai,0.00153429,over_utai,0.0175335,over_utai,0.0111774,over_ai,0.013955,over_ai,0.0105368,countIP,2.59777e+10,countIP0,2.74819e+10,keysum,2.56533e+10,pktSum,1.15308e+11,aggrSum,2.46544e+08,blackkey_num,165973196,feedback,35,feedsumportion,0.863556,finger0,11,finger,15,time,313607,runTime,660.792
line,10970066,total,0.0126231,total0,0.0712867,false,0.00465089,over,0.0157317,false0,0.0201478,over0,0.0681499,overaggr,0.00959443,overcuckoo,0.00302872,over_uai,0.000736395,over_uai,0.00114093,over_utai,0.0174937,over_utai,0.0111627,over_ai,0.0139256,over_ai,0.0105245,countIP,2.60231e+10,countIP0,2.75306e+10,keysum,2.56987e+10,pktSum,1.15499e+11,aggrSum,2.46564e+08,blackkey_num,168708653,feedback,32,feedsumportion,0.989007,finger0,11,finger,15,time,312368,runTime,661.792
line,10986698,total,0.0126027,total0,0.0712629,false,0.00458602,over,0.0155059,false0,0.0201081,over0,0.0679878,overaggr,0.00957892,overcuckoo,0.00302374,over_uai,0.000656018,over_uai,0.000721331,over_utai,0.0174622,over_utai,0.011145,over_ai,0.0139015,over_ai,0.0105086,countIP,2.60667e+10,countIP0,2.75768e+10,keysum,2.57423e+10,pktSum,1.15686e+11,aggrSum,2.46583e+08,blackkey_num,171561695,feedback,32,feedsumportion,0.989007,finger0,11,finger,15,time,312368,runTime,662.792
line,11003338,total,0.0126417,total0,0.0712506,false,0.00468626,over,0.0157915,false0,0.0201615,over0,0.0679394,overaggr,0.00956037,overcuckoo,0.00308129,over_uai,0.000807331,over_uai,0.0561768,over_utai,0.0174238,over_utai,0.0112231,over_ai,0.0138732,over_ai,0.0106416,countIP,2.61207e+10,countIP0,2.76325e+10,keysum,2.57946e+10,pktSum,1.15881e+11,aggrSum,2.46606e+08,blackkey_num,174509819,feedback,32,feedsumportion,0.989007,finger0,11,finger,15,time,312368,runTime,663.792
line,11020225,total,0.012644,total0,0.0712372,false,0.00467982,over,0.0157659,false0,0.020147,over0,0.0678731,overaggr,0.00954641,overcuckoo,0.00309759,over_uai,0.00118721,over_uai,0.0247479,over_utai,0.0173896,over_utai,0.011242,over_ai,0.0138495,over_ai,0.0106798,countIP,2.61653e+10,countIP0,2.76792e+10,keysum,2.58386e+10,pktSum,1.16071e+11,aggrSum,2.46666e+08,blackkey_num,177154451,feedback,32,feedsumportion,0.989007,finger0,11,finger,15,time,312368,runTime,664.792
line,11036949,total,0.012625,total0,0.0712547,false,0.00461895,over,0.0155627,false0,0.020202,over0,0.0680668,overaggr,0.00953233,overcuckoo,0.00309269,over_uai,0.00105189,over_uai,0.00181825,over_utai,0.0173536,over_utai,0.0112302,over_ai,0.0138228,over_ai,0.0106697,countIP,2.62081e+10,countIP0,2.77255e+10,keysum,2.58814e+10,pktSum,1.16259e+11,aggrSum,2.4671e+08,blackkey_num,179583090,feedback,32,feedsumportion,0.989007,finger0,11,finger,15,time,312368,runTime,665.792
line,11053499,total,0.0126057,total0,0.0712617,false,0.00455633,over,0.0153631,false0,0.020217,over0,0.0681677,overaggr,0.00951777,overcuckoo,0.00308794,over_uai,0.000753684,over_uai,0.000771732,over_utai,0.0173225,over_utai,0.0112131,over_ai,0.0138018,over_ai,0.0106529,countIP,2.62497e+10,countIP0,2.77702e+10,keysum,2.59229e+10,pktSum,1.16448e+11,aggrSum,2.46729e+08,blackkey_num,181937030,feedback,36,feedsumportion,0.592581,finger0,11,finger,15,time,300753,runTime,666.792
line,11069893,total,0.0125838,total0,0.0712976,false,0.00449672,over,0.015143,false0,0.0203435,over0,0.0685081,overaggr,0.00950123,overcuckoo,0.00308262,over_uai,0.00231412,over_uai,0.00093297,over_utai,0.0172919,over_utai,0.0111965,over_ai,0.0137765,over_ai,0.0106356,countIP,2.62963e+10,countIP0,2.78211e+10,keysum,2.59695e+10,pktSum,1.16639e+11,aggrSum,2.46742e+08,blackkey_num,184141465,feedback,36,feedsumportion,0.592581,finger0,11,finger,15,time,300753,runTime,667.792
line,11086347,total,0.0126448,total0,0.0712876,false,0.00464104,over,0.0155979,false0,0.0203726,over0,0.0684696,overaggr,0.00948418,overcuckoo,0.00316063,over_uai,0.0619481,over_uai,0.0786737,over_utai,0.0173774,over_utai,0.0113064,over_ai,0.0137499,over_ai,0.0108188,countIP,2.63472e+10,countIP0,2.7873e+10,keysum,2.60182e+10,pktSum,1.1683e+11,aggrSum,2.46761e+08,blackkey_num,186259045,feedback,36,feedsumportion,0.592581,finger0,11,finger,15,time,300753,runTime,668.792
line,11102632,total,0.0126241,total0,0.0712836,false,0.00458027,over,0.0153918,false0,0.0203769,over0,0.0684757,overaggr,0.00946873,overcuckoo,0.00315536,over_uai,0.0006845,over_uai,0.000887229,over_utai,0.0173434,over_utai,0.0112906,over_ai,0.013726,over_ai,0.010802,countIP,2.63917e+10,countIP0,2.79205e+10,keysum,2.60626e+10,pktSum,1.17022e+11,aggrSum,2.4678e+08,blackkey_num,188641560,feedback,36,feedsumportion,0.592581,finger0,11,finger,15,time,300753,runTime,669.792
line,11119062,total,0.0126034,total0,0.0712596,false,0.00452212,over,0.0151909,false0,0.020339,over0,0.0683237,overaggr,0.00945325,overcuckoo,0.00315014,over_uai,0.000341741,over_uai,0.00120735,over_utai,0.0173088,over_utai,0.0112772,over_ai,0.0136988,over_ai,0.0107889,countIP,2.6436e+10,countIP0,2.79674e+10,keysum,2.6107e+10,pktSum,1.17212e+11,aggrSum,2.46796e+08,blackkey_num,191207893,feedback,36,feedsumportion,0.592581,finger0,11,finger,15,time,300753,runTime,670.792
line,11135703,total,0.0125848,total0,0.071278,false,0.00446973,over,0.0150129,false0,0.0203957,over0,0.0685049,overaggr,0.00943963,overcuckoo,0.00314519,over_uai,0.00958439,over_uai,0.0029956,over_utai,0.0172946,over_utai,0.0112676,over_ai,0.0136723,over_ai,0.0107799,countIP,2.64785e+10,countIP0,2.80133e+10,keysum,2.61494e+10,pktSum,1.17395e+11,aggrSum,2.46841e+08,blackkey_num,193780075,feedback,32,feedsumportion,0.425958,finger0,11,finger,15,time,305041,runTime,671.792
line,11152267,total,0.0125667,total0,0.0713304,false,0.00441561,over,0.0148441,false0,0.0205083,over0,0.0689433,overaggr,0.00942616,overcuckoo,0.00314059,over_uai,0.00542217,over_uai,0.00252818,over_utai,0.0172701,over_utai,0.0112584,over_ai,0.0136458,over_ai,0.0107717,countIP,2.65189e+10,countIP0,2.80579e+10,keysum,2.61898e+10,pktSum,1.17581e+11,aggrSum,2.46869e+08,blackkey_num,196293285,feedback,32,feedsumportion,0.425958,finger0,11,finger,15,time,305041,runTime,672.792
line,11168670,total,0.0126317,total0,0.0713186,false,0.0045542,over,0.0153134,false0,0.0204855,over0,0.0688818,overaggr,0.0094128,overcuckoo,0.00321886,over_uai,0.0029572,over_uai,0.113003,over_utai,0.0172398,over_utai,0.0113748,over_ai,0.0136193,over_ai,0.0109636,countIP,2.65629e+10,countIP0,2.81023e+10,keysum,2.62315e+10,pktSum,1.17766e+11,aggrSum,2.46912e+08,blackkey_num,198703171,feedback,32,feedsumportion,0.425958,finger0,11,finger,15,time,305041,runTime,673.792
line,11184842,total,0.0126136,total0,0.0713469,false,0.00450249,over,0.0151452,false0,0.0205502,over0,0.0691254,overaggr,0.0093995,overcuckoo,0.00321412,over_uai,0.00671293,over_uai,0.00198724,over_utai,0.0172199,over_utai,0.0113641,over_ai,0.0135934,over_ai,0.0109551,countIP,2.66035e+10,countIP0,2.81466e+10,keysum,2.62721e+10,pktSum,1.17947e+11,aggrSum,2.46945e+08,blackkey_num,200994933,feedback,32,feedsumportion,0.425958,finger0,11,finger,15,time,305041,runTime,674.792
line,11200995,total,0.0125953,total0,0.0713789,false,0.00445021,over,0.0149774,false0,0.0206182,over0,0.0693917,overaggr,0.00938605,overcuckoo,0.00320921,over_uai,0.00208598,over_uai,0.00221295,over_utai,0.0171905,over_utai,0.0113532,over_ai,0.0135681,over_ai,0.010945,countIP,2.66452e+10,countIP0,2.8192e+10,keysum,2.63138e+10,pktSum,1.18135e+11,aggrSum,2.46983e+08,blackkey_num,203306111,feedback,32,feedsumportion,0.425958,finger0,11,finger,15,time,305041,runTime,675.792
line,11217100,total,0.0125737,total0,0.0713829,false,0.00439824,over,0.014786,false0,0.0206579,over0,0.0694476,overaggr,0.00937,overcuckoo,0.00320369,over_uai,0.00053978,over_uai,0.000888879,over_utai,0.0171518,over_utai,0.0113367,over_ai,0.0135417,over_ai,0.0109295,countIP,2.66922e+10,countIP0,2.82424e+10,keysum,2.63607e+10,pktSum,1.18327e+11,aggrSum,2.47e+08,blackkey_num,205409215,feedback,29,feedsumportion,0.682801,finger0,11,finger,15,time,309156,runTime,676.792
line,11233339,total,0.012552,total0,0.0713458,false,0.00435117,over,0.0145984,false0,0.0206258,over0,0.0692005,overaggr,0.00935391,overcuckoo,0.00319812,over_uai,0.000686326,over_uai,0.000656299,over_utai,0.0171208,over_utai,0.0113207,over_ai,0.0135157,over_ai,0.0109132,countIP,2.67392e+10,countIP0,2.82918e+10,keysum,2.64077e+10,pktSum,1.18507e+11,aggrSum,2.47015e+08,blackkey_num,207710590,feedback,29,feedsumportion,0.682801,finger0,11,finger,15,time,309156,runTime,677.792
line,11249119,total,0.0126114,total0,0.0712999,false,0.00448094,over,0.0150008,false0,0.0205804,over0,0.068897,overaggr,0.00933682,overcuckoo,0.00327458,over_uai,0.000531108,over_uai,0.0979642,over_utai,0.0170834,over_utai,0.0114323,over_ai,0.0134862,over_ai,0.0110967,countIP,2.67908e+10,countIP0,2.83435e+10,keysum,2.64572e+10,pktSum,1.18696e+11,aggrSum,2.47026e+08,blackkey_num,209999606,feedback,29,feedsumportion,0.682801,finger0,11,finger,15,time,309156,runTime,678.792
line,11265556,total,0.0125909,total0,0.0712753,false,0.00443428,over,0.0148247,false0,0.0205643,over0,0.0687505,overaggr,0.00932154,overcuckoo,0.0032694,over_uai,0.00106311,over_uai,0.000999731,over_utai,0.0170493,over_utai,0.0114188,over_ai,0.0134602,over_ai,0.0110829,countIP,2.68365e+10,countIP0,2.83918e+10,keysum,2.65028e+10,pktSum,1.18878e+11,aggrSum,2.47047e+08,blackkey_num,212430754,feedback,29,feedsumportion,0.682801,finger0,11,finger,15,time,309156,runTime,679.792
line,11281596,total,0.0125719,total0,0.0712488,false,0.00438452,over,0.0146646,false0,0.0205078,over0,0.0685908,overaggr,0.00930754,overcuckoo,0.00326435,over_uai,0.000598692,over_uai,0.00121677,over_utai,0.0170134,over_utai,0.0114075,over_ai,0.013434,over_ai,0.0110724,countIP,2.68782e+10,countIP0,2.84357e+10,keysum,2.65445e+10,pktSum,1.19064e+11,aggrSum,2.47064e+08,blackkey_num,214727091,feedback,29,feedsumportion,0.682801,finger0,11,finger,15,time,309156,runTime,680.792
line,11297834,total,0.0125533,total0,0.0712355,false,0.00433468,over,0.0145109,false0,0.02047,over0,0.0685262,overaggr,0.00929385,overcuckoo,0.00325943,over_uai,0.000474911,over_uai,0.000796097,over_utai,0.0169777,over_utai,0.0113927,over_ai,0.0134087,over_ai,0.0110617,countIP,2.69192e+10,countIP0,2.84793e+10,keysum,2.65855e+10,pktSum,1.19254e+11,aggrSum,2.47081e+08,blackkey_num,217229029,feedback,31,feedsumportion,0.492858,finger0,11,finger,15,time,310296,runTime,681.792
line,11313965,total,0.0125346,total0,0.0712562,false,0.00428899,over,0.0143596,false0,0.0205195,over0,0.0686996,overaggr,0.0092801,overcuckoo,0.00325452,over_uai,0.000669335,over_uai,0.00100976,over_utai,0.0169465,over_utai,0.0113808,over_ai,0.0133846,over_ai,0.01105,countIP,2.69607e+10,countIP0,2.85242e+10,keysum,2.66269e+10,pktSum,1.19435e+11,aggrSum,2.471e+08,blackkey_num,219604948,feedback,31,feedsumportion,0.492858,finger0,11,finger,15,time,310296,runTime,682.792
line,11330058,total,0.0125958,total0,0.0712743,false,0.00441387,over,0.014761,false0,0.0205887,over0,0.0688536,overaggr,0.00926508,overcuckoo,0.00333076,over_uai,0.000374177,over_uai,0.104346,over_utai,0.0169094,over_utai,0.0114926,over_ai,0.0133584,over_ai,0.0112341,countIP,2.70074e+10,countIP0,2.85724e+10,keysum,2.66715e+10,pktSum,1.19614e+11,aggrSum,2.47113e+08,blackkey_num,222020461,feedback,31,feedsumportion,0.492858,finger0,11,finger,15,time,310296,runTime,683.792
line,11346801,total,0.0125764,total0,0.0712851,false,0.00436974,over,0.0146047,false0,0.0206311,over0,0.068954,overaggr,0.00925086,overcuckoo,0.00332553,over_uai,0.000484035,over_uai,0.000858112,over_utai,0.0168782,over_utai,0.0114791,over_ai,0.0133343,over_ai,0.0112203,countIP,2.70496e+10,countIP0,2.8618e+10,keysum,2.67137e+10,pktSum,1.1979e+11,aggrSum,2.47124e+08,blackkey_num,224439512,feedback,31,feedsumportion,0.492858,finger0,11,finger,15,time,310296,runTime,684.792
line,11363091,total,0.0125571,total0,0.0712702,false,0.00432536,over,0.014452,false0,0.0206147,over0,0.0688784,overaggr,0.00923673,overcuckoo,0.00332037,over_uai,0.000583848,over_uai,0.00126365,over_utai,0.016848,over_utai,0.011468,over_ai,0.0133086,over_ai,0.0112094,countIP,2.70925e+10,countIP0,2.86635e+10,keysum,2.67565e+10,pktSum,1.19972e+11,aggrSum,2.47143e+08,blackkey_num,226742170,feedback,31,feedsumportion,0.492858,finger0,11,finger,15,time,310296,runTime,685.792
line,11379420,total,0.0125379,total0,0.0712475,false,0.00428251,over,0.0143034,false0,0.0205844,over0,0.0687511,overaggr,0.00922259,overcuckoo,0.00331533,over_uai,0.000318604,over_uai,0.000928106,over_utai,0.0168159,over_utai,0.0114546,over_ai,0.0132857,over_ai,0.0111949,countIP,2.71345e+10,countIP0,2.87078e+10,keysum,2.67985e+10,pktSum,1.20149e+11,aggrSum,2.47151e+08,blackkey_num,229394384,feedback,27,feedsumportion,0.414999,finger0,11,finger,15,time,312031,runTime,686.792
line,11395445,total,0.0125174,total0,0.0712411,false,0.00423857,over,0.0141474,false0,0.0205934,over0,0.0687359,overaggr,0.00920749,overcuckoo,0.0033099,over_uai,0.000369802,over_uai,0.000652964,over_utai,0.016786,over_utai,0.0114391,over_ai,0.0132631,over_ai,0.0111772,countIP,2.71792e+10,countIP0,2.87556e+10,keysum,2.68432e+10,pktSum,1.20334e+11,aggrSum,2.47159e+08,blackkey_num,231431426,feedback,27,feedsumportion,0.414999,finger0,11,finger,15,time,312031,runTime,687.792
line,11411618,total,0.0125751,total0,0.0712179,false,0.00435629,over,0.0145066,false0,0.0206048,over0,0.0686148,overaggr,0.00919035,overcuckoo,0.00338475,over_uai,0.000489084,over_uai,0.0818837,over_utai,0.0167539,over_utai,0.0115466,over_ai,0.0132376,over_ai,0.0113529,countIP,2.72325e+10,countIP0,2.88097e+10,keysum,2.68943e+10,pktSum,1.20524e+11,aggrSum,2.47168e+08,blackkey_num,233832189,feedback,27,feedsumportion,0.414999,finger0,11,finger,15,time,312031,runTime,688.792
line,11427581,total,0.0125558,total0,0.0711911,false,0.00431281,over,0.0143611,false0,0.0205614,over0,0.0684666,overaggr,0.00917627,overcuckoo,0.00337956,over_uai,0.000478068,over_uai,0.000893738,over_utai,0.0167262,over_utai,0.0115311,over_ai,0.0132174,over_ai,0.011335,countIP,2.72751e+10,countIP0,2.88545e+10,keysum,2.69369e+10,pktSum,1.20708e+11,aggrSum,2.4718e+08,blackkey_num,236449071,feedback,27,feedsumportion,0.414999,finger0,11,finger,15,time,312031,runTime,689.792
line,11444070,total,0.0125374,total0,0.0711832,false,0.00427129,over,0.0142237,false0,0.020553,over0,0.0684429,overaggr,0.00916253,overcuckoo,0.00337485,over_uai,0.000694313,over_uai,0.00108307,over_utai,0.0166932,over_utai,0.0115197,over_ai,0.0131934,over_ai,0.0113237,countIP,2.73168e+10,countIP0,2.8899e+10,keysum,2.69785e+10,pktSum,1.20889e+11,aggrSum,2.47192e+08,blackkey_num,238667554,feedback,27,feedsumportion,0.414999,finger0,11,finger,15,time,312031,runTime,690.792
line,11460208,total,0.0125186,total0,0.0711715,false,0.00422904,over,0.0140867,false0,0.0205334,over0,0.0683954,overaggr,0.00914883,overcuckoo,0.00336978,over_uai,0.000575429,over_uai,0.00121087,over_utai,0.0166633,over_utai,0.0115076,over_ai,0.0131702,over_ai,0.0113104,countIP,2.73587e+10,countIP0,2.89436e+10,keysum,2.70205e+10,pktSum,1.21074e+11,aggrSum,2.47206e+08,blackkey_num,241198066,feedback,26,feedsumportion,0.394812,finger0,11,finger,15,time,305916,runTime,691.792
line,11476222,total,0.0125797,total0,0.0711572,false,0.00434039,over,0.0144584,false0,0.0205133,over0,0.0683326,overaggr,0.0091347,overcuckoo,0.00344495,over_uai,0.000420077,over_uai,0.0995912,over_utai,0.0166331,over_utai,0.0116181,over_ai,0.0131466,over_ai,0.0114912,countIP,2.74048e+10,countIP0,2.89901e+10,keysum,2.70643e+10,pktSum,1.21265e+11,aggrSum,2.47225e+08,blackkey_num,243450122,feedback,26,feedsumportion,0.394812,finger0,11,finger,15,time,305916,runTime,692.792
line,11492452,total,0.0125645,total0,0.0711532,false,0.00429709,over,0.0143471,false0,0.0204659,over0,0.0683315,overaggr,0.00912403,overcuckoo,0.00344051,over_uai,0.00139428,over_uai,0.00115412,over_utai,0.0166073,over_utai,0.0116051,over_ai,0.0131277,over_ai,0.0114808,countIP,2.74413e+10,countIP0,2.90291e+10,keysum,2.71008e+10,pktSum,1.21456e+11,aggrSum,2.47268e+08,blackkey_num,245891298,feedback,26,feedsumportion,0.394812,finger0,11,finger,15,time,305916,runTime,693.792
line,11508853,total,0.0125465,total0,0.0711686,false,0.00425839,over,0.0142162,false0,0.0205057,over0,0.0684564,overaggr,0.00911125,overcuckoo,0.00343522,over_uai,0.00268142,over_uai,0.00103926,over_utai,0.01658,over_utai,0.0115923,over_ai,0.013105,over_ai,0.011468,countIP,2.74849e+10,countIP0,2.90761e+10,keysum,2.71443e+10,pktSum,1.21643e+11,aggrSum,2.47319e+08,blackkey_num,248381205,feedback,26,feedsumportion,0.394812,finger0,11,finger,15,time,305916,runTime,694.792
line,11525145,total,0.0125314,total0,0.0711542,false,0.00422027,over,0.0141079,false0,0.0204585,over0,0.0683903,overaggr,0.00910079,overcuckoo,0.00343057,over_uai,0.00192886,over_uai,0.000904525,over_utai,0.0165535,over_utai,0.0115801,over_ai,0.0130862,over_ai,0.0114572,countIP,2.75228e+10,countIP0,2.91163e+10,keysum,2.71822e+10,pktSum,1.21827e+11,aggrSum,2.47379e+08,blackkey_num,251074820,feedback,26,feedsumportion,0.394812,finger0,11,finger,15,time,305916,runTime,695.792
line,11541370,total,0.0125122,total0,0.0711776,false,0.00418131,over,0.0139749,false0,0.0205136,over0,0.0685614,overaggr,0.00908694,overcuckoo,0.0034253,over_uai,0.000472607,over_uai,0.000852713,over_utai,0.0165202,over_utai,0.0115683,over_ai,0.0130617,over_ai,0.0114452,countIP,2.75653e+10,countIP0,2.91625e+10,keysum,2.72247e+10,pktSum,1.22009e+11,aggrSum,2.47389e+08,blackkey_num,253785055,feedback,31,feedsumportion,0.766245,finger0,11,finger,15,time,308035,runTime,696.792
line,11557685,total,0.0125703,total0,0.0711815,false,0.00428901,over,0.0143136,false0,0.0205598,over0,0.0686134,overaggr,0.00907111,overcuckoo,0.00349921,over_uai,0.000484936,over_uai,0.0725516,over_utai,0.0164879,over_utai,0.0116724,over_ai,0.0130382,over_ai,0.0116198,countIP,2.76162e+10,countIP0,2.92147e+10,keysum,2.72734e+10,pktSum,1.22198e+11,aggrSum,2.474e+08,blackkey_num,256669507,feedback,31,feedsumportion,0.766245,finger0,11,finger,15,time,308035,runTime,697.792
line,11573906,total,0.0125534,total0,0.0711725,false,0.00425002,over,0.014196,false0,0.0205318,over0,0.0685809,overaggr,0.00905901,overcuckoo,0.00349437,over_uai,0.000494832,over_uai,0.00103122,over_utai,0.0164611,over_utai,0.0116585,over_ai,0.0130183,over_ai,0.0116067,countIP,2.76546e+10,countIP0,2.92556e+10,keysum,2.73117e+10,pktSum,1.22378e+11,aggrSum,2.47417e+08,blackkey_num,259472182,feedback,31,feedsumportion,0.766245,finger0,11,finger,15,time,308035,runTime,698.792
line,11590044,total,0.0125424,total0,0.071173,false,0.00421951,over,0.014117,false0,0.0205054,over0,0.0686039,overaggr,0.0090524,overcuckoo,0.00348997,over_uai,0.000396509,over_uai,0.00817561,over_utai,0.016435,over_utai,0.0116547,over_ai,0.0129986,over_ai,0.0116075,countIP,2.769e+10,countIP0,2.92934e+10,keysum,2.7347e+10,pktSum,1.22555e+11,aggrSum,2.47556e+08,blackkey_num,261841145,feedback,31,feedsumportion,0.766245,finger0,11,finger,15,time,308035,runTime,699.792
line,11606289,total,0.0125302,total0,0.0711696,false,0.00418958,over,0.014031,false0,0.0204851,over0,0.0686053,overaggr,0.00904505,overcuckoo,0.00348516,over_uai,0.000394154,over_uai,0.00759983,over_utai,0.0164071,over_utai,0.0116499,over_ai,0.0129768,over_ai,0.0116082,countIP,2.77287e+10,countIP0,2.93345e+10,keysum,2.73855e+10,pktSum,1.22738e+11,aggrSum,2.47703e+08,blackkey_num,264133123,feedback,31,feedsumportion,0.766245,finger0,11,finger,15,time,308035,runTime,700.792
line,11622436,total,0.0125128,total0,0.0711679,false,0.00415159,over,0.0139148,false0,0.0204724,over0,0.0686167,overaggr,0.00903248,overcuckoo,0.0034803,over_uai,0.000422177,over_uai,0.0011293,over_utai,0.0163782,over_utai,0.0116377,over_ai,0.0129544,over_ai,0.0115973,countIP,2.7768e+10,countIP0,2.93766e+10,keysum,2.74249e+10,pktSum,1.22922e+11,aggrSum,2.47715e+08,blackkey_num,266189804,feedback,27,feedsumportion,0.855831,finger0,11,finger,15,time,308139,runTime,701.792
line,11638639,total,0.0125764,total0,0.0711756,false,0.00425333,over,0.0142794,false0,0.0204578,over0,0.0686819,overaggr,0.0090212,overcuckoo,0.00355521,over_uai,0.000488943,over_uai,0.0895962,over_utai,0.0163531,over_utai,0.0117444,over_ai,0.0129357,over_ai,0.0117783,countIP,2.78057e+10,countIP0,2.94149e+10,keysum,2.74604e+10,pktSum,1.23102e+11,aggrSum,2.47726e+08,blackkey_num,268840811,feedback,27,feedsumportion,0.855831,finger0,11,finger,15,time,308139,runTime,702.792
line,11654730,total,0.0125573,total0,0.071168,false,0.00421683,over,0.0141517,false0,0.0204589,over0,0.06866,overaggr,0.00900752,overcuckoo,0.00354974,over_uai,0.000560123,over_uai,0.000902303,over_utai,0.016327,over_utai,0.0117305,over_ai,0.0129139,over_ai,0.0117628,countIP,2.78488e+10,countIP0,2.94607e+10,keysum,2.75034e+10,pktSum,1.23284e+11,aggrSum,2.47737e+08,blackkey_num,271284752,feedback,27,feedsumportion,0.855831,finger0,11,finger,15,time,308139,runTime,703.792
line,11670724,total,0.0125328,total0,0.0711253,false,0.00418302,over,0.0139915,false0,0.0204619,over0,0.0684417,overaggr,0.00899006,overcuckoo,0.00354276,over_uai,0.000519871,over_uai,0.000670501,over_utai,0.0163036,over_utai,0.0117071,over_ai,0.0128937,over_ai,0.011733,countIP,2.79039e+10,countIP0,2.95186e+10,keysum,2.75585e+10,pktSum,1.23471e+11,aggrSum,2.47752e+08,blackkey_num,273268738,feedback,27,feedsumportion,0.855831,finger0,11,finger,15,time,308139,runTime,704.792
line,11686860,total,0.0125101,total0,0.0710795,false,0.00414853,over,0.0138452,false0,0.0204374,over0,0.0682075,overaggr,0.00897374,overcuckoo,0.00353635,over_uai,0.000662487,over_uai,0.00103443,over_utai,0.0162768,over_utai,0.0116878,over_ai,0.0128722,over_ai,0.0117091,countIP,2.79555e+10,countIP0,2.95727e+10,keysum,2.76101e+10,pktSum,1.23659e+11,aggrSum,2.47766e+08,blackkey_num,275745828,feedback,27,feedsumportion,0.855831,finger0,11,finger,15,time,308139,runTime,705.792
line,11703277,total,0.0125394,total0,0.071092,false,0.00419132,over,0.0140022,false0,0.0204446,over0,0.0683006,overaggr,0.00900693,overcuckoo,0.00353246,over_uai,0.0364949,over_uai,0.00319281,over_utai,0.0163117,over_utai,0.0116787,over_ai,0.0129271,over_ai,0.0117015,countIP,2.79942e+10,countIP0,2.96131e+10,keysum,2.76475e+10,pktSum,1.23838e+11,aggrSum,2.49019e+08,blackkey_num,277057027,feedback,28,feedsumportion,0.353309,finger0,11,finger,15,time,300805,runTime,706.792
line,11719480,total,0.0126414,total0,0.0710675,false,0.00436264,over,0.0145678,false0,0.02042,over0,0.0681866,overaggr,0.00903521,overcuckoo,0.00360623,over_uai,0.0343006,over_uai,0.0849451,over_utai,0.0163425,over_utai,0.0117856,over_ai,0.0129764,over_ai,0.0118793,countIP,2.80407e+10,countIP0,2.96585e+10,keysum,2.76906e+10,pktSum,1.24017e+11,aggrSum,2.50191e+08,blackkey_num,278306182,feedback,28,feedsumportion,0.353309,finger0,11,finger,15,time,300805,runTime,707.792
line,11735896,total,0.0126653,total0,0.0710299,false,0.00439841,over,0.014686,false0,0.0203653,over0,0.0679986,overaggr,0.00906373,overcuckoo,0.00360155,over_uai,0.0355532,over_uai,0.00167786,over_utai,0.0163743,over_utai,0.0117729,over_ai,0.013025,over_ai,0.0118679,countIP,2.80828e+10,countIP0,2.97013e+10,keysum,2.77315e+10,pktSum,1.24193e+11,aggrSum,2.51351e+08,blackkey_num,279580553,feedback,28,feedsumportion,0.353309,finger0,11,finger,15,time,300805,runTime,708.792
line,11752477,total,0.0126974,total0,0.071047,false,0.00444565,over,0.0148496,false0,0.0203933,over0,0.0681186,overaggr,0.00910015,overcuckoo,0.00359725,over_uai,0.0422101,over_uai,0.00187747,over_utai,0.0164168,over_utai,0.0117596,over_ai,0.0130874,over_ai,0.011857,countIP,2.81236e+10,countIP0,2.9744e+10,keysum,2.7771e+10,pktSum,1.24371e+11,aggrSum,2.5272e+08,blackkey_num,280987009,feedback,28,feedsumportion,0.353309,finger0,11,finger,15,time,300805,runTime,709.792
line,11768942,total,0.0127275,total0,0.0709974,false,0.00449548,over,0.0149973,false0,0.0203441,over0,0.0678697,overaggr,0.00913547,overcuckoo,0.00359205,over_uai,0.0391705,over_uai,0.00215815,over_utai,0.0164574,over_utai,0.0117476,over_ai,0.0131478,over_ai,0.0118439,countIP,2.81704e+10,countIP0,2.97912e+10,keysum,2.78163e+10,pktSum,1.24547e+11,aggrSum,2.54115e+08,blackkey_num,282596860,feedback,28,feedsumportion,0.353309,finger0,11,finger,15,time,300805,runTime,710.792
line,11785576,total,0.0127086,total0,0.0709813,false,0.0044605,over,0.0148737,false0,0.0203349,over0,0.0678075,overaggr,0.00912203,overcuckoo,0.00358657,over_uai,0.00064099,over_uai,0.00106642,over_utai,0.0164332,over_utai,0.0117307,over_ai,0.0131286,over_ai,0.0118252,countIP,2.82134e+10,countIP0,2.98369e+10,keysum,2.78594e+10,pktSum,1.24726e+11,aggrSum,2.54134e+08,blackkey_num,285065353,feedback,36,feedsumportion,0.989666,finger0,11,finger,15,time,307647,runTime,711.792
line,11801921,total,0.0127646,total0,0.0709316,false,0.00455462,over,0.0151585,false0,0.0203017,over0,0.0675672,overaggr,0.00910632,overcuckoo,0.00365826,over_uai,0.000713337,over_uai,0.0737856,over_utai,0.0164065,over_utai,0.0118328,over_ai,0.0131056,over_ai,0.0119943,countIP,2.82659e+10,countIP0,2.98893e+10,keysum,2.79097e+10,pktSum,1.24911e+11,aggrSum,2.54154e+08,blackkey_num,287718043,feedback,36,feedsumportion,0.989666,finger0,11,finger,15,time,307647,runTime,712.792
line,11818119,total,0.0127448,total0,0.0709006,false,0.00452106,over,0.0150288,false0,0.0202847,over0,0.0674301,overaggr,0.0090925,overcuckoo,0.00365231,over_uai,0.00184191,over_uai,0.000839207,over_utai,0.0163829,over_utai,0.0118139,over_ai,0.0130865,over_ai,0.0119736,countIP,2.83142e+10,countIP0,2.99401e+10,keysum,2.79579e+10,pktSum,1.25099e+11,aggrSum,2.54207e+08,blackkey_num,290529371,feedback,36,feedsumportion,0.989666,finger0,11,finger,15,time,307647,runTime,713.792
line,11834255,total,0.0127262,total0,0.0708604,false,0.00449166,over,0.0149069,false0,0.0202625,over0,0.0672473,overaggr,0.00908024,overcuckoo,0.00364598,over_uai,0.00402385,over_uai,0.00091627,over_utai,0.016357,over_utai,0.0117988,over_ai,0.0130658,over_ai,0.0119572,countIP,2.8364e+10,countIP0,2.99922e+10,keysum,2.80075e+10,pktSum,1.25286e+11,aggrSum,2.54315e+08,blackkey_num,293494819,feedback,36,feedsumportion,0.989666,finger0,11,finger,15,time,307647,runTime,714.792
line,11851209,total,0.0127108,total0,0.0708462,false,0.00446258,over,0.0148069,false0,0.0202531,over0,0.0671999,overaggr,0.00907011,overcuckoo,0.00364067,over_uai,0.00314213,over_uai,0.0012045,over_utai,0.0163352,over_utai,0.0117849,over_ai,0.0130484,over_ai,0.0119441,countIP,2.8406e+10,countIP0,3.00367e+10,keysum,2.80495e+10,pktSum,1.25463e+11,aggrSum,2.54412e+08,blackkey_num,296455179,feedback,36,feedsumportion,0.989666,finger0,11,finger,15,time,307647,runTime,715.792
line,11868416,total,0.012711,total0,0.0708262,false,0.00446145,over,0.0147903,false0,0.0202478,over0,0.0671243,overaggr,0.009075,overcuckoo,0.00363597,over_uai,0.000555799,over_uai,0.0291927,over_utai,0.0163048,over_utai,0.0118034,over_ai,0.013023,over_ai,0.0119803,countIP,2.84508e+10,countIP0,3.00835e+10,keysum,2.80937e+10,pktSum,1.25639e+11,aggrSum,2.54951e+08,blackkey_num,298647084,feedback,32,feedsumportion,0.810597,finger0,11,finger,15,time,306260,runTime,716.792
line,11885223,total,0.0127802,total0,0.0707684,false,0.00458013,over,0.0151329,false0,0.0202357,over0,0.0668593,overaggr,0.00907336,overcuckoo,0.00370684,over_uai,0.000669127,over_uai,0.0895917,over_utai,0.0162742,over_utai,0.0119302,over_ai,0.0129961,over_ai,0.0121873,countIP,2.85103e+10,countIP0,3.01427e+10,keysum,2.81506e+10,pktSum,1.25825e+11,aggrSum,2.5542e+08,blackkey_num,300561715,feedback,32,feedsumportion,0.810597,finger0,11,finger,15,time,306260,runTime,717.792
line,11902231,total,0.0127815,total0,0.0707231,false,0.00458447,over,0.0151177,false0,0.0202144,over0,0.0666587,overaggr,0.00908045,overcuckoo,0.00370103,over_uai,0.000614936,over_uai,0.0274798,over_utai,0.0162432,over_utai,0.0119509,over_ai,0.0129705,over_ai,0.0122268,countIP,2.85611e+10,countIP0,3.01951e+10,keysum,2.82007e+10,pktSum,1.26006e+11,aggrSum,2.56075e+08,blackkey_num,302629520,feedback,32,feedsumportion,0.810597,finger0,11,finger,15,time,306260,runTime,718.792
line,11919137,total,0.0127804,total0,0.0706868,false,0.00458097,over,0.0150926,false0,0.0201857,over0,0.0665045,overaggr,0.00908466,overcuckoo,0.00369578,over_uai,0.00060961,over_uai,0.0204915,over_utai,0.0162173,over_utai,0.0119635,over_ai,0.0129483,over_ai,0.012256,countIP,2.86075e+10,countIP0,3.02432e+10,keysum,2.82465e+10,pktSum,1.26187e+11,aggrSum,2.5661e+08,blackkey_num,304362916,feedback,32,feedsumportion,0.810597,finger0,11,finger,15,time,306260,runTime,719.792
line,11936206,total,0.0127828,total0,0.0707253,false,0.00458431,over,0.015085,false0,0.020282,over0,0.0667392,overaggr,0.0090922,overcuckoo,0.00369063,over_uai,0.000735466,over_uai,0.0245539,over_utai,0.0161897,over_utai,0.0119823,over_ai,0.0129264,over_ai,0.0122933,countIP,2.86555e+10,countIP0,3.02949e+10,keysum,2.82939e+10,pktSum,1.26368e+11,aggrSum,2.57253e+08,blackkey_num,306708902,feedback,32,feedsumportion,0.810597,finger0,11,finger,15,time,306260,runTime,720.792
line,11952931,total,0.0127619,total0,0.0707287,false,0.00455038,over,0.014958,false0,0.0203185,over0,0.0667907,overaggr,0.00907731,overcuckoo,0.00368457,over_uai,0.00881713,over_uai,0.00114069,over_utai,0.0161765,over_utai,0.0119647,over_ai,0.0129025,over_ai,0.0122762,countIP,2.8703e+10,countIP0,3.03459e+10,keysum,2.83413e+10,pktSum,1.26553e+11,aggrSum,2.57263e+08,blackkey_num,309067477,feedback,32,feedsumportion,0.971661,finger0,11,finger,15,time,306820,runTime,721.792
line,11969848,total,0.0128172,total0,0.0707291,false,0.00463757,over,0.0152203,false0,0.0203619,over0,0.0668271,overaggr,0.00906216,overcuckoo,0.00375508,over_uai,0.00991658,over_uai,0.0675274,over_utai,0.0161668,over_utai,0.0120649,over_ai,0.0128824,over_ai,0.01244,countIP,2.87537e+10,countIP0,3.03978e+10,keysum,2.83898e+10,pktSum,1.26732e+11,aggrSum,2.57273e+08,blackkey_num,311603737,feedback,32,feedsumportion,0.971661,finger0,11,finger,15,time,306820,runTime,722.792
line,11986682,total,0.0127927,total0,0.0706854,false,0.00460622,over,0.0150728,false0,0.0203666,over0,0.0666452,overaggr,0.00904492,overcuckoo,0.00374778,over_uai,0.00777712,over_uai,0.00087519,over_utai,0.0161514,over_utai,0.0120442,over_ai,0.0128581,over_ai,0.0124152,countIP,2.88094e+10,countIP0,3.04562e+10,keysum,2.84455e+10,pktSum,1.26915e+11,aggrSum,2.57287e+08,blackkey_num,314337501,feedback,32,feedsumportion,0.971661,finger0,11,finger,15,time,306820,runTime,723.792
line,12003391,total,0.0127708,total0,0.0706406,false,0.00457467,over,0.0149432,false0,0.0203448,over0,0.0664563,overaggr,0.00902956,overcuckoo,0.00374127,over_uai,0.0135043,over_uai,0.000575765,over_utai,0.0161475,over_utai,0.0120203,over_ai,0.0128393,over_ai,0.012389,countIP,2.88597e+10,countIP0,3.05088e+10,keysum,2.84958e+10,pktSum,1.27097e+11,aggrSum,2.57305e+08,blackkey_num,317042468,feedback,32,feedsumportion,0.971661,finger0,11,finger,15,time,306820,runTime,724.792
line,12020233,total,0.0127466,total0,0.0705748,false,0.00454469,over,0.0148017,false0,0.0203166,over0,0.0661698,overaggr,0.00901251,overcuckoo,0.00373408,over_uai,0.00859149,over_uai,0.000961104,over_utai,0.0161336,over_utai,0.012,over_ai,0.0128149,over_ai,0.0123651,countIP,2.89153e+10,countIP0,3.05664e+10,keysum,2.85513e+10,pktSum,1.27279e+11,aggrSum,2.57319e+08,blackkey_num,319704530,feedback,32,feedsumportion,0.971661,finger0,11,finger,15,time,306820,runTime,725.792
line,12037155,total,0.0128011,total0,0.070552,false,0.00462946,over,0.0150529,false0,0.0203273,over0,0.0660954,overaggr,0.00899734,overcuckoo,0.00380375,over_uai,0.000531947,over_uai,0.0675924,over_utai,0.016107,over_utai,0.0120974,over_ai,0.0127928,over_ai,0.0125296,countIP,2.89676e+10,countIP0,3.06194e+10,keysum,2.86015e+10,pktSum,1.27462e+11,aggrSum,2.57337e+08,blackkey_num,322780015,feedback,30,feedsumportion,0.465136,finger0,11,finger,15,time,308831,runTime,726.792
line,12053916,total,0.01278,total0,0.0705065,false,0.00459673,over,0.0149307,false0,0.0202917,over0,0.0659097,overaggr,0.00898267,overcuckoo,0.00379736,over_uai,0.000823761,over_uai,0.000568899,over_utai,0.0160822,over_utai,0.0120728,over_ai,0.0127729,over_ai,0.0125064,countIP,2.90168e+10,countIP0,3.06707e+10,keysum,2.86506e+10,pktSum,1.2765e+11,aggrSum,2.57359e+08,blackkey_num,325674586,feedback,30,feedsumportion,0.465136,finger0,11,finger,15,time,308831,runTime,727.792
line,12070521,total,0.0127593,total0,0.0704586,false,0.00456388,over,0.0148121,false0,0.0202479,over0,0.0657145,overaggr,0.00896806,overcuckoo,0.00379123,over_uai,0.000765877,over_uai,0.000341393,over_utai,0.0160549,over_utai,0.0120496,over_ai,0.0127517,over_ai,0.012486,countIP,2.90652e+10,countIP0,3.07211e+10,keysum,2.8699e+10,pktSum,1.27841e+11,aggrSum,2.57375e+08,blackkey_num,329757104,feedback,30,feedsumportion,0.465136,finger0,11,finger,15,time,308831,runTime,728.792
line,12087407,total,0.0127404,total0,0.0704198,false,0.00453172,over,0.0147054,false0,0.0202039,over0,0.0655617,overaggr,0.00895492,overcuckoo,0.0037855,over_uai,0.000995676,over_uai,0.000701566,over_utai,0.0160288,over_utai,0.01203,over_ai,0.0127291,over_ai,0.0124719,countIP,2.91095e+10,countIP0,3.07674e+10,keysum,2.87433e+10,pktSum,1.28026e+11,aggrSum,2.57394e+08,blackkey_num,332851165,feedback,30,feedsumportion,0.465136,finger0,11,finger,15,time,308831,runTime,729.792
line,12104254,total,0.0127212,total0,0.0703858,false,0.00450192,over,0.0145979,false0,0.0201799,over0,0.065435,overaggr,0.00894153,overcuckoo,0.00377963,over_uai,0.000705298,over_uai,0.000907641,over_utai,0.0160008,over_utai,0.0120158,over_ai,0.012705,over_ai,0.0124592,countIP,2.91547e+10,countIP0,3.08148e+10,keysum,2.87885e+10,pktSum,1.28203e+11,aggrSum,2.57413e+08,blackkey_num,336314266,feedback,30,feedsumportion,0.465136,finger0,11,finger,15,time,308831,runTime,730.792
line,12120847,total,0.0127799,total0,0.0703586,false,0.00458428,over,0.0148659,false0,0.0201489,over0,0.0653389,overaggr,0.00893003,overcuckoo,0.00384984,over_uai,0.000568043,over_uai,0.0858636,over_utai,0.0159755,over_utai,0.0121181,over_ai,0.0126848,over_ai,0.0126315,countIP,2.91985e+10,countIP0,3.08585e+10,keysum,2.883e+10,pktSum,1.28381e+11,aggrSum,2.57453e+08,blackkey_num,338755250,feedback,36,feedsumportion,0.457507,finger0,11,finger,15,time,307425,runTime,731.792
line,12137360,total,0.0127639,total0,0.0703538,false,0.00455459,over,0.0147758,false0,0.0201439,over0,0.06535,overaggr,0.00891938,overcuckoo,0.00384452,over_uai,0.000587103,over_uai,0.00271053,over_utai,0.0159481,over_utai,0.0121063,over_ai,0.0126623,over_ai,0.0126248,countIP,2.92394e+10,countIP0,3.09021e+10,keysum,2.88709e+10,pktSum,1.28562e+11,aggrSum,2.57511e+08,blackkey_num,341402817,feedback,36,feedsumportion,0.457507,finger0,11,finger,15,time,307425,runTime,732.792
line,12153902,total,0.0127447,total0,0.0703213,false,0.00452578,over,0.0146693,false0,0.0201264,over0,0.0652352,overaggr,0.00890635,overcuckoo,0.00383833,over_uai,0.000617096,over_uai,0.00228873,over_utai,0.0159163,over_utai,0.012094,over_ai,0.0126332,over_ai,0.0126153,countIP,2.92869e+10,countIP0,3.09519e+10,keysum,2.89183e+10,pktSum,1.28746e+11,aggrSum,2.57557e+08,blackkey_num,344150275,feedback,36,feedsumportion,0.457507,finger0,11,finger,15,time,307425,runTime,733.792
line,12170458,total,0.0127253,total0,0.0703103,false,0.00449693,over,0.0145634,false0,0.0201395,over0,0.0652218,overaggr,0.008893,overcuckoo,0.00383226,over_uai,0.000444366,over_uai,0.00194231,over_utai,0.0158848,over_utai,0.0120826,over_ai,0.0126048,over_ai,0.0126052,countIP,2.93337e+10,countIP0,3.10016e+10,keysum,2.89651e+10,pktSum,1.28927e+11,aggrSum,2.57587e+08,blackkey_num,346630616,feedback,36,feedsumportion,0.457507,finger0,11,finger,15,time,307425,runTime,734.792
line,12186846,total,0.0127089,total0,0.0702969,false,0.00446526,over,0.0144749,false0,0.0201107,over0,0.0651923,overaggr,0.00888185,overcuckoo,0.00382705,over_uai,0.000609961,over_uai,0.00151518,over_utai,0.0158599,over_utai,0.0120666,over_ai,0.0125832,over_ai,0.0125935,countIP,2.9374e+10,countIP0,3.10443e+10,keysum,2.90053e+10,pktSum,1.29117e+11,aggrSum,2.57621e+08,blackkey_num,349458716,feedback,36,feedsumportion,0.457507,finger0,11,finger,15,time,307425,runTime,735.792
line,12203239,total,0.0127646,total0,0.0702818,false,0.00454089,over,0.0147216,false0,0.0200981,over0,0.0651582,overaggr,0.00886845,overcuckoo,0.0038962,over_uai,0.000565891,over_uai,0.0763568,over_utai,0.015832,over_utai,0.0121649,over_ai,0.0125592,over_ai,0.01276,countIP,2.94207e+10,countIP0,3.10916e+10,keysum,2.90499e+10,pktSum,1.29309e+11,aggrSum,2.57628e+08,blackkey_num,352138249,feedback,31,feedsumportion,0.759767,finger0,11,finger,15,time,306928,runTime,736.792
line,12219756,total,0.0127437,total0,0.0702882,false,0.0045106,over,0.0146094,false0,0.0201389,over0,0.065228,overaggr,0.00885397,overcuckoo,0.0038897,over_uai,0.000578247,over_uai,0.000706164,over_utai,0.0157975,over_utai,0.0121465,over_ai,0.0125294,over_ai,0.0127437,countIP,2.94698e+10,countIP0,3.11443e+10,keysum,2.9099e+10,pktSum,1.29497e+11,aggrSum,2.57641e+08,blackkey_num,354742955,feedback,31,feedsumportion,0.759767,finger0,11,finger,15,time,306928,runTime,737.792
line,12236403,total,0.0127239,total0,0.070265,false,0.00448179,over,0.0145048,false0,0.0201332,over0,0.0651585,overaggr,0.00884026,overcuckoo,0.00388362,over_uai,0.000705017,over_uai,0.000763559,over_utai,0.0157691,over_utai,0.0121303,over_ai,0.012504,over_ai,0.0127266,countIP,2.95162e+10,countIP0,3.11933e+10,keysum,2.91454e+10,pktSum,1.29678e+11,aggrSum,2.57653e+08,blackkey_num,357649424,feedback,31,feedsumportion,0.759767,finger0,11,finger,15,time,306928,runTime,738.792
line,12252592,total,0.0127027,total0,0.0702227,false,0.00445379,over,0.014394,false0,0.0201137,over0,0.0650047,overaggr,0.00882553,overcuckoo,0.00387714,over_uai,0.000622034,over_uai,0.000494555,over_utai,0.0157428,over_utai,0.0121073,over_ai,0.0124812,over_ai,0.0127031,countIP,2.9566e+10,countIP0,3.12453e+10,keysum,2.91951e+10,pktSum,1.2986e+11,aggrSum,2.57663e+08,blackkey_num,360132126,feedback,31,feedsumportion,0.759767,finger0,11,finger,15,time,306928,runTime,739.792
line,12269099,total,0.0126839,total0,0.0701904,false,0.00442644,over,0.0142967,false0,0.0200924,over0,0.0648951,overaggr,0.00881202,overcuckoo,0.00387188,over_uai,0.000615984,over_uai,0.00152075,over_utai,0.0157183,over_utai,0.012092,over_ai,0.01246,over_ai,0.0126868,countIP,2.96118e+10,countIP0,3.12933e+10,keysum,2.92409e+10,pktSum,1.3004e+11,aggrSum,2.57671e+08,blackkey_num,362747311,feedback,31,feedsumportion,0.759767,finger0,11,finger,15,time,306928,runTime,740.792
line,12285382,total,0.0127695,total0,0.0701633,false,0.0045456,over,0.0146718,false0,0.0200798,over0,0.0648111,overaggr,0.00882924,overcuckoo,0.00394025,over_uai,0.0270964,over_uai,0.0818935,over_utai,0.0157367,over_utai,0.0121906,over_ai,0.0124918,over_ai,0.0128508,countIP,2.96616e+10,countIP0,3.13425e+10,keysum,2.92876e+10,pktSum,1.30224e+11,aggrSum,2.58588e+08,blackkey_num,364618038,feedback,27,feedsumportion,0.566043,finger0,11,finger,15,time,306498,runTime,741.792
line,12301976,total,0.0127809,total0,0.0701493,false,0.00455802,over,0.0147106,false0,0.0200729,over0,0.0647834,overaggr,0.00883891,overcuckoo,0.00394201,over_uai,0.0276702,over_uai,0.000613822,over_utai,0.0157547,over_utai,0.0121741,over_ai,0.0125223,over_ai,0.0128347,countIP,2.97054e+10,countIP0,3.13881e+10,keysum,2.93306e+10,pktSum,1.30404e+11,aggrSum,2.5925e+08,blackkey_num,366516461,feedback,27,feedsumportion,0.566043,finger0,11,finger,15,time,306498,runTime,742.792
line,12318377,total,0.012819,total0,0.0701129,false,0.0046127,over,0.0148661,false0,0.0200632,over0,0.0646613,overaggr,0.0088538,overcuckoo,0.00396521,over_uai,0.0479271,over_uai,0.0015281,over_utai,0.0158096,over_utai,0.012158,over_ai,0.0125986,over_ai,0.0128187,countIP,2.97571e+10,countIP0,3.14404e+10,keysum,2.93805e+10,pktSum,1.30585e+11,aggrSum,2.60129e+08,blackkey_num,368576217,feedback,27,feedsumportion,0.566043,finger0,11,finger,15,time,306498,runTime,743.792
line,12335007,total,0.0128225,total0,0.0700831,false,0.00461421,over,0.0148686,false0,0.0200364,over0,0.0645641,overaggr,0.00886297,overcuckoo,0.00395957,over_uai,0.0203636,over_uai,0.000832269,over_utai,0.0158162,over_utai,0.0121409,over_ai,0.0126151,over_ai,0.0128032,countIP,2.98007e+10,countIP0,3.14855e+10,keysum,2.94234e+10,pktSum,1.30763e+11,aggrSum,2.60779e+08,blackkey_num,370662548,feedback,27,feedsumportion,0.566043,finger0,11,finger,15,time,306498,runTime,744.792
line,12351655,total,0.0128267,total0,0.070174,false,0.00461863,over,0.0148726,false0,0.0201869,over0,0.0650045,overaggr,0.00887294,overcuckoo,0.00395373,over_uai,0.0204595,over_uai,0.000673884,over_utai,0.0158232,over_utai,0.0121234,over_ai,0.0126328,over_ai,0.0127871,countIP,2.98478e+10,countIP0,3.15378e+10,keysum,2.94698e+10,pktSum,1.30944e+11,aggrSum,2.61484e+08,blackkey_num,372769452,feedback,27,feedsumportion,0.566043,finger0,11,finger,15,time,306498,runTime,745.792
line,12368074,total,0.0128047,total0,0.0703018,false,0.00459117,over,0.0147602,false0,0.0204068,over0,0.0656063,overaggr,0.00885783,overcuckoo,0.00394686,over_uai,0.000506967,over_uai,0.000715808,over_utai,0.0157967,over_utai,0.0121058,over_ai,0.0126094,over_ai,0.0127674,countIP,2.98997e+10,countIP0,3.15971e+10,keysum,2.95217e+10,pktSum,1.31128e+11,aggrSum,2.61498e+08,blackkey_num,375553233,feedback,32,feedsumportion,0.986382,finger0,11,finger,15,time,307487,runTime,746.792
line,12384457,total,0.0127828,total0,0.070304,false,0.00456391,over,0.0146496,false0,0.020453,over0,0.0656517,overaggr,0.00884271,overcuckoo,0.00394009,over_uai,0.000389861,over_uai,0.000627007,over_utai,0.0157695,over_utai,0.0120845,over_ai,0.0125872,over_ai,0.0127457,countIP,2.99515e+10,countIP0,3.16526e+10,keysum,2.95735e+10,pktSum,1.31312e+11,aggrSum,2.6151e+08,blackkey_num,378529697,feedback,32,feedsumportion,0.986382,finger0,11,finger,15,time,307487,runTime,747.792
line,12401197,total,0.0127636,total0,0.0703304,false,0.00453577,over,0.0145533,false0,0.020507,over0,0.065798,overaggr,0.00882934,overcuckoo,0.00393422,over_uai,0.000602599,over_uai,0.000854975,over_utai,0.0157479,over_utai,0.0120651,over_ai,0.0125691,over_ai,0.0127247,countIP,2.99976e+10,countIP0,3.17027e+10,keysum,2.96195e+10,pktSum,1.31497e+11,aggrSum,2.61521e+08,blackkey_num,381654708,feedback,32,feedsumportion,0.986382,finger0,11,finger,15,time,307487,runTime,748.792
line,12417769,total,0.0127428,total0,0.0703274,false,0.00450955,over,0.0144504,false0,0.0205398,over0,0.065818,overaggr,0.00881502,overcuckoo,0.00392775,over_uai,0.00055159,over_uai,0.000804811,over_utai,0.0157228,over_utai,0.0120473,over_ai,0.0125473,over_ai,0.012705,countIP,3.00475e+10,countIP0,3.1756e+10,keysum,2.96695e+10,pktSum,1.31678e+11,aggrSum,2.61537e+08,blackkey_num,384502028,feedback,32,feedsumportion,0.986382,finger0,11,finger,15,time,307487,runTime,749.792
line,12434284,total,0.0127237,total0,0.0703285,false,0.00448314,over,0.0143572,false0,0.0205629,over0,0.0658524,overaggr,0.00880189,overcuckoo,0.0039218,over_uai,0.000448526,over_uai,0.000452617,over_utai,0.0156967,over_utai,0.0120318,over_ai,0.0125264,over_ai,0.0126883,countIP,3.00929e+10,countIP0,3.18046e+10,keysum,2.97148e+10,pktSum,1.31856e+11,aggrSum,2.61546e+08,blackkey_num,387358472,feedback,32,feedsumportion,0.986382,finger0,11,finger,15,time,307487,runTime,750.792
line,12450611,total,0.0127056,total0,0.0703141,false,0.00445806,over,0.0142691,false0,0.020564,over0,0.0658197,overaggr,0.00878924,overcuckoo,0.00391634,over_uai,0.00165635,over_uai,0.00161991,over_utai,0.0156743,over_utai,0.0120175,over_ai,0.0125057,over_ai,0.0126739,countIP,3.0138e+10,countIP0,3.18525e+10,keysum,2.97599e+10,pktSum,1.32033e+11,aggrSum,2.61567e+08,blackkey_num,390077437,feedback,27,feedsumportion,0.392334,finger0,11,finger,15,time,305997,runTime,751.792
line,12467279,total,0.0126855,total0,0.0704338,false,0.00443291,over,0.0141726,false0,0.0207564,over0,0.0663611,overaggr,0.00877526,overcuckoo,0.00391027,over_uai,0.000508775,over_uai,0.00137316,over_utai,0.0156505,over_utai,0.0120009,over_ai,0.0124858,over_ai,0.0126536,countIP,3.01878e+10,countIP0,3.19092e+10,keysum,2.98096e+10,pktSum,1.32217e+11,aggrSum,2.61587e+08,blackkey_num,392722180,feedback,27,feedsumportion,0.392334,finger0,11,finger,15,time,305997,runTime,752.792
line,12483577,total,0.0126647,total0,0.0705389,false,0.00440774,over,0.0140738,false0,0.020932,over0,0.0668354,overaggr,0.00876089,overcuckoo,0.00390384,over_uai,0.00102726,over_uai,0.00128645,over_utai,0.0156268,over_utai,0.0119831,over_ai,0.012465,over_ai,0.0126326,countIP,3.02389e+10,countIP0,3.19671e+10,keysum,2.98607e+10,pktSum,1.32402e+11,aggrSum,2.61607e+08,blackkey_num,395213592,feedback,27,feedsumportion,0.392334,finger0,11,finger,15,time,305997,runTime,753.792
line,12500135,total,0.0126444,total0,0.07068,false,0.00438219,over,0.0139783,false0,0.0211473,over0,0.0674555,overaggr,0.00874694,overcuckoo,0.00389744,over_uai,0.0648755,over_uai,0.000871597,over_utai,0.015699,over_utai,0.0119625,over_ai,0.0124475,over_ai,0.0126078,countIP,3.02888e+10,countIP0,3.20247e+10,keysum,2.99106e+10,pktSum,1.32588e+11,aggrSum,2.61626e+08,blackkey_num,397914070,feedback,27,feedsumportion,0.392334,finger0,11,finger,15,time,305997,runTime,754.792
line,12516397,total,0.0126249,total0,0.0708029,false,0.00435857,over,0.0138875,false0,0.0213393,over0,0.0679924,overaggr,0.00873355,overcuckoo,0.00389134,over_uai,0.00521144,over_uai,0.0014299,over_utai,0.0156829,over_utai,0.0119443,over_ai,0.0124281,over_ai,0.0125882,countIP,3.03379e+10,countIP0,3.20809e+10,keysum,2.99597e+10,pktSum,1.32769e+11,aggrSum,2.61654e+08,blackkey_num,400589658,feedback,27,feedsumportion,0.392334,finger0,11,finger,15,time,305997,runTime,755.792
line,12532506,total,0.0126264,total0,0.0709567,false,0.00435955,over,0.0138861,false0,0.0215528,over0,0.0686505,overaggr,0.00873988,overcuckoo,0.00388654,over_uai,0.00137855,over_uai,0.0199342,over_utai,0.0156607,over_utai,0.0119568,over_ai,0.0124107,over_ai,0.0126171,countIP,3.03826e+10,countIP0,3.21328e+10,keysum,3.00038e+10,pktSum,1.32946e+11,aggrSum,2.6223e+08,blackkey_num,402733100,feedback,31,feedsumportion,0.652156,finger0,11,finger,15,time,307929,runTime,756.792
line,12548758,total,0.0126298,total0,0.0711186,false,0.00435979,over,0.0138931,false0,0.0217582,over0,0.0693355,overaggr,0.00874784,overcuckoo,0.00388199,over_uai,0.00118693,over_uai,0.0217404,over_utai,0.015639,over_utai,0.0119713,over_ai,0.0123944,over_ai,0.0126491,countIP,3.04247e+10,countIP0,3.2182e+10,keysum,3.00452e+10,pktSum,1.3313e+11,aggrSum,2.62831e+08,blackkey_num,404799313,feedback,31,feedsumportion,0.652156,finger0,11,finger,15,time,307929,runTime,757.792
line,12565320,total,0.0126298,total0,0.0712711,false,0.00435692,over,0.0138856,false0,0.0219566,over0,0.0699761,overaggr,0.00875248,overcuckoo,0.00387736,over_uai,0.00148682,over_uai,0.0158975,over_utai,0.0156184,over_utai,0.0119777,over_ai,0.01238,over_ai,0.0126692,countIP,3.04686e+10,countIP0,3.2233e+10,keysum,3.00886e+10,pktSum,1.33314e+11,aggrSum,2.6335e+08,blackkey_num,407133834,feedback,31,feedsumportion,0.652156,finger0,11,finger,15,time,307929,runTime,758.792
line,12581779,total,0.0126307,total0,0.0714299,false,0.00435812,over,0.0138811,false0,0.0221773,over0,0.0706376,overaggr,0.00875857,overcuckoo,0.00387213,over_uai,0.00159493,over_uai,0.0174424,over_utai,0.0155995,over_utai,0.0119872,over_ai,0.0123639,over_ai,0.0126942,countIP,3.05158e+10,countIP0,3.22877e+10,keysum,3.01352e+10,pktSum,1.33495e+11,aggrSum,2.63941e+08,blackkey_num,409214360,feedback,31,feedsumportion,0.652156,finger0,11,finger,15,time,307929,runTime,759.792
line,12597712,total,0.012641,total0,0.0715418,false,0.00436814,over,0.013916,false0,0.0223179,over0,0.0711002,overaggr,0.00877348,overcuckoo,0.0038675,over_uai,0.00114642,over_uai,0.0285086,over_utai,0.0155793,over_utai,0.0120124,over_ai,0.0123489,over_ai,0.0127405,countIP,3.05593e+10,countIP0,3.23368e+10,keysum,3.01778e+10,pktSum,1.33679e+11,aggrSum,2.64764e+08,blackkey_num,411299766,feedback,31,feedsumportion,0.652156,finger0,11,finger,15,time,307929,runTime,760.792
line,12613973,total,0.0126253,total0,0.0716702,false,0.00434283,over,0.0138454,false0,0.0224666,over0,0.0716258,overaggr,0.00876278,overcuckoo,0.00386253,over_uai,0.00701523,over_uai,0.000973615,over_utai,0.0155673,over_utai,0.0119966,over_ai,0.0123338,over_ai,0.0127238,countIP,3.05985e+10,countIP0,3.23827e+10,keysum,3.0217e+10,pktSum,1.3386e+11,aggrSum,2.64785e+08,blackkey_num,414818012,feedback,33,feedsumportion,0.976215,finger0,11,finger,15,time,376793,runTime,761.792
line,12630368,total,0.0126103,total0,0.0718265,false,0.00431761,over,0.0137784,false0,0.0226437,over0,0.0722609,overaggr,0.00875241,overcuckoo,0.00385791,over_uai,0.0034323,over_uai,0.000854911,over_utai,0.0155504,over_utai,0.0119811,over_ai,0.0123192,over_ai,0.0127083,countIP,3.06356e+10,countIP0,3.24271e+10,keysum,3.02541e+10,pktSum,1.34038e+11,aggrSum,2.64796e+08,blackkey_num,418546031,feedback,33,feedsumportion,0.976215,finger0,11,finger,15,time,376793,runTime,762.792
line,12646890,total,0.0125949,total0,0.0720251,false,0.00429366,over,0.01371,false0,0.0228814,over0,0.0730623,overaggr,0.00874189,overcuckoo,0.00385302,over_uai,0.000747664,over_uai,0.000921356,over_utai,0.0155296,over_utai,0.0119653,over_ai,0.0123041,over_ai,0.0126923,countIP,3.06743e+10,countIP0,3.24746e+10,keysum,3.02928e+10,pktSum,1.34214e+11,aggrSum,2.64816e+08,blackkey_num,422325838,feedback,33,feedsumportion,0.976215,finger0,11,finger,15,time,376793,runTime,763.792
line,12663176,total,0.0125787,total0,0.0721843,false,0.00427038,over,0.0136388,false0,0.0230753,over0,0.0736983,overaggr,0.00873076,overcuckoo,0.00384797,over_uai,0.000418268,over_uai,0.00107554,over_utai,0.015507,over_utai,0.0119496,over_ai,0.0122879,over_ai,0.012676,countIP,3.07147e+10,countIP0,3.25227e+10,keysum,3.03331e+10,pktSum,1.34389e+11,aggrSum,2.64831e+08,blackkey_num,425928066,feedback,33,feedsumportion,0.976215,finger0,11,finger,15,time,376793,runTime,764.792
line,12679353,total,0.0125623,total0,0.0723662,false,0.0042465,over,0.0135673,false0,0.0232931,over0,0.07442,overaggr,0.00871947,overcuckoo,0.00384286,over_uai,0.000676722,over_uai,0.000824895,over_utai,0.0154874,over_utai,0.0119318,over_ai,0.0122727,over_ai,0.012658,countIP,3.07555e+10,countIP0,3.25719e+10,keysum,3.03739e+10,pktSum,1.34569e+11,aggrSum,2.64844e+08,blackkey_num,429456598,feedback,33,feedsumportion,0.976215,finger0,11,finger,15,time,376793,runTime,765.792
line,12695531,total,0.0125483,total0,0.0725156,false,0.00422295,over,0.0135063,false0,0.0234521,over0,0.0750072,overaggr,0.00871003,overcuckoo,0.00383826,over_uai,0.000607666,over_uai,0.00181646,over_utai,0.0154678,over_utai,0.0119162,over_ai,0.0122579,over_ai,0.0126449,countIP,3.07925e+10,countIP0,3.26162e+10,keysum,3.04109e+10,pktSum,1.3475e+11,aggrSum,2.6488e+08,blackkey_num,433100374,feedback,26,feedsumportion,0.459698,finger0,11,finger,15,time,301418,runTime,766.792
line,12712032,total,0.0125324,total0,0.0726865,false,0.0042017,over,0.0134376,false0,0.023662,over0,0.0756745,overaggr,0.008699,overcuckoo,0.00383336,over_uai,0.0005509,over_uai,0.001567,over_utai,0.0154484,over_utai,0.0119017,over_ai,0.0122419,over_ai,0.0126292,countIP,3.08344e+10,countIP0,3.26662e+10,keysum,3.04527e+10,pktSum,1.34924e+11,aggrSum,2.64908e+08,blackkey_num,436700661,feedback,26,feedsumportion,0.459698,finger0,11,finger,15,time,301418,runTime,767.792
line,12728060,total,0.0125151,total0,0.0728454,false,0.00418041,over,0.0133639,false0,0.0238635,over0,0.0762869,overaggr,0.00868703,overcuckoo,0.00382809,over_uai,0.00182722,over_uai,0.00163752,over_utai,0.0154305,over_utai,0.0118851,over_ai,0.0122255,over_ai,0.0126109,countIP,3.08798e+10,countIP0,3.27197e+10,keysum,3.04981e+10,pktSum,1.35104e+11,aggrSum,2.64938e+08,blackkey_num,440041257,feedback,26,feedsumportion,0.459698,finger0,11,finger,15,time,301418,runTime,768.792
line,12743843,total,0.0125,total0,0.0730124,false,0.00416011,over,0.0132996,false0,0.0240629,over0,0.0769274,overaggr,0.00867708,overcuckoo,0.00382292,over_uai,0.000618519,over_uai,0.0020828,over_utai,0.0154141,over_utai,0.011867,over_ai,0.012212,over_ai,0.0125935,countIP,3.09222e+10,countIP0,3.27703e+10,keysum,3.05405e+10,pktSum,1.35283e+11,aggrSum,2.65002e+08,blackkey_num,443567935,feedback,26,feedsumportion,0.459698,finger0,11,finger,15,time,301418,runTime,769.792
line,12759778,total,0.0124863,total0,0.0732031,false,0.0041399,over,0.0132416,false0,0.0242789,over0,0.0776568,overaggr,0.00866791,overcuckoo,0.0038184,over_uai,0.000632306,over_uai,0.00272234,over_utai,0.0153971,over_utai,0.0118512,over_ai,0.0121983,over_ai,0.0125794,countIP,3.09628e+10,countIP0,3.28195e+10,keysum,3.05809e+10,pktSum,1.35465e+11,aggrSum,2.65073e+08,blackkey_num,446925994,feedback,26,feedsumportion,0.459698,finger0,11,finger,15,time,301418,runTime,770.792
line,12775813,total,0.012469,total0,0.0733464,false,0.00411831,over,0.0131697,false0,0.0244518,over0,0.0781932,overaggr,0.00865609,overcuckoo,0.00381295,over_uai,0.000506568,over_uai,0.00066481,over_utai,0.0153768,over_utai,0.0118324,over_ai,0.0121829,over_ai,0.0125592,countIP,3.10068e+10,countIP0,3.28711e+10,keysum,3.06249e+10,pktSum,1.35644e+11,aggrSum,2.65092e+08,blackkey_num,450461455,feedback,28,feedsumportion,0.798945,finger0,11,finger,15,time,304956,runTime,771.792
line,12791806,total,0.0124522,total0,0.0734823,false,0.00409632,over,0.0131,false0,0.024608,over0,0.0786964,overaggr,0.00864453,overcuckoo,0.00380764,over_uai,0.000469362,over_uai,0.00106365,over_utai,0.0153555,over_utai,0.0118174,over_ai,0.0121666,over_ai,0.0125416,countIP,3.10502e+10,countIP0,3.29219e+10,keysum,3.06683e+10,pktSum,1.35828e+11,aggrSum,2.65113e+08,blackkey_num,453834161,feedback,28,feedsumportion,0.798945,finger0,11,finger,15,time,304956,runTime,772.792
line,12807769,total,0.0124362,total0,0.0736498,false,0.00407283,over,0.0130346,false0,0.0247845,over0,0.0793197,overaggr,0.00863355,overcuckoo,0.00380265,over_uai,0.00057426,over_uai,0.00103078,over_utai,0.0153343,over_utai,0.0118024,over_ai,0.012151,over_ai,0.0125249,countIP,3.10917e+10,countIP0,3.29716e+10,keysum,3.07098e+10,pktSum,1.36021e+11,aggrSum,2.65134e+08,blackkey_num,456598980,feedback,28,feedsumportion,0.798945,finger0,11,finger,15,time,304956,runTime,773.792
line,12824199,total,0.0124204,total0,0.0738477,false,0.00405194,over,0.0129704,false0,0.0250096,over0,0.0800564,overaggr,0.00862274,overcuckoo,0.00379767,over_uai,0.000613012,over_uai,0.00110239,over_utai,0.0153141,over_utai,0.0117889,over_ai,0.0121357,over_ai,0.0125083,countIP,3.1133e+10,countIP0,3.30219e+10,keysum,3.0751e+10,pktSum,1.36199e+11,aggrSum,2.65158e+08,blackkey_num,459537280,feedback,28,feedsumportion,0.798945,finger0,11,finger,15,time,304956,runTime,774.792
line,12840471,total,0.0124045,total0,0.0740135,false,0.00403192,over,0.0129062,false0,0.0251993,over0,0.0806632,overaggr,0.00861175,overcuckoo,0.00379276,over_uai,0.000574646,over_uai,0.00132302,over_utai,0.0152953,over_utai,0.0117754,over_ai,0.0121199,over_ai,0.0124919,countIP,3.11748e+10,countIP0,3.30719e+10,keysum,3.07928e+10,pktSum,1.36374e+11,aggrSum,2.6518e+08,blackkey_num,463126848,feedback,28,feedsumportion,0.798945,finger0,11,finger,15,time,304956,runTime,775.792
line,12857161,total,0.012388,total0,0.0741834,false,0.00401163,over,0.0128402,false0,0.025394,over0,0.0812799,overaggr,0.00860039,overcuckoo,0.00378765,over_uai,0.000646454,over_uai,0.00125038,over_utai,0.0152763,over_utai,0.0117615,over_ai,0.0121035,over_ai,0.012475,countIP,3.12177e+10,countIP0,3.31232e+10,keysum,3.08357e+10,pktSum,1.36552e+11,aggrSum,2.65199e+08,blackkey_num,466383375,feedback,28,feedsumportion,0.512888,finger0,11,finger,15,time,306726,runTime,776.792
line,12874135,total,0.0123709,total0,0.0743399,false,0.00399115,over,0.0127722,false0,0.0255738,over0,0.0818398,overaggr,0.00858861,overcuckoo,0.00378229,over_uai,0.000478302,over_uai,0.000891476,over_utai,0.0152578,over_utai,0.0117458,over_ai,0.0120878,over_ai,0.0124556,countIP,3.12618e+10,countIP0,3.31754e+10,keysum,3.08798e+10,pktSum,1.36733e+11,aggrSum,2.65214e+08,blackkey_num,469349481,feedback,28,feedsumportion,0.512888,finger0,11,finger,15,time,306726,runTime,777.792
line,12890757,total,0.0123571,total0,0.0744872,false,0.00397233,over,0.0127177,false0,0.0257253,over0,0.0823617,overaggr,0.00857993,overcuckoo,0.00377721,over_uai,0.000711467,over_uai,0.00312603,over_utai,0.0152405,over_utai,0.0117314,over_ai,0.0120733,over_ai,0.0124423,countIP,3.13043e+10,countIP0,3.32255e+10,keysum,3.09222e+10,pktSum,1.36922e+11,aggrSum,2.6531e+08,blackkey_num,472760731,feedback,28,feedsumportion,0.512888,finger0,11,finger,15,time,306726,runTime,778.792
line,12907209,total,0.01234,total0,0.0746391,false,0.00395136,over,0.0126506,false0,0.0258918,over0,0.082895,overaggr,0.00856816,overcuckoo,0.00377182,over_uai,0.000587662,over_uai,0.000913762,over_utai,0.0152228,over_utai,0.0117109,over_ai,0.0120586,over_ai,0.0124217,countIP,3.13492e+10,countIP0,3.32784e+10,keysum,3.09671e+10,pktSum,1.37111e+11,aggrSum,2.65331e+08,blackkey_num,475552609,feedback,28,feedsumportion,0.512888,finger0,11,finger,15,time,306726,runTime,779.792
line,12923780,total,0.0123264,total0,0.074813,false,0.00393472,over,0.0125975,false0,0.0260828,over0,0.083507,overaggr,0.00855806,overcuckoo,0.0037683,over_uai,0.000838829,over_uai,0.00415561,over_utai,0.0152052,over_utai,0.0116985,over_ai,0.0120439,over_ai,0.0124095,countIP,3.13939e+10,countIP0,3.33317e+10,keysum,3.10117e+10,pktSum,1.37299e+11,aggrSum,2.654e+08,blackkey_num,478415548,feedback,28,feedsumportion,0.512888,finger0,11,finger,15,time,306726,runTime,780.792
line,12940495,total,0.0123131,total0,0.0748369,false,0.00391601,over,0.0125464,false0,0.0260797,over0,0.0835562,overaggr,0.00854801,overcuckoo,0.00376514,over_uai,0.000784933,over_uai,0.002379,over_utai,0.0151861,over_utai,0.0116858,over_ai,0.0120287,over_ai,0.0123987,countIP,3.14328e+10,countIP0,3.33742e+10,keysum,3.10505e+10,pktSum,1.3748e+11,aggrSum,2.6542e+08,blackkey_num,481347193,feedback,28,feedsumportion,0.806931,finger0,11,finger,15,time,308091,runTime,781.792
line,12957271,total,0.0122994,total0,0.0748362,false,0.00389571,over,0.0124939,false0,0.0260409,over0,0.0835155,overaggr,0.00853862,overcuckoo,0.0037608,over_uai,0.000622179,over_uai,0.00113633,over_utai,0.0151674,over_utai,0.011672,over_ai,0.0120136,over_ai,0.0123866,countIP,3.14691e+10,countIP0,3.34131e+10,keysum,3.10867e+10,pktSum,1.37659e+11,aggrSum,2.65438e+08,blackkey_num,484453209,feedback,28,feedsumportion,0.806931,finger0,11,finger,15,time,308091,runTime,782.792
line,12974080,total,0.0122854,total0,0.0748394,false,0.00387456,over,0.0124406,false0,0.0260023,over0,0.0834889,overaggr,0.00852899,overcuckoo,0.00375641,over_uai,0.000510541,over_uai,0.00163004,over_utai,0.0151481,over_utai,0.0116596,over_ai,0.0119984,over_ai,0.0123745,countIP,3.15058e+10,countIP0,3.34527e+10,keysum,3.11234e+10,pktSum,1.37845e+11,aggrSum,2.65451e+08,blackkey_num,487812349,feedback,28,feedsumportion,0.806931,finger0,11,finger,15,time,308091,runTime,783.792
line,12990950,total,0.0122728,total0,0.0748362,false,0.00385471,over,0.0123928,false0,0.0259539,over0,0.0834413,overaggr,0.00852004,overcuckoo,0.00375274,over_uai,0.000734386,over_uai,0.00160815,over_utai,0.0151277,over_utai,0.0116482,over_ai,0.0119838,over_ai,0.0123644,countIP,3.15404e+10,countIP0,3.34898e+10,keysum,3.1158e+10,pktSum,1.38025e+11,aggrSum,2.65468e+08,blackkey_num,491735748,feedback,28,feedsumportion,0.806931,finger0,11,finger,15,time,308091,runTime,784.792
line,13007409,total,0.0122575,total0,0.0748694,false,0.00383471,over,0.0123353,false0,0.0259651,over0,0.0835232,overaggr,0.00850943,overcuckoo,0.00374802,over_uai,0.000655993,over_uai,0.000941964,over_utai,0.0151083,over_utai,0.0116333,over_ai,0.0119676,over_ai,0.0123502,countIP,3.1581e+10,countIP0,3.35344e+10,keysum,3.11986e+10,pktSum,1.38211e+11,aggrSum,2.65482e+08,blackkey_num,495925393,feedback,28,feedsumportion,0.806931,finger0,11,finger,15,time,308091,runTime,785.792
line,13024290,total,0.0122413,total0,0.0748834,false,0.00381602,over,0.012275,false0,0.025968,over0,0.0835314,overaggr,0.00849824,overcuckoo,0.00374304,over_uai,0.000521247,over_uai,0.000810381,over_utai,0.0150874,over_utai,0.0116191,over_ai,0.0119502,over_ai,0.0123359,countIP,3.16235e+10,countIP0,3.35805e+10,keysum,3.1241e+10,pktSum,1.3839e+11,aggrSum,2.65494e+08,blackkey_num,499847491,feedback,30,feedsumportion,0.404936,finger0,11,finger,15,time,307339,runTime,786.792
line,13041133,total,0.0122269,total0,0.0749165,false,0.003797,over,0.0122219,false0,0.0259766,over0,0.0836146,overaggr,0.00848839,overcuckoo,0.00373855,over_uai,0.000565089,over_uai,0.00103586,over_utai,0.0150662,over_utai,0.0116053,over_ai,0.0119339,over_ai,0.0123242,countIP,3.16617e+10,countIP0,3.36226e+10,keysum,3.12793e+10,pktSum,1.38569e+11,aggrSum,2.65511e+08,blackkey_num,503860416,feedback,30,feedsumportion,0.404936,finger0,11,finger,15,time,307339,runTime,787.792
line,13057712,total,0.0122117,total0,0.0749239,false,0.00377821,over,0.012166,false0,0.0259625,over0,0.0836007,overaggr,0.00847797,overcuckoo,0.00373377,over_uai,0.000581171,over_uai,0.00110389,over_utai,0.0150453,over_utai,0.0115909,over_ai,0.0119165,over_ai,0.0123119,countIP,3.17021e+10,countIP0,3.36663e+10,keysum,3.13197e+10,pktSum,1.3875e+11,aggrSum,2.65527e+08,blackkey_num,508168161,feedback,30,feedsumportion,0.404936,finger0,11,finger,15,time,307339,runTime,788.793
line,13074163,total,0.0121966,total0,0.0749171,false,0.00375976,over,0.0121107,false0,0.0259332,over0,0.0835345,overaggr,0.00846753,overcuckoo,0.00372907,over_uai,0.00104189,over_uai,0.00085776,over_utai,0.0150268,over_utai,0.0115766,over_ai,0.0119006,over_ai,0.0122983,countIP,3.17429e+10,countIP0,3.37098e+10,keysum,3.13604e+10,pktSum,1.38931e+11,aggrSum,2.65545e+08,blackkey_num,512504682,feedback,30,feedsumportion,0.404936,finger0,11,finger,15,time,307339,runTime,789.793
line,13090943,total,0.0121822,total0,0.0749145,false,0.00374142,over,0.0120586,false0,0.0259032,over0,0.0834859,overaggr,0.00845761,overcuckoo,0.0037246,over_uai,0.000856491,over_uai,0.000953996,over_utai,0.0150089,over_utai,0.0115616,over_ai,0.0118858,over_ai,0.0122842,countIP,3.17816e+10,countIP0,3.37514e+10,keysum,3.13991e+10,pktSum,1.3911e+11,aggrSum,2.65562e+08,blackkey_num,516759777,feedback,30,feedsumportion,0.404936,finger0,11,finger,15,time,307339,runTime,790.793
line,13107658,total,0.0122008,total0,0.0749017,false,0.00375956,over,0.0121266,false0,0.0258569,over0,0.0834027,overaggr,0.00847966,overcuckoo,0.0037211,over_uai,0.00350825,over_uai,0.0410906,over_utai,0.0149943,over_utai,0.0115979,over_ai,0.0118713,over_ai,0.0123501,countIP,3.18198e+10,countIP0,3.37909e+10,keysum,3.14362e+10,pktSum,1.39289e+11,aggrSum,2.66569e+08,blackkey_num,519427952,feedback,31,feedsumportion,0.396985,finger0,11,finger,15,time,307574,runTime,791.793
line,13124035,total,0.0122211,total0,0.0748957,false,0.00378144,over,0.0122008,false0,0.0258307,over0,0.0833428,overaggr,0.00850375,overcuckoo,0.00371735,over_uai,0.00162314,over_uai,0.0556785,over_utai,0.0149753,over_utai,0.0116411,over_ai,0.0118544,over_ai,0.0124239,countIP,3.18598e+10,countIP0,3.38325e+10,keysum,3.14751e+10,pktSum,1.39462e+11,aggrSum,2.67657e+08,blackkey_num,522337207,feedback,31,feedsumportion,0.396985,finger0,11,finger,15,time,307574,runTime,792.793
line,13140956,total,0.0122413,total0,0.0748985,false,0.0038018,over,0.0122739,false0,0.0258073,over0,0.0833177,overaggr,0.00852757,overcuckoo,0.00371371,over_uai,0.000418973,over_uai,0.0518674,over_utai,0.0149552,over_utai,0.0116828,over_ai,0.0118376,over_ai,0.0124976,countIP,3.18972e+10,countIP0,3.38716e+10,keysum,3.15115e+10,pktSum,1.39632e+11,aggrSum,2.68716e+08,blackkey_num,524932454,feedback,31,feedsumportion,0.396985,finger0,11,finger,15,time,307574,runTime,793.793
line,13157704,total,0.0122552,total0,0.074908,false,0.00381329,over,0.012324,false0,0.0257804,over0,0.0833187,overaggr,0.00854471,overcuckoo,0.00371047,over_uai,0.000444911,over_uai,0.0375414,over_utai,0.0149372,over_utai,0.0117128,over_ai,0.0118226,over_ai,0.0125534,countIP,3.19325e+10,countIP0,3.3909e+10,keysum,3.15459e+10,pktSum,1.39808e+11,aggrSum,2.69551e+08,blackkey_num,527992589,feedback,31,feedsumportion,0.396985,finger0,11,finger,15,time,307574,runTime,794.793
line,13174275,total,0.0122496,total0,0.0749043,false,0.003803,over,0.0123038,false0,0.025739,over0,0.0832729,overaggr,0.00854058,overcuckoo,0.00370905,over_uai,0.000483307,over_uai,0.0109452,over_utai,0.0149203,over_utai,0.0117119,over_ai,0.0118088,over_ai,0.0125595,countIP,3.19666e+10,countIP0,3.39452e+10,keysum,3.15798e+10,pktSum,1.39981e+11,aggrSum,2.6971e+08,blackkey_num,530796755,feedback,31,feedsumportion,0.396985,finger0,11,finger,15,time,307574,runTime,795.793
line,13191031,total,0.0122494,total0,0.0749139,false,0.00379909,over,0.0123028,false0,0.0257152,over0,0.0832751,overaggr,0.00854434,overcuckoo,0.00370509,over_uai,0.000663081,over_uai,0.022387,over_utai,0.0149021,over_utai,0.0117212,over_ai,0.0117946,over_ai,0.0125799,countIP,3.20011e+10,countIP0,3.39821e+10,keysum,3.16138e+10,pktSum,1.40152e+11,aggrSum,2.70119e+08,blackkey_num,533048054,feedback,32,feedsumportion,0.9818,finger0,11,finger,15,time,307547,runTime,796.793
line,13207699,total,0.0122481,total0,0.074917,false,0.00379605,over,0.012298,false0,0.0256972,over0,0.0832505,overaggr,0.00854739,overcuckoo,0.00370075,over_uai,0.00048123,over_uai,0.0191898,over_utai,0.0148831,over_utai,0.011729,over_ai,0.0117788,over_ai,0.0125995,countIP,3.20389e+10,countIP0,3.40224e+10,keysum,3.16512e+10,pktSum,1.40323e+11,aggrSum,2.70535e+08,blackkey_num,535423261,feedback,32,feedsumportion,0.9818,finger0,11,finger,15,time,307547,runTime,797.793
line,13224480,total,0.01225,total0,0.0749076,false,0.00379588,over,0.0123045,false0,0.0256614,over0,0.0831826,overaggr,0.0085535,overcuckoo,0.00369653,over_uai,0.000522898,over_uai,0.0213415,over_utai,0.014865,over_utai,0.0117402,over_ai,0.0117635,over_ai,0.0126264,countIP,3.20763e+10,countIP0,3.40618e+10,keysum,3.16881e+10,pktSum,1.40496e+11,aggrSum,2.71045e+08,blackkey_num,537885329,feedback,32,feedsumportion,0.9818,finger0,11,finger,15,time,307547,runTime,798.793
line,13241196,total,0.0122539,total0,0.074913,false,0.0037966,over,0.0123182,false0,0.0256334,over0,0.0831686,overaggr,0.00856153,overcuckoo,0.00369241,over_uai,0.000821429,over_uai,0.0239928,over_utai,0.0148476,over_utai,0.0117541,over_ai,0.0117493,over_ai,0.0126564,countIP,3.21125e+10,countIP0,3.41003e+10,keysum,3.17238e+10,pktSum,1.40674e+11,aggrSum,2.71604e+08,blackkey_num,540346103,feedback,32,feedsumportion,0.9818,finger0,11,finger,15,time,307547,runTime,799.793
line,13257652,total,0.0122566,total0,0.0749129,false,0.00379566,over,0.0123274,false0,0.0255983,over0,0.0831372,overaggr,0.00856803,overcuckoo,0.00368858,over_uai,0.0003025,over_uai,0.0249739,over_utai,0.0148276,over_utai,0.0117669,over_ai,0.0117345,over_ai,0.0126846,countIP,3.21468e+10,countIP0,3.41367e+10,keysum,3.17576e+10,pktSum,1.40846e+11,aggrSum,2.721e+08,blackkey_num,542552208,feedback,32,feedsumportion,0.9818,finger0,11,finger,15,time,307547,runTime,800.793
line,13274282,total,0.0122443,total0,0.0749034,false,0.00377894,over,0.0122836,false0,0.0255563,over0,0.0830714,overaggr,0.00855963,overcuckoo,0.00368466,over_uai,0.000417928,over_uai,0.00210754,over_utai,0.0148072,over_utai,0.0117569,over_ai,0.0117194,over_ai,0.0126764,countIP,3.21818e+10,countIP0,3.41739e+10,keysum,3.17926e+10,pktSum,1.41019e+11,aggrSum,2.72132e+08,blackkey_num,545259644,feedback,30,feedsumportion,0.979984,finger0,11,finger,15,time,307796,runTime,801.793
line,13291054,total,0.0122321,total0,0.0749016,false,0.00376213,over,0.0122402,false0,0.025521,over0,0.0830336,overaggr,0.00855132,overcuckoo,0.00368073,over_uai,0.000581331,over_uai,0.00177021,over_utai,0.0147885,over_utai,0.0117445,over_ai,0.0117056,over_ai,0.0126661,countIP,3.22168e+10,countIP0,3.42114e+10,keysum,3.18275e+10,pktSum,1.41195e+11,aggrSum,2.72167e+08,blackkey_num,548196860,feedback,30,feedsumportion,0.979984,finger0,11,finger,15,time,307796,runTime,802.793
line,13307767,total,0.0122191,total0,0.0749119,false,0.00374589,over,0.0121946,false0,0.0255068,over0,0.0830363,overaggr,0.00854224,overcuckoo,0.00367684,over_uai,0.000687506,over_uai,0.00162154,over_utai,0.0147696,over_utai,0.0117328,over_ai,0.0116914,over_ai,0.0126546,countIP,3.22541e+10,countIP0,3.42518e+10,keysum,3.18648e+10,pktSum,1.41371e+11,aggrSum,2.72197e+08,blackkey_num,551267708,feedback,30,feedsumportion,0.979984,finger0,11,finger,15,time,307796,runTime,803.793
line,13324377,total,0.0122081,total0,0.0749138,false,0.00372996,over,0.0121561,false0,0.0254716,over0,0.0830132,overaggr,0.00853479,overcuckoo,0.00367329,over_uai,0.000807578,over_uai,0.00276641,over_utai,0.0147521,over_utai,0.0117227,over_ai,0.0116769,over_ai,0.0126488,countIP,3.22875e+10,countIP0,3.42877e+10,keysum,3.18981e+10,pktSum,1.41546e+11,aggrSum,2.72244e+08,blackkey_num,554345460,feedback,30,feedsumportion,0.979984,finger0,11,finger,15,time,307796,runTime,804.793
line,13341118,total,0.0121962,total0,0.0749033,false,0.00371532,over,0.0121148,false0,0.0254371,over0,0.0829443,overaggr,0.00852677,overcuckoo,0.00366945,over_uai,0.000452809,over_uai,0.00340985,over_utai,0.0147335,over_utai,0.0117138,over_ai,0.0116614,over_ai,0.0126424,countIP,3.23239e+10,countIP0,3.43264e+10,keysum,3.19344e+10,pktSum,1.41716e+11,aggrSum,2.72297e+08,blackkey_num,557475320,feedback,30,feedsumportion,0.979984,finger0,11,finger,15,time,307796,runTime,805.793
line,13357859,total,0.0121845,total0,0.0748926,false,0.00369847,over,0.0120741,false0,0.0253869,over0,0.0828784,overaggr,0.00851866,overcuckoo,0.0036658,over_uai,0.00057577,over_uai,0.0013891,over_utai,0.0147157,over_utai,0.011704,over_ai,0.0116475,over_ai,0.0126335,countIP,3.23565e+10,countIP0,3.4361e+10,keysum,3.1967e+10,pktSum,1.4189e+11,aggrSum,2.72316e+08,blackkey_num,560761902,feedback,32,feedsumportion,0.728001,finger0,11,finger,15,time,307222,runTime,806.793
line,13374727,total,0.0121754,total0,0.074892,false,0.00368424,over,0.0120428,false0,0.0253456,over0,0.0828479,overaggr,0.008513,overcuckoo,0.00366237,over_uai,0.000511099,over_uai,0.00510853,over_utai,0.0146993,over_utai,0.0116965,over_ai,0.0116342,over_ai,0.0126304,countIP,3.23893e+10,countIP0,3.43962e+10,keysum,3.19997e+10,pktSum,1.42067e+11,aggrSum,2.72413e+08,blackkey_num,564083619,feedback,32,feedsumportion,0.728001,finger0,11,finger,15,time,307222,runTime,807.793
line,13391316,total,0.0121689,total0,0.0748843,false,0.00367528,over,0.0120209,false0,0.0253121,over0,0.0827893,overaggr,0.00850988,overcuckoo,0.00365901,over_uai,0.000328874,over_uai,0.00960169,over_utai,0.0146812,over_utai,0.0116934,over_ai,0.0116193,over_ai,0.0126362,countIP,3.24264e+10,countIP0,3.44356e+10,keysum,3.20366e+10,pktSum,1.42243e+11,aggrSum,2.72627e+08,blackkey_num,567003691,feedback,32,feedsumportion,0.728001,finger0,11,finger,15,time,307222,runTime,808.793
line,13407685,total,0.0121583,total0,0.0748696,false,0.00366225,over,0.0119848,false0,0.0252727,over0,0.0827055,overaggr,0.00850357,overcuckoo,0.00365472,over_uai,0.000520841,over_uai,0.00478505,over_utai,0.0146649,over_utai,0.0116833,over_ai,0.0116063,over_ai,0.0126293,countIP,3.24651e+10,countIP0,3.44766e+10,keysum,3.20751e+10,pktSum,1.42424e+11,aggrSum,2.72753e+08,blackkey_num,569691747,feedback,32,feedsumportion,0.728001,finger0,11,finger,15,time,307222,runTime,809.793
line,13423983,total,0.0121425,total0,0.0748502,false,0.00364665,over,0.0119312,false0,0.0252465,over0,0.0826025,overaggr,0.00849255,overcuckoo,0.00364998,over_uai,0.000745533,over_uai,0.000789116,over_utai,0.0146477,over_utai,0.0116689,over_ai,0.0115922,over_ai,0.0126107,countIP,3.25083e+10,countIP0,3.45223e+10,keysum,3.21183e+10,pktSum,1.42602e+11,aggrSum,2.72766e+08,blackkey_num,572487367,feedback,32,feedsumportion,0.728001,finger0,11,finger,15,time,307222,runTime,810.793
line,13440266,total,0.0121308,total0,0.0748204,false,0.00363377,over,0.0118916,false0,0.0251998,over0,0.0824674,overaggr,0.00848477,overcuckoo,0.00364598,over_uai,0.000652375,over_uai,0.004923,over_utai,0.0146296,over_utai,0.0116609,over_ai,0.011578,over_ai,0.0126021,countIP,3.25477e+10,countIP0,3.45636e+10,keysum,3.21576e+10,pktSum,1.42777e+11,aggrSum,2.7285e+08,blackkey_num,575318827,feedback,30,feedsumportion,0.911038,finger0,11,finger,15,time,308476,runTime,811.793
line,13456791,total,0.0121255,total0,0.0748229,false,0.00362687,over,0.0118746,false0,0.0251813,over0,0.0824454,overaggr,0.00848325,overcuckoo,0.00364226,over_uai,0.000487473,over_uai,0.0139178,over_utai,0.0146118,over_utai,0.0116626,over_ai,0.011564,over_ai,0.0126091,countIP,3.25852e+10,countIP0,3.46038e+10,keysum,3.21948e+10,pktSum,1.4295e+11,aggrSum,2.73117e+08,blackkey_num,578360087,feedback,30,feedsumportion,0.911038,finger0,11,finger,15,time,308476,runTime,812.793
line,13473522,total,0.0121139,total0,0.0748645,false,0.00361227,over,0.0118359,false0,0.0251969,over0,0.0825596,overaggr,0.00847517,overcuckoo,0.00363874,over_uai,0.000644923,over_uai,0.00327989,over_utai,0.0145941,over_utai,0.0116551,over_ai,0.0115498,over_ai,0.0126013,countIP,3.26201e+10,countIP0,3.46426e+10,keysum,3.22297e+10,pktSum,1.43123e+11,aggrSum,2.73152e+08,blackkey_num,581177592,feedback,30,feedsumportion,0.911038,finger0,11,finger,15,time,308476,runTime,813.793
line,13490280,total,0.0121055,total0,0.0749171,false,0.00360151,over,0.0118081,false0,0.025227,over0,0.0827104,overaggr,0.00847046,overcuckoo,0.003635,over_uai,0.000483555,over_uai,0.00919826,over_utai,0.0145762,over_utai,0.0116526,over_ai,0.0115357,over_ai,0.0126012,countIP,3.26554e+10,countIP0,3.4682e+10,keysum,3.22648e+10,pktSum,1.43293e+11,aggrSum,2.73298e+08,blackkey_num,584358382,feedback,30,feedsumportion,0.911038,finger0,11,finger,15,time,308476,runTime,814.793
line,13507267,total,0.0121004,total0,0.0749808,false,0.00359364,over,0.0117919,false0,0.0252636,over0,0.0828982,overaggr,0.00846884,overcuckoo,0.00363155,over_uai,0.000667115,over_uai,0.014008,over_utai,0.0145585,over_utai,0.0116545,over_ai,0.0115216,over_ai,0.0126091,countIP,3.26907e+10,countIP0,3.47217e+10,keysum,3.22998e+10,pktSum,1.43468e+11,aggrSum,2.73542e+08,blackkey_num,587145202,feedback,30,feedsumportion,0.911038,finger0,11,finger,15,time,308476,runTime,815.793
line,13524054,total,0.012088,total0,0.0749754,false,0.00357704,over,0.0117509,false0,0.0252204,over0,0.0828515,overaggr,0.00846019,overcuckoo,0.00362779,over_uai,0.000488638,over_uai,0.00123132,over_utai,0.0145409,over_utai,0.0116457,over_ai,0.0115072,over_ai,0.0125998,countIP,3.2725e+10,countIP0,3.47584e+10,keysum,3.23341e+10,pktSum,1.43651e+11,aggrSum,2.73553e+08,blackkey_num,590347923,feedback,33,feedsumportion,0.928234,finger0,11,finger,15,time,309460,runTime,816.793
line,13540606,total,0.0120755,total0,0.0749779,false,0.00356101,over,0.0117098,false0,0.0251893,over0,0.0828309,overaggr,0.00845158,overcuckoo,0.0036239,over_uai,0.000503857,over_uai,0.00141842,over_utai,0.0145234,over_utai,0.0116358,over_ai,0.0114932,over_ai,0.0125897,countIP,3.27602e+10,countIP0,3.47963e+10,keysum,3.23693e+10,pktSum,1.43832e+11,aggrSum,2.73571e+08,blackkey_num,593055686,feedback,33,feedsumportion,0.928234,finger0,11,finger,15,time,309460,runTime,817.793
line,13557176,total,0.0120629,total0,0.0750023,false,0.00354504,over,0.0116686,false0,0.0251809,over0,0.0828838,overaggr,0.00844284,overcuckoo,0.00362001,over_uai,0.000582845,over_uai,0.00155243,over_utai,0.0145055,over_utai,0.0116243,over_ai,0.0114787,over_ai,0.0125797,countIP,3.27965e+10,countIP0,3.48361e+10,keysum,3.24056e+10,pktSum,1.44019e+11,aggrSum,2.73595e+08,blackkey_num,595709435,feedback,33,feedsumportion,0.928234,finger0,11,finger,15,time,309460,runTime,818.793
line,13573837,total,0.0120494,total0,0.0750112,false,0.00352983,over,0.0116248,false0,0.0251666,over0,0.0828812,overaggr,0.00843331,overcuckoo,0.00361604,over_uai,0.000899757,over_uai,0.00178508,over_utai,0.0144881,over_utai,0.0116109,over_ai,0.0114654,over_ai,0.0125658,countIP,3.28363e+10,countIP0,3.48792e+10,keysum,3.24454e+10,pktSum,1.44207e+11,aggrSum,2.73622e+08,blackkey_num,598618686,feedback,33,feedsumportion,0.928234,finger0,11,finger,15,time,309460,runTime,819.793
line,13590276,total,0.0120356,total0,0.0749952,false,0.00351499,over,0.0115804,false0,0.025131,over0,0.0827957,overaggr,0.00842385,overcuckoo,0.00361176,over_uai,0.00146706,over_uai,0.00141217,over_utai,0.014472,over_utai,0.0115976,over_ai,0.0114522,over_ai,0.0125508,countIP,3.28756e+10,countIP0,3.49208e+10,keysum,3.24846e+10,pktSum,1.44387e+11,aggrSum,2.73645e+08,blackkey_num,601426754,feedback,33,feedsumportion,0.928234,finger0,11,finger,15,time,309460,runTime,820.793
line,13607007,total,0.0120269,total0,0.0750157,false,0.00350459,over,0.0115532,false0,0.0251272,over0,0.082834,overaggr,0.0084187,overcuckoo,0.00360825,over_uai,0.00319373,over_uai,0.00760772,over_utai,0.0144578,over_utai,0.0115928,over_ai,0.0114392,over_ai,0.0125482,countIP,3.29135e+10,countIP0,3.49621e+10,keysum,3.25224e+10,pktSum,1.44569e+11,aggrSum,2.73796e+08,blackkey_num,603967596,feedback,29,feedsumportion,0.608485,finger0,11,finger,15,time,308508,runTime,821.793
line,13623939,total,0.0120184,total0,0.0750477,false,0.00349442,over,0.0115264,false0,0.0251359,over0,0.0829108,overaggr,0.00841345,overcuckoo,0.00360493,over_uai,0.00204582,over_uai,0.00789962,over_utai,0.0144431,over_utai,0.0115881,over_ai,0.0114261,over_ai,0.0125461,countIP,3.2951e+10,countIP0,3.50032e+10,keysum,3.25597e+10,pktSum,1.44748e+11,aggrSum,2.7394e+08,blackkey_num,606925156,feedback,29,feedsumportion,0.608485,finger0,11,finger,15,time,308508,runTime,822.793
line,13640757,total,0.0120095,total0,0.0750478,false,0.00348396,over,0.0114985,false0,0.0251124,over0,0.0828814,overaggr,0.00840783,overcuckoo,0.00360163,over_uai,0.00239571,over_uai,0.00772178,over_utai,0.0144282,over_utai,0.0115835,over_ai,0.0114126,over_ai,0.0125441,countIP,3.29881e+10,countIP0,3.5043e+10,keysum,3.25967e+10,pktSum,1.44926e+11,aggrSum,2.74067e+08,blackkey_num,609821962,feedback,29,feedsumportion,0.608485,finger0,11,finger,15,time,308508,runTime,823.793
line,13657390,total,0.0120011,total0,0.0751076,false,0.00347348,over,0.0114725,false0,0.0251454,over0,0.0830526,overaggr,0.0084026,overcuckoo,0.00359848,over_uai,0.00231088,over_uai,0.0072181,over_utai,0.0144134,over_utai,0.0115791,over_ai,0.0113991,over_ai,0.0125428,countIP,3.30229e+10,countIP0,3.50821e+10,keysum,3.26313e+10,pktSum,1.45099e+11,aggrSum,2.74187e+08,blackkey_num,612683955,feedback,29,feedsumportion,0.608485,finger0,11,finger,15,time,308508,runTime,824.793
line,13673958,total,0.0119902,total0,0.0751577,false,0.00346318,over,0.0114386,false0,0.0251851,over0,0.0831847,overaggr,0.00839536,overcuckoo,0.00359482,over_uai,0.00433092,over_uai,0.00592144,over_utai,0.0144007,over_utai,0.0115726,over_ai,0.0113847,over_ai,0.0125372,countIP,3.30647e+10,countIP0,3.51286e+10,keysum,3.26729e+10,pktSum,1.45279e+11,aggrSum,2.74301e+08,blackkey_num,615031569,feedback,29,feedsumportion,0.608485,finger0,11,finger,15,time,308508,runTime,825.793
line,13690677,total,0.0119889,total0,0.0751716,false,0.00346277,over,0.0114367,false0,0.0251899,over0,0.0831959,overaggr,0.00839863,overcuckoo,0.00359023,over_uai,0.000599578,over_uai,0.0188308,over_utai,0.0143826,over_utai,0.0115808,over_ai,0.0113697,over_ai,0.0125556,countIP,3.3108e+10,countIP0,3.5175e+10,keysum,3.27158e+10,pktSum,1.45461e+11,aggrSum,2.74767e+08,blackkey_num,617277450,feedback,32,feedsumportion,0.923832,finger0,11,finger,15,time,308494,runTime,826.793
line,13707463,total,0.0119935,total0,0.075185,false,0.00346677,over,0.0114542,false0,0.0251842,over0,0.0832086,overaggr,0.0084075,overcuckoo,0.00358602,over_uai,0.000395671,over_uai,0.0293519,over_utai,0.0143646,over_utai,0.0115986,over_ai,0.0113553,over_ai,0.012588,countIP,3.31476e+10,countIP0,3.52174e+10,keysum,3.27547e+10,pktSum,1.45641e+11,aggrSum,2.75386e+08,blackkey_num,619564059,feedback,32,feedsumportion,0.923832,finger0,11,finger,15,time,308494,runTime,827.793
line,13724167,total,0.0119962,total0,0.0751901,false,0.00347041,over,0.0114654,false0,0.0251808,over0,0.0831913,overaggr,0.00841476,overcuckoo,0.00358149,over_uai,0.000496381,over_uai,0.0241,over_utai,0.0143458,over_utai,0.0116133,over_ai,0.01134,over_ai,0.012617,countIP,3.31906e+10,countIP0,3.52631e+10,keysum,3.27971e+10,pktSum,1.45821e+11,aggrSum,2.7598e+08,blackkey_num,621680195,feedback,32,feedsumportion,0.923832,finger0,11,finger,15,time,308494,runTime,828.793
line,13740656,total,0.0120003,total0,0.0751924,false,0.00347149,over,0.0114806,false0,0.0251491,over0,0.0831712,overaggr,0.00842252,overcuckoo,0.00357781,over_uai,0.00612549,over_uai,0.0212316,over_utai,0.0143362,over_utai,0.0116251,over_ai,0.0113275,over_ai,0.0126451,countIP,3.3226e+10,countIP0,3.53007e+10,keysum,3.2832e+10,pktSum,1.46005e+11,aggrSum,2.76528e+08,blackkey_num,623796794,feedback,32,feedsumportion,0.923832,finger0,11,finger,15,time,308494,runTime,829.793
line,13757215,total,0.0120043,total0,0.0752085,false,0.00347348,over,0.0114956,false0,0.0251378,over0,0.0831946,overaggr,0.00843045,overcuckoo,0.00357389,over_uai,0.0044892,over_uai,0.0248533,over_utai,0.0143241,over_utai,0.0116392,over_ai,0.0113144,over_ai,0.0126738,countIP,3.3263e+10,countIP0,3.53405e+10,keysum,3.28685e+10,pktSum,1.46186e+11,aggrSum,2.77096e+08,blackkey_num,626044724,feedback,32,feedsumportion,0.923832,finger0,11,finger,15,time,308494,runTime,830.793
line,13773382,total,0.0119922,total0,0.0752292,false,0.0034603,over,0.0114579,false0,0.0251362,over0,0.0832323,overaggr,0.00842217,overcuckoo,0.00357001,over_uai,0.000382818,over_uai,0.00265472,over_utai,0.0143074,over_utai,0.0116292,over_ai,0.0113009,over_ai,0.0126636,countIP,3.33011e+10,countIP0,3.5382e+10,keysum,3.29065e+10,pktSum,1.46367e+11,aggrSum,2.77144e+08,blackkey_num,628482369,feedback,30,feedsumportion,0.984728,finger0,11,finger,15,time,311250,runTime,831.793
line,13789525,total,0.0119792,total0,0.0752304,false,0.00344687,over,0.0114179,false0,0.0251184,over0,0.0832056,overaggr,0.0084132,overcuckoo,0.00356603,over_uai,0.000249934,over_uai,0.00197649,over_utai,0.0142893,over_utai,0.0116189,over_ai,0.0112859,over_ai,0.0126539,countIP,3.33398e+10,countIP0,3.54237e+10,keysum,3.29452e+10,pktSum,1.46547e+11,aggrSum,2.77174e+08,blackkey_num,631179449,feedback,30,feedsumportion,0.984728,finger0,11,finger,15,time,311250,runTime,832.793
line,13805944,total,0.0119684,total0,0.0752441,false,0.00343304,over,0.0113847,false0,0.025096,over0,0.0832237,overaggr,0.00840562,overcuckoo,0.00356281,over_uai,0.000454798,over_uai,0.00201702,over_utai,0.0142741,over_utai,0.0116068,over_ai,0.0112735,over_ai,0.0126453,countIP,3.33731e+10,countIP0,3.54599e+10,keysum,3.29784e+10,pktSum,1.46728e+11,aggrSum,2.77204e+08,blackkey_num,633745120,feedback,30,feedsumportion,0.984728,finger0,11,finger,15,time,311250,runTime,833.793
line,13822234,total,0.0119588,total0,0.075258,false,0.00342096,over,0.0113555,false0,0.0250774,over0,0.0832416,overaggr,0.00839924,overcuckoo,0.00355953,over_uai,0.000537177,over_uai,0.00467383,over_utai,0.0142577,over_utai,0.0115995,over_ai,0.0112595,over_ai,0.0126422,countIP,3.34081e+10,countIP0,3.54979e+10,keysum,3.30133e+10,pktSum,1.46911e+11,aggrSum,2.77287e+08,blackkey_num,636330562,feedback,30,feedsumportion,0.984728,finger0,11,finger,15,time,311250,runTime,834.793
line,13838948,total,0.011947,total0,0.0752673,false,0.00340701,over,0.0113197,false0,0.0250549,over0,0.0832441,overaggr,0.00839114,overcuckoo,0.00355589,over_uai,0.000476206,over_uai,0.0017798,over_utai,0.0142406,over_utai,0.0115887,over_ai,0.0112456,over_ai,0.0126336,countIP,3.34434e+10,countIP0,3.55361e+10,keysum,3.30486e+10,pktSum,1.47095e+11,aggrSum,2.77316e+08,blackkey_num,639352926,feedback,30,feedsumportion,0.984728,finger0,11,finger,15,time,311250,runTime,835.793
line,13855420,total,0.0119332,total0,0.0752587,false,0.00339301,over,0.0112777,false0,0.0250272,over0,0.0831854,overaggr,0.0083816,overcuckoo,0.00355163,over_uai,0.000678626,over_uai,0.00080097,over_utai,0.0142225,over_utai,0.0115741,over_ai,0.0112309,over_ai,0.0126209,countIP,3.34833e+10,countIP0,3.55787e+10,keysum,3.30885e+10,pktSum,1.47281e+11,aggrSum,2.77334e+08,blackkey_num,642585772,feedback,31,feedsumportion,0.798483,finger0,11,finger,15,time,310112,runTime,836.793
line,13872317,total,0.0119188,total0,0.075236,false,0.00337999,over,0.0112339,false0,0.0249969,over0,0.0830808,overaggr,0.00837151,overcuckoo,0.00354725,over_uai,0.000456541,over_uai,0.000834127,over_utai,0.0142046,over_utai,0.0115617,over_ai,0.0112153,over_ai,0.0126082,countIP,3.35247e+10,countIP0,3.56224e+10,keysum,3.31299e+10,pktSum,1.47458e+11,aggrSum,2.77347e+08,blackkey_num,645070582,feedback,31,feedsumportion,0.798483,finger0,11,finger,15,time,310112,runTime,837.793
line,13889350,total,0.0119049,total0,0.0752257,false,0.00336632,over,0.0111922,false0,0.0249694,over0,0.0830174,overaggr,0.00836185,overcuckoo,0.00354306,over_uai,0.000515448,over_uai,0.000969795,over_utai,0.0141863,over_utai,0.0115485,over_ai,0.0111996,over_ai,0.0125974,countIP,3.35647e+10,countIP0,3.56651e+10,keysum,3.31699e+10,pktSum,1.47643e+11,aggrSum,2.77361e+08,blackkey_num,647846848,feedback,31,feedsumportion,0.798483,finger0,11,finger,15,time,310112,runTime,838.793
line,13906913,total,0.0118922,total0,0.0752188,false,0.00335304,over,0.0111542,false0,0.0249406,over0,0.0829669,overaggr,0.00835312,overcuckoo,0.00353905,over_uai,0.0034818,over_uai,0.00154517,over_utai,0.0141734,over_utai,0.0115348,over_ai,0.0111863,over_ai,0.0125853,countIP,3.36031e+10,countIP0,3.5706e+10,keysum,3.32081e+10,pktSum,1.47827e+11,aggrSum,2.77391e+08,blackkey_num,650553075,feedback,31,feedsumportion,0.798483,finger0,11,finger,15,time,310112,runTime,839.793
line,13924017,total,0.0119002,total0,0.0752073,false,0.00335838,over,0.0111822,false0,0.0248987,over0,0.0829039,overaggr,0.00834476,overcuckoo,0.00355544,over_uai,0.00472903,over_uai,0.0249407,over_utai,0.0141621,over_utai,0.0115521,over_ai,0.0111729,over_ai,0.0126251,countIP,3.36391e+10,countIP0,3.57436e+10,keysum,3.32435e+10,pktSum,1.48012e+11,aggrSum,2.77409e+08,blackkey_num,653557024,feedback,31,feedsumportion,0.798483,finger0,11,finger,15,time,310112,runTime,840.793
line,13940981,total,0.011899,total0,0.0751965,false,0.00335603,over,0.011181,false0,0.0248652,over0,0.082841,overaggr,0.0083354,overcuckoo,0.00356357,over_uai,0.000871049,over_uai,0.0156729,over_utai,0.0141442,over_utai,0.0115571,over_ai,0.0111584,over_ai,0.0126432,countIP,3.36785e+10,countIP0,3.57852e+10,keysum,3.32824e+10,pktSum,1.48202e+11,aggrSum,2.77422e+08,blackkey_num,656371911,feedback,33,feedsumportion,0.579812,finger0,11,finger,15,time,306586,runTime,841.793
line,13958034,total,0.0118831,total0,0.0751659,false,0.00334279,over,0.0111337,false0,0.0248332,over0,0.082711,overaggr,0.00832431,overcuckoo,0.00355876,over_uai,0.000270652,over_uai,0.000820304,over_utai,0.0141236,over_utai,0.0115429,over_ai,0.0111411,over_ai,0.0126297,countIP,3.37242e+10,countIP0,3.58333e+10,keysum,3.33281e+10,pktSum,1.4839e+11,aggrSum,2.77433e+08,blackkey_num,658899439,feedback,33,feedsumportion,0.579812,finger0,11,finger,15,time,306586,runTime,842.793
line,13974904,total,0.0118639,total0,0.0751127,false,0.00333009,over,0.0110772,false0,0.0248026,over0,0.082503,overaggr,0.00831103,overcuckoo,0.00355285,over_uai,0.000370498,over_uai,0.00118588,over_utai,0.0140975,over_utai,0.0115284,over_ai,0.011118,over_ai,0.0126172,countIP,3.37805e+10,countIP0,3.58921e+10,keysum,3.33845e+10,pktSum,1.48588e+11,aggrSum,2.77459e+08,blackkey_num,661481666,feedback,33,feedsumportion,0.579812,finger0,11,finger,15,time,306586,runTime,843.793
line,13991545,total,0.0118455,total0,0.0750739,false,0.00331723,over,0.0110233,false0,0.0247795,over0,0.0823437,overaggr,0.00829822,overcuckoo,0.00354729,over_uai,0.000445225,over_uai,0.000674554,over_utai,0.0140747,over_utai,0.0115096,over_ai,0.0110982,over_ai,0.0126014,countIP,3.38338e+10,countIP0,3.5948e+10,keysum,3.34377e+10,pktSum,1.48783e+11,aggrSum,2.77474e+08,blackkey_num,664198003,feedback,33,feedsumportion,0.579812,finger0,11,finger,15,time,306586,runTime,844.793
line,14008718,total,0.0118319,total0,0.0750916,false,0.00330474,over,0.0109837,false0,0.0247838,over0,0.0823717,overaggr,0.00828877,overcuckoo,0.0035431,over_uai,0.000878358,over_uai,0.000895438,over_utai,0.0140589,over_utai,0.0114942,over_ai,0.011085,over_ai,0.0125865,countIP,3.38745e+10,countIP0,3.59923e+10,keysum,3.34784e+10,pktSum,1.48965e+11,aggrSum,2.77495e+08,blackkey_num,666651236,feedback,33,feedsumportion,0.579812,finger0,11,finger,15,time,306586,runTime,845.793
line,14026033,total,0.0118206,total0,0.0750868,false,0.00329404,over,0.0109515,false0,0.0247638,over0,0.0823303,overaggr,0.00828123,overcuckoo,0.00353937,over_uai,0.000696454,over_uai,0.00297238,over_utai,0.0140431,over_utai,0.0114836,over_ai,0.0110718,over_ai,0.0125782,countIP,3.39131e+10,countIP0,3.60336e+10,keysum,3.35169e+10,pktSum,1.49143e+11,aggrSum,2.77561e+08,blackkey_num,670179815,feedback,26,feedsumportion,0.516074,finger0,11,finger,15,time,308027,runTime,846.793
line,14043131,total,0.0118094,total0,0.0750895,false,0.00328258,over,0.0109195,false0,0.0247448,over0,0.0823137,overaggr,0.0082736,overcuckoo,0.0035358,over_uai,0.000601088,over_uai,0.00257448,over_utai,0.0140262,over_utai,0.0114729,over_ai,0.0110578,over_ai,0.0125711,countIP,3.39503e+10,countIP0,3.60736e+10,keysum,3.35541e+10,pktSum,1.49323e+11,aggrSum,2.77613e+08,blackkey_num,672520165,feedback,26,feedsumportion,0.516074,finger0,11,finger,15,time,308027,runTime,847.793
line,14059968,total,0.0117986,total0,0.075098,false,0.00327146,over,0.0108891,false0,0.0247304,over0,0.0823154,overaggr,0.00826556,overcuckoo,0.00353309,over_uai,0.00068037,over_uai,0.00330079,over_utai,0.0140106,over_utai,0.0114637,over_ai,0.0110448,over_ai,0.0125639,countIP,3.39878e+10,countIP0,3.61141e+10,keysum,3.35914e+10,pktSum,1.49507e+11,aggrSum,2.77652e+08,blackkey_num,674959576,feedback,26,feedsumportion,0.516074,finger0,11,finger,15,time,308027,runTime,848.793
line,14076964,total,0.0117855,total0,0.0750934,false,0.0032601,over,0.0108518,false0,0.0247167,over0,0.0822736,overaggr,0.00825665,overcuckoo,0.00352888,over_uai,0.000629463,over_uai,0.00145147,over_utai,0.0139943,over_utai,0.0114504,over_ai,0.011031,over_ai,0.0125516,countIP,3.40286e+10,countIP0,3.61578e+10,keysum,3.36323e+10,pktSum,1.49685e+11,aggrSum,2.7769e+08,blackkey_num,677378092,feedback,26,feedsumportion,0.516074,finger0,11,finger,15,time,308027,runTime,849.793
line,14093956,total,0.0117743,total0,0.0751133,false,0.00324812,over,0.0108199,false0,0.02471,over0,0.0823119,overaggr,0.00824887,overcuckoo,0.00352539,over_uai,0.000786604,over_uai,0.00152381,over_utai,0.0139792,over_utai,0.0114387,over_ai,0.0110186,over_ai,0.012542,countIP,3.40642e+10,countIP0,3.61967e+10,keysum,3.36678e+10,pktSum,1.49866e+11,aggrSum,2.77721e+08,blackkey_num,680168560,feedback,26,feedsumportion,0.516074,finger0,11,finger,15,time,308027,runTime,850.793
line,14111267,total,0.0117647,total0,0.0751204,false,0.00323917,over,0.0107937,false0,0.0247005,over0,0.0823082,overaggr,0.00824327,overcuckoo,0.00352143,over_uai,0.000530541,over_uai,0.00518974,over_utai,0.0139623,over_utai,0.0114309,over_ai,0.0110047,over_ai,0.0125388,countIP,3.4103e+10,countIP0,3.62385e+10,keysum,3.37065e+10,pktSum,1.50045e+11,aggrSum,2.77852e+08,blackkey_num,682738554,feedback,31,feedsumportion,0.73103,finger0,11,finger,15,time,308184,runTime,851.793
line,14128288,total,0.0117549,total0,0.0751016,false,0.00322917,over,0.0107667,false0,0.0246617,over0,0.0822267,overaggr,0.00823716,overcuckoo,0.00351774,over_uai,0.000529804,over_uai,0.00466541,over_utai,0.0139457,over_utai,0.0114241,over_ai,0.0109916,over_ai,0.0125337,countIP,3.41389e+10,countIP0,3.62764e+10,keysum,3.37423e+10,pktSum,1.50222e+11,aggrSum,2.77941e+08,blackkey_num,685405577,feedback,31,feedsumportion,0.73103,finger0,11,finger,15,time,308184,runTime,852.793
line,14145289,total,0.0117741,total0,0.0751037,false,0.00324632,over,0.0108292,false0,0.0246443,over0,0.0822092,overaggr,0.0082286,overcuckoo,0.00354553,over_uai,0.000569852,over_uai,0.0565596,over_utai,0.0139288,over_utai,0.0114637,over_ai,0.010978,over_ai,0.0126014,countIP,3.41771e+10,countIP0,3.63163e+10,keysum,3.37793e+10,pktSum,1.504e+11,aggrSum,2.77957e+08,blackkey_num,688273816,feedback,31,feedsumportion,0.73103,finger0,11,finger,15,time,308184,runTime,853.793
line,14162298,total,0.0117634,total0,0.0750877,false,0.00323461,over,0.010799,false0,0.0246029,over0,0.0821387,overaggr,0.0082212,overcuckoo,0.00354218,over_uai,0.00177293,over_uai,0.00140649,over_utai,0.013915,over_utai,0.0114541,over_ai,0.0109658,over_ai,0.0125931,countIP,3.421e+10,countIP0,3.63512e+10,keysum,3.38123e+10,pktSum,1.50573e+11,aggrSum,2.77977e+08,blackkey_num,690862438,feedback,31,feedsumportion,0.73103,finger0,11,finger,15,time,308184,runTime,854.793
line,14179214,total,0.0117516,total0,0.0750701,false,0.00322325,over,0.0107661,false0,0.0245685,over0,0.0820622,overaggr,0.00821306,overcuckoo,0.00353856,over_uai,0.000622873,over_uai,0.00136567,over_utai,0.0138994,over_utai,0.0114436,over_ai,0.0109532,over_ai,0.0125827,countIP,3.42457e+10,countIP0,3.63889e+10,keysum,3.38479e+10,pktSum,1.50745e+11,aggrSum,2.77995e+08,blackkey_num,693480817,feedback,31,feedsumportion,0.73103,finger0,11,finger,15,time,308184,runTime,855.793
line,14196166,total,0.0117397,total0,0.0751158,false,0.00321159,over,0.0107329,false0,0.0245903,over0,0.0821792,overaggr,0.00820481,overcuckoo,0.0035349,over_uai,0.000623461,over_uai,0.0013084,over_utai,0.0138838,over_utai,0.0114338,over_ai,0.0109403,over_ai,0.0125725,countIP,3.42818e+10,countIP0,3.64293e+10,keysum,3.38841e+10,pktSum,1.50922e+11,aggrSum,2.78012e+08,blackkey_num,696183005,feedback,30,feedsumportion,0.812795,finger0,11,finger,15,time,307830,runTime,856.793
line,14213211,total,0.0117256,total0,0.0751263,false,0.00320002,over,0.0106937,false0,0.0245931,over0,0.0821841,overaggr,0.00819508,overcuckoo,0.00353052,over_uai,0.000745583,over_uai,0.00124348,over_utai,0.0138682,over_utai,0.0114214,over_ai,0.0109269,over_ai,0.012557,countIP,3.43247e+10,countIP0,3.64757e+10,keysum,3.39269e+10,pktSum,1.51106e+11,aggrSum,2.78033e+08,blackkey_num,698920289,feedback,30,feedsumportion,0.812795,finger0,11,finger,15,time,307830,runTime,857.793
line,14230004,total,0.0117129,total0,0.0751855,false,0.00318866,over,0.0106586,false0,0.0246328,over0,0.082339,overaggr,0.00818616,overcuckoo,0.0035267,over_uai,0.000663691,over_uai,0.00149676,over_utai,0.0138536,over_utai,0.0114102,over_ai,0.0109147,over_ai,0.0125435,countIP,3.43644e+10,countIP0,3.65204e+10,keysum,3.39666e+10,pktSum,1.51288e+11,aggrSum,2.78056e+08,blackkey_num,701682403,feedback,30,feedsumportion,0.812795,finger0,11,finger,15,time,307830,runTime,858.793
line,14246402,total,0.0116993,total0,0.0752415,false,0.00317741,over,0.0106214,false0,0.0246748,over0,0.0824827,overaggr,0.00817679,overcuckoo,0.00352253,over_uai,0.00054462,over_uai,0.00107893,over_utai,0.0138395,over_utai,0.0113961,over_ai,0.0109027,over_ai,0.0125274,countIP,3.44057e+10,countIP0,3.65667e+10,keysum,3.40079e+10,pktSum,1.51469e+11,aggrSum,2.78075e+08,blackkey_num,704424283,feedback,30,feedsumportion,0.812795,finger0,11,finger,15,time,307830,runTime,859.793
line,14263169,total,0.0117063,total0,0.0753137,false,0.0031838,over,0.0106462,false0,0.0247248,over0,0.0826763,overaggr,0.00816825,overcuckoo,0.00353803,over_uai,0.000618247,over_uai,0.0279138,over_utai,0.0138243,over_utai,0.0114146,over_ai,0.0108896,over_ai,0.0125636,countIP,3.44452e+10,countIP0,3.66108e+10,keysum,3.40466e+10,pktSum,1.5165e+11,aggrSum,2.78101e+08,blackkey_num,707691873,feedback,30,feedsumportion,0.812795,finger0,11,finger,15,time,307830,runTime,860.793
line,14279950,total,0.011712,total0,0.0753679,false,0.00318902,over,0.010667,false0,0.0247585,over0,0.0828149,overaggr,0.00816411,overcuckoo,0.00354785,over_uai,0.000493167,over_uai,0.0299374,over_utai,0.0138082,over_utai,0.0114327,over_ai,0.0108763,over_ai,0.0125977,countIP,3.44847e+10,countIP0,3.66544e+10,keysum,3.40855e+10,pktSum,1.5183e+11,aggrSum,2.78277e+08,blackkey_num,710495112,feedback,29,feedsumportion,0.580429,finger0,11,finger,15,time,309027,runTime,861.793
line,14296595,total,0.0117048,total0,0.0754366,false,0.00318317,over,0.0106491,false0,0.0248085,over0,0.0829958,overaggr,0.00815871,overcuckoo,0.0035461,over_uai,0.000363077,over_uai,0.0116765,over_utai,0.01379,over_utai,0.0114326,over_ai,0.0108615,over_ai,0.0126018,countIP,3.45246e+10,countIP0,3.66994e+10,keysum,3.41251e+10,pktSum,1.52009e+11,aggrSum,2.78417e+08,blackkey_num,713109356,feedback,29,feedsumportion,0.580429,finger0,11,finger,15,time,309027,runTime,862.793
line,14313675,total,0.011695,total0,0.0755167,false,0.0031747,over,0.0106232,false0,0.024867,over0,0.08321,overaggr,0.00815231,overcuckoo,0.00354266,over_uai,0.00068137,over_uai,0.00734708,over_utai,0.0137725,over_utai,0.0114286,over_ai,0.0108463,over_ai,0.0126,countIP,3.45647e+10,countIP0,3.67451e+10,keysum,3.41651e+10,pktSum,1.52191e+11,aggrSum,2.78525e+08,blackkey_num,716001863,feedback,29,feedsumportion,0.580429,finger0,11,finger,15,time,309027,runTime,863.793
line,14330663,total,0.0116832,total0,0.0755746,false,0.00316492,over,0.0105915,false0,0.0249085,over0,0.0833572,overaggr,0.0081439,overcuckoo,0.00353926,over_uai,0.000406571,over_uai,0.00402119,over_utai,0.0137541,over_utai,0.011422,over_ai,0.0108306,over_ai,0.0125945,countIP,3.46043e+10,countIP0,3.67897e+10,keysum,3.42047e+10,pktSum,1.52367e+11,aggrSum,2.7856e+08,blackkey_num,718538542,feedback,29,feedsumportion,0.580429,finger0,11,finger,15,time,309027,runTime,864.793
line,14347806,total,0.0116719,total0,0.0756296,false,0.00315555,over,0.0105615,false0,0.0249468,over0,0.0834957,overaggr,0.00813589,overcuckoo,0.00353602,over_uai,0.000493513,over_uai,0.00309313,over_utai,0.0137378,over_utai,0.0114137,over_ai,0.0108168,over_ai,0.0125873,countIP,3.46427e+10,countIP0,3.68328e+10,keysum,3.4243e+10,pktSum,1.52538e+11,aggrSum,2.78597e+08,blackkey_num,721384612,feedback,29,feedsumportion,0.580429,finger0,11,finger,15,time,309027,runTime,865.793
line,14364658,total,0.0116715,total0,0.0756854,false,0.00315461,over,0.0105636,false0,0.024977,over0,0.0836382,overaggr,0.00813901,overcuckoo,0.00353245,over_uai,0.000638381,over_uai,0.0195044,over_utai,0.0137233,over_utai,0.011421,over_ai,0.0108046,over_ai,0.0126041,countIP,3.46786e+10,countIP0,3.68729e+10,keysum,3.42785e+10,pktSum,1.52711e+11,aggrSum,2.78993e+08,blackkey_num,723586207,feedback,31,feedsumportion,0.906026,finger0,11,finger,15,time,308233,runTime,866.793
line,14381425,total,0.0116638,total0,0.0757676,false,0.00314898,over,0.0105448,false0,0.0250417,over0,0.0838554,overaggr,0.0081355,overcuckoo,0.00352834,over_uai,0.000317283,over_uai,0.00833105,over_utai,0.0137067,over_utai,0.0114172,over_ai,0.010792,over_ai,0.0126038,countIP,3.47191e+10,countIP0,3.69191e+10,keysum,3.43188e+10,pktSum,1.52887e+11,aggrSum,2.79201e+08,blackkey_num,725574104,feedback,31,feedsumportion,0.906026,finger0,11,finger,15,time,308233,runTime,867.793
line,14397985,total,0.0116504,total0,0.0758396,false,0.00313859,over,0.0105088,false0,0.0250997,over0,0.08404,overaggr,0.00812626,overcuckoo,0.00352413,over_uai,0.00052112,over_uai,0.00135819,over_utai,0.0136911,over_utai,0.0114039,over_ai,0.0107792,over_ai,0.0125891,countIP,3.4761e+10,countIP0,3.69666e+10,keysum,3.43607e+10,pktSum,1.53065e+11,aggrSum,2.79224e+08,blackkey_num,727745361,feedback,31,feedsumportion,0.906026,finger0,11,finger,15,time,308233,runTime,868.793
line,14414599,total,0.0116359,total0,0.0758938,false,0.00312859,over,0.0104703,false0,0.0251502,over0,0.0841686,overaggr,0.00811626,overcuckoo,0.00351962,over_uai,0.000476687,over_uai,0.0010867,over_utai,0.0136755,over_utai,0.0113886,over_ai,0.0107663,over_ai,0.0125718,countIP,3.48066e+10,countIP0,3.70174e+10,keysum,3.44062e+10,pktSum,1.53244e+11,aggrSum,2.7925e+08,blackkey_num,729850023,feedback,31,feedsumportion,0.906026,finger0,11,finger,15,time,308233,runTime,869.793
line,14431070,total,0.0116217,total0,0.075967,false,0.00311836,over,0.0104328,false0,0.0252132,over0,0.0843534,overaggr,0.00810656,overcuckoo,0.00351515,over_uai,0.000545795,over_uai,0.00112725,over_utai,0.0136597,over_utai,0.0113755,over_ai,0.0107532,over_ai,0.0125561,countIP,3.48511e+10,countIP0,3.70678e+10,keysum,3.44507e+10,pktSum,1.53425e+11,aggrSum,2.79277e+08,blackkey_num,732098184,feedback,31,feedsumportion,0.906026,finger0,11,finger,15,time,308233,runTime,870.793
line,14448143,total,0.0116092,total0,0.0760282,false,0.00310802,over,0.0104,false0,0.0252544,over0,0.0845058,overaggr,0.00809807,overcuckoo,0.00351118,over_uai,0.000668171,over_uai,0.00156945,over_utai,0.0136437,over_utai,0.0113655,over_ai,0.0107396,over_ai,0.0125454,countIP,3.48905e+10,countIP0,3.71123e+10,keysum,3.44901e+10,pktSum,1.53603e+11,aggrSum,2.79303e+08,blackkey_num,734359864,feedback,30,feedsumportion,0.928826,finger0,11,finger,15,time,307931,runTime,871.793
line,14464948,total,0.011597,total0,0.0760697,false,0.00309815,over,0.0103679,false0,0.0252803,over0,0.0845997,overaggr,0.00808969,overcuckoo,0.00350726,over_uai,0.000723746,over_uai,0.00191655,over_utai,0.0136274,over_utai,0.0113557,over_ai,0.0107258,over_ai,0.012535,countIP,3.49301e+10,countIP0,3.71563e+10,keysum,3.45297e+10,pktSum,1.53778e+11,aggrSum,2.79334e+08,blackkey_num,736854632,feedback,30,feedsumportion,0.928826,finger0,11,finger,15,time,307931,runTime,872.793
line,14481938,total,0.0115851,total0,0.076083,false,0.00308923,over,0.0103372,false0,0.0252851,over0,0.0846093,overaggr,0.00808176,overcuckoo,0.00350333,over_uai,0.000509116,over_uai,0.00255051,over_utai,0.013613,over_utai,0.0113443,over_ai,0.0107143,over_ai,0.0125222,countIP,3.49708e+10,countIP0,3.72005e+10,keysum,3.45703e+10,pktSum,1.53952e+11,aggrSum,2.79388e+08,blackkey_num,739664371,feedback,30,feedsumportion,0.928826,finger0,11,finger,15,time,307931,runTime,873.793
line,14498563,total,0.0115715,total0,0.0761286,false,0.00307931,over,0.010302,false0,0.0253206,over0,0.0847114,overaggr,0.00807248,overcuckoo,0.00349902,over_uai,0.000527034,over_uai,0.00167767,over_utai,0.0135972,over_utai,0.0113314,over_ai,0.0107021,over_ai,0.0125058,countIP,3.50144e+10,countIP0,3.7249e+10,keysum,3.46139e+10,pktSum,1.54134e+11,aggrSum,2.7942e+08,blackkey_num,742709515,feedback,30,feedsumportion,0.928826,finger0,11,finger,15,time,307931,runTime,874.793
line,14515260,total,0.0115584,total0,0.0761752,false,0.00306934,over,0.0102681,false0,0.0253536,over0,0.0848175,overaggr,0.00806348,overcuckoo,0.00349489,over_uai,0.000510068,over_uai,0.00168272,over_utai,0.0135792,over_utai,0.0113215,over_ai,0.0106881,over_ai,0.0124944,countIP,3.5056e+10,countIP0,3.72953e+10,keysum,3.46554e+10,pktSum,1.54312e+11,aggrSum,2.79443e+08,blackkey_num,745264732,feedback,30,feedsumportion,0.928826,finger0,11,finger,15,time,307931,runTime,875.793
line,14531867,total,0.0115461,total0,0.0762267,false,0.00305937,over,0.0102366,false0,0.0253856,over0,0.0849395,overaggr,0.00805502,overcuckoo,0.0034911,over_uai,0.000683405,over_uai,0.00160945,over_utai,0.0135633,over_utai,0.0113113,over_ai,0.0106761,over_ai,0.0124819,countIP,3.50951e+10,countIP0,3.73392e+10,keysum,3.46945e+10,pktSum,1.54489e+11,aggrSum,2.79465e+08,blackkey_num,748267018,feedback,30,feedsumportion,0.71119,finger0,11,finger,15,time,308266,runTime,876.793
line,14548524,total,0.0115332,total0,0.076262,false,0.00304956,over,0.0102036,false0,0.0254075,over0,0.0850119,overaggr,0.00804627,overcuckoo,0.00348697,over_uai,0.000806342,over_uai,0.00142092,over_utai,0.0135486,over_utai,0.0112991,over_ai,0.0106637,over_ai,0.012468,countIP,3.51366e+10,countIP0,3.7385e+10,keysum,3.4736e+10,pktSum,1.54669e+11,aggrSum,2.79495e+08,blackkey_num,751103846,feedback,30,feedsumportion,0.71119,finger0,11,finger,15,time,308266,runTime,877.793
line,14565581,total,0.0115214,total0,0.0763032,false,0.00303944,over,0.0101735,false0,0.0254255,over0,0.0851036,overaggr,0.00803814,overcuckoo,0.00348328,over_uai,0.000668934,over_uai,0.00135594,over_utai,0.0135344,over_utai,0.0112868,over_ai,0.0106527,over_ai,0.0124546,countIP,3.5175e+10,countIP0,3.74277e+10,keysum,3.47744e+10,pktSum,1.5485e+11,aggrSum,2.79521e+08,blackkey_num,754038849,feedback,30,feedsumportion,0.71119,finger0,11,finger,15,time,308266,runTime,878.793
line,14582373,total,0.0115088,total0,0.0763356,false,0.00302935,over,0.0101414,false0,0.0254409,over0,0.0851683,overaggr,0.00802941,overcuckoo,0.00347936,over_uai,0.000476492,over_uai,0.000927272,over_utai,0.0135199,over_utai,0.0112747,over_ai,0.0106408,over_ai,0.0124404,countIP,3.5215e+10,countIP0,3.74719e+10,keysum,3.48143e+10,pktSum,1.5503e+11,aggrSum,2.79539e+08,blackkey_num,756964083,feedback,30,feedsumportion,0.71119,finger0,11,finger,15,time,308266,runTime,879.793
line,14599043,total,0.0114948,total0,0.0763674,false,0.00301947,over,0.0101059,false0,0.0254644,over0,0.0852275,overaggr,0.00801976,overcuckoo,0.00347503,over_uai,0.000535385,over_uai,0.00125923,over_utai,0.013505,over_utai,0.0112619,over_ai,0.0106287,over_ai,0.0124234,countIP,3.52595e+10,countIP0,3.75209e+10,keysum,3.48588e+10,pktSum,1.55214e+11,aggrSum,2.79559e+08,blackkey_num,759542194,feedback,30,feedsumportion,0.71119,finger0,11,finger,15,time,308266,runTime,880.793
line,14615906,total,0.0114821,total0,0.0764045,false,0.00301005,over,0.0100742,false0,0.0254876,over0,0.0853039,overaggr,0.00801103,overcuckoo,0.00347109,over_uai,0.000538535,over_uai,0.001845,over_utai,0.0134887,over_utai,0.0112512,over_ai,0.0106162,over_ai,0.0124102,countIP,3.53016e+10,countIP0,3.75674e+10,keysum,3.49009e+10,pktSum,1.55397e+11,aggrSum,2.79592e+08,blackkey_num,762588736,feedback,34,feedsumportion,0.577479,finger0,11,finger,15,time,308288,runTime,881.793
line,14632711,total,0.0114692,total0,0.0764542,false,0.0030004,over,0.0100419,false0,0.0255213,over0,0.085416,overaggr,0.0080021,overcuckoo,0.00346708,over_uai,0.000690006,over_uai,0.00129002,over_utai,0.0134737,over_utai,0.0112394,over_ai,0.0106044,over_ai,0.0123953,countIP,3.53438e+10,countIP0,3.76146e+10,keysum,3.49431e+10,pktSum,1.5558e+11,aggrSum,2.79618e+08,blackkey_num,765356347,feedback,34,feedsumportion,0.577479,finger0,11,finger,15,time,308288,runTime,882.793
line,14649513,total,0.0114555,total0,0.0765182,false,0.0029905,over,0.0100076,false0,0.0255698,over0,0.0855678,overaggr,0.00799264,overcuckoo,0.00346281,over_uai,0.000905752,over_uai,0.00101427,over_utai,0.013459,over_utai,0.0112268,over_ai,0.0105921,over_ai,0.0123793,countIP,3.53874e+10,countIP0,3.76638e+10,keysum,3.49866e+10,pktSum,1.55764e+11,aggrSum,2.79636e+08,blackkey_num,768248494,feedback,34,feedsumportion,0.577479,finger0,11,finger,15,time,308288,runTime,883.793
line,14666213,total,0.0114449,total0,0.0765611,false,0.00298137,over,0.00998161,false0,0.0255865,over0,0.0856632,overaggr,0.00798565,overcuckoo,0.00345922,over_uai,0.000504291,over_uai,0.0027589,over_utai,0.0134437,over_utai,0.0112179,over_ai,0.0105795,over_ai,0.0123719,countIP,3.54246e+10,countIP0,3.77052e+10,keysum,3.50238e+10,pktSum,1.55945e+11,aggrSum,2.79688e+08,blackkey_num,771533366,feedback,34,feedsumportion,0.577479,finger0,11,finger,15,time,308288,runTime,884.793
line,14682982,total,0.0114334,total0,0.0765315,false,0.00297229,over,0.00995346,false0,0.0255466,over0,0.0855492,overaggr,0.007978,overcuckoo,0.00345538,over_uai,0.000500851,over_uai,0.00214211,over_utai,0.0134286,over_utai,0.0112079,over_ai,0.0105674,over_ai,0.0123612,countIP,3.54641e+10,countIP0,3.77467e+10,keysum,3.50632e+10,pktSum,1.56125e+11,aggrSum,2.79734e+08,blackkey_num,775954571,feedback,34,feedsumportion,0.577479,finger0,11,finger,15,time,308288,runTime,885.793
line,14699896,total,0.0114208,total0,0.076493,false,0.00296352,over,0.00992253,false0,0.0255086,over0,0.0854085,overaggr,0.00796916,overcuckoo,0.00345161,over_uai,0.000977888,over_uai,0.00166809,over_utai,0.0134142,over_utai,0.0111963,over_ai,0.0105554,over_ai,0.0123474,countIP,3.55064e+10,countIP0,3.77908e+10,keysum,3.51055e+10,pktSum,1.56303e+11,aggrSum,2.79761e+08,blackkey_num,779205744,feedback,30,feedsumportion,0.698139,finger0,11,finger,15,time,328586,runTime,886.793
line,14716535,total,0.0114082,total0,0.0764673,false,0.00295444,over,0.00989201,false0,0.0254779,over0,0.0853046,overaggr,0.00796035,overcuckoo,0.00344789,over_uai,0.0011196,over_uai,0.0018393,over_utai,0.0133994,over_utai,0.0111848,over_ai,0.0105427,over_ai,0.0123351,countIP,3.55487e+10,countIP0,3.78354e+10,keysum,3.51477e+10,pktSum,1.56486e+11,aggrSum,2.79788e+08,blackkey_num,782007210,feedback,30,feedsumportion,0.698139,finger0,11,finger,15,time,328586,runTime,887.793
line,14733502,total,0.0113981,total0,0.0764659,false,0.00294639,over,0.00986795,false0,0.0254611,over0,0.0852736,overaggr,0.00795259,overcuckoo,0.00344555,over_uai,0.00135239,over_uai,0.00309114,over_utai,0.0133866,over_utai,0.0111743,over_ai,0.0105317,over_ai,0.0123262,countIP,3.55868e+10,countIP0,3.78762e+10,keysum,3.51857e+10,pktSum,1.56663e+11,aggrSum,2.79817e+08,blackkey_num,784901290,feedback,30,feedsumportion,0.698139,finger0,11,finger,15,time,328586,runTime,888.793
line,14750246,total,0.0113869,total0,0.076449,false,0.00293751,over,0.0098408,false0,0.0254319,over0,0.0851982,overaggr,0.00794474,overcuckoo,0.00344214,over_uai,0.00484599,over_uai,0.00175023,over_utai,0.0133771,over_utai,0.0111614,over_ai,0.0105208,over_ai,0.012314,countIP,3.56256e+10,countIP0,3.79174e+10,keysum,3.52245e+10,pktSum,1.56843e+11,aggrSum,2.7985e+08,blackkey_num,787953726,feedback,30,feedsumportion,0.698139,finger0,11,finger,15,time,328586,runTime,889.793
line,14766775,total,0.0113756,total0,0.0764229,false,0.00292905,over,0.00981392,false0,0.0253978,over0,0.0850965,overaggr,0.00793713,overcuckoo,0.00343851,over_uai,0.00442127,over_uai,0.00223794,over_utai,0.013366,over_utai,0.0111478,over_ai,0.0105094,over_ai,0.0123029,countIP,3.56654e+10,countIP0,3.79593e+10,keysum,3.52643e+10,pktSum,1.57022e+11,aggrSum,2.79897e+08,blackkey_num,790985769,feedback,30,feedsumportion,0.698139,finger0,11,finger,15,time,328586,runTime,890.793
line,14783331,total,0.0113662,total0,0.0763997,false,0.00292245,over,0.00979239,false0,0.025368,over0,0.0850019,overaggr,0.00793162,overcuckoo,0.00343457,over_uai,0.000411832,over_uai,0.00549701,over_utai,0.0133494,over_utai,0.0111405,over_ai,0.0104962,over_ai,0.0122987,countIP,3.5707e+10,countIP0,3.8003e+10,keysum,3.53057e+10,pktSum,1.57205e+11,aggrSum,2.80031e+08,blackkey_num,793520092,feedback,32,feedsumportion,0.813156,finger0,11,finger,15,time,307831,runTime,891.793
line,14799973,total,0.011357,total0,0.076365,false,0.00291662,over,0.00977203,false0,0.0253321,over0,0.0848743,overaggr,0.00792482,overcuckoo,0.00343221,over_uai,0.000904077,over_uai,0.00591433,over_utai,0.0133332,over_utai,0.0111326,over_ai,0.010484,over_ai,0.0122941,countIP,3.57506e+10,countIP0,3.80486e+10,keysum,3.53492e+10,pktSum,1.57391e+11,aggrSum,2.80136e+08,blackkey_num,796403302,feedback,32,feedsumportion,0.813156,finger0,11,finger,15,time,307831,runTime,892.793
line,14816778,total,0.0113447,total0,0.0763533,false,0.0029078,over,0.0097426,false0,0.0253136,over0,0.0848134,overaggr,0.00791639,overcuckoo,0.00342831,over_uai,0.00040616,over_uai,0.001839,over_utai,0.0133155,over_utai,0.0111211,over_ai,0.0104705,over_ai,0.0122838,countIP,3.57922e+10,countIP0,3.80929e+10,keysum,3.53907e+10,pktSum,1.57572e+11,aggrSum,2.80167e+08,blackkey_num,799270983,feedback,32,feedsumportion,0.813156,finger0,11,finger,15,time,307831,runTime,893.793
line,14833389,total,0.0113791,total0,0.0763358,false,0.00293728,over,0.00984422,false0,0.0252838,over0,0.084738,overaggr,0.00793892,overcuckoo,0.00344021,over_uai,0.000374815,over_uai,0.0746272,over_utai,0.0132986,over_utai,0.0111825,over_ai,0.0104571,over_ai,0.0123888,countIP,3.58332e+10,countIP0,3.81346e+10,keysum,3.54301e+10,pktSum,1.57755e+11,aggrSum,2.81276e+08,blackkey_num,802139118,feedback,32,feedsumportion,0.813156,finger0,11,finger,15,time,307831,runTime,894.793
line,14850311,total,0.0113882,total0,0.0763141,false,0.00294734,over,0.00987496,false0,0.0252643,over0,0.0846474,overaggr,0.0079379,overcuckoo,0.00345027,over_uai,0.00064207,over_uai,0.0316574,over_utai,0.0132815,over_utai,0.0112039,over_ai,0.0104432,over_ai,0.0124317,countIP,3.5879e+10,countIP0,3.81822e+10,keysum,3.5475e+10,pktSum,1.57938e+11,aggrSum,2.81597e+08,blackkey_num,804977791,feedback,32,feedsumportion,0.813156,finger0,11,finger,15,time,307831,runTime,895.793
line,14855251,total,0.0113867,total0,0.0763137,false,0.00294628,over,0.00987147,false0,0.025263,over0,0.0846433,overaggr,0.00793688,overcuckoo,0.00344984,over_uai,0.000257172,over_uai,0.000745991,over_utai,0.0132797,over_utai,0.0112017,over_ai,0.0104417,over_ai,0.0124304,countIP,3.58837e+10,countIP0,3.81872e+10,keysum,3.54797e+10,pktSum,1.57958e+11,aggrSum,2.81598e+08,blackkey_num,805359975,feedback,32,feedsumportion,0.96987,finger0,11,finger,15,time,308185,runTime,895.904
line,14872350,total,0.0113732,total0,0.0762774,false,0.000283341,over,0.000848375,false0,0.0160022,over0,0.0479137,overaggr,0.00792744,overcuckoo,0.00344579,over_uai,0.00075195,over_uai,0.00143993,over_utai,0.0132623,over_utai,0.0111881,over_ai,0.0104279,over_ai,0.0124175,countIP,3.59292e+10,countIP0,3.82349e+10,keysum,3.55251e+10,pktSum,1.5814e+11,aggrSum,2.81623e+08,blackkey_num,3364316,feedback,1,feedsumportion,0.29162,finger0,11,finger,15,time,308544,runTime,896.904
line,14889495,total,0.0113609,total0,0.0762687,false,0.000225663,over,0.000714434,false0,0.0182284,over0,0.0577099,overaggr,0.00791896,overcuckoo,0.00344192,over_uai,0.000565902,over_uai,0.00116169,over_utai,0.0132468,over_utai,0.0111762,over_ai,0.0104154,over_ai,0.0124053,countIP,3.59698e+10,countIP0,3.82783e+10,keysum,3.55658e+10,pktSum,1.58317e+11,aggrSum,2.81644e+08,blackkey_num,6042505,feedback,1,feedsumportion,0.29162,finger0,11,finger,15,time,308544,runTime,897.904
line,14906353,total,0.0113486,total0,0.0762431,false,0.000248961,over,0.00080723,false0,0.0174864,over0,0.0566976,overaggr,0.00791062,overcuckoo,0.00343801,over_uai,0.000660108,over_uai,0.00176083,over_utai,0.0132319,over_utai,0.0111643,over_ai,0.0104037,over_ai,0.0123922,countIP,3.6012e+10,countIP0,3.83227e+10,keysum,3.56079e+10,pktSum,1.58502e+11,aggrSum,2.8168e+08,blackkey_num,8656013,feedback,1,feedsumportion,0.29162,finger0,11,finger,15,time,308544,runTime,898.904
line,14923300,total,0.0113332,total0,0.07622,false,0.000238457,over,0.000738524,false0,0.0186159,over0,0.057655,overaggr,0.00790001,overcuckoo,0.00343324,over_uai,0.00207056,over_uai,0.000856187,over_utai,0.0132178,over_utai,0.0111477,over_ai,0.0103911,over_ai,0.0123724,countIP,3.60629e+10,countIP0,3.83766e+10,keysum,3.56587e+10,pktSum,1.58692e+11,aggrSum,2.81704e+08,blackkey_num,11967940,feedback,1,feedsumportion,0.29162,finger0,11,finger,15,time,308544,runTime,899.904
line,14940152,total,0.0113259,total0,0.0762101,false,0.000546524,over,0.00169593,false0,0.0192738,over0,0.0598091,overaggr,0.00789687,overcuckoo,0.00342899,over_uai,0.000586452,over_uai,0.00833564,over_utai,0.0132022,over_utai,0.0111435,over_ai,0.0103786,over_ai,0.0123719,countIP,3.61083e+10,countIP0,3.84249e+10,keysum,3.57039e+10,pktSum,1.58878e+11,aggrSum,2.81949e+08,blackkey_num,14548607,feedback,1,feedsumportion,0.29162,finger0,11,finger,15,time,308544,runTime,900.904
line,14956847,total,0.011317,total0,0.0761886,false,0.000640384,over,0.00202281,false0,0.0188351,over0,0.0594952,overaggr,0.00789107,overcuckoo,0.00342598,over_uai,0.000788315,over_uai,0.0054549,over_utai,0.0131855,over_utai,0.0111362,over_ai,0.0103665,over_ai,0.0123681,countIP,3.61502e+10,countIP0,3.8469e+10,keysum,3.57456e+10,pktSum,1.59065e+11,aggrSum,2.82071e+08,blackkey_num,17118275,feedback,31,feedsumportion,0.845447,finger0,11,finger,15,time,309465,runTime,901.904
line,14974110,total,0.0113169,total0,0.0761959,false,0.00099375,over,0.00320048,false0,0.0194056,over0,0.0624978,overaggr,0.00788874,overcuckoo,0.00342817,over_uai,0.00754187,over_uai,0.0110971,over_utai,0.0131777,over_utai,0.0111358,over_ai,0.0103621,over_ai,0.0123746,countIP,3.61898e+10,countIP0,3.85115e+10,keysum,3.57848e+10,pktSum,1.59246e+11,aggrSum,2.82297e+08,blackkey_num,19931898,feedback,31,feedsumportion,0.845447,finger0,11,finger,15,time,309465,runTime,902.904
line,14990897,total,0.0113461,total0,0.0762332,false,0.00220436,over,0.00718844,false0,0.0208491,over0,0.0679893,overaggr,0.00788681,overcuckoo,0.00345931,over_uai,0.00748807,over_uai,0.0547298,over_utai,0.0131704,over_utai,0.0111819,over_ai,0.0103567,over_ai,0.0124549,countIP,3.62326e+10,countIP0,3.85572e+10,keysum,3.58261e+10,pktSum,1.59435e+11,aggrSum,2.82554e+08,blackkey_num,22825104,feedback,31,feedsumportion,0.845447,finger0,11,finger,15,time,309465,runTime,903.904
line,15007716,total,0.0113352,total0,0.0762367,false,0.00205215,over,0.00666156,false0,0.0213316,over0,0.0692452,overaggr,0.00787926,overcuckoo,0.00345596,over_uai,0.000837984,over_uai,0.00461293,over_utai,0.0131539,over_utai,0.0111746,over_ai,0.0103428,over_ai,0.012449,countIP,3.62772e+10,countIP0,3.86053e+10,keysum,3.58706e+10,pktSum,1.59619e+11,aggrSum,2.82634e+08,blackkey_num,25466616,feedback,31,feedsumportion,0.845447,finger0,11,finger,15,time,309465,runTime,904.904
line,15024464,total,0.0113248,total0,0.0762447,false,0.00188791,over,0.00621238,false0,0.0214384,over0,0.0705457,overaggr,0.00787165,overcuckoo,0.00345311,over_uai,0.00095038,over_uai,0.00271923,over_utai,0.0131396,over_utai,0.0111654,over_ai,0.010331,over_ai,0.0124407,countIP,3.63163e+10,countIP0,3.86476e+10,keysum,3.59096e+10,pktSum,1.59803e+11,aggrSum,2.82668e+08,blackkey_num,28752979,feedback,31,feedsumportion,0.845447,finger0,11,finger,15,time,309465,runTime,905.904
line,15041232,total,0.0113394,total0,0.0762649,false,0.00233256,over,0.00776366,false0,0.0218053,over0,0.0725765,overaggr,0.00788981,overcuckoo,0.00344959,over_uai,0.000871049,over_uai,0.0412496,over_utai,0.013124,over_utai,0.0111962,over_ai,0.0103178,over_ai,0.0124969,countIP,3.63568e+10,countIP0,3.86908e+10,keysum,3.59491e+10,pktSum,1.5999e+11,aggrSum,2.83632e+08,blackkey_num,31138243,feedback,28,feedsumportion,0.938305,finger0,11,finger,15,time,309871,runTime,906.904
line,15058319,total,0.0113487,total0,0.0762779,false,0.00257767,over,0.00868458,false0,0.0218952,over0,0.0737682,overaggr,0.00790261,overcuckoo,0.00344605,over_uai,0.00321778,over_uai,0.031378,over_utai,0.0131121,over_utai,0.011217,over_ai,0.0103055,over_ai,0.0125379,countIP,3.63949e+10,countIP0,3.87315e+10,keysum,3.59865e+10,pktSum,1.60173e+11,aggrSum,2.84388e+08,blackkey_num,33576531,feedback,28,feedsumportion,0.938305,finger0,11,finger,15,time,309871,runTime,907.904
line,15075199,total,0.0113535,total0,0.0762837,false,0.00270073,over,0.00919066,false0,0.0218411,over0,0.0743259,overaggr,0.00791107,overcuckoo,0.00344244,over_uai,0.00147803,over_uai,0.026053,over_utai,0.0130987,over_utai,0.0112318,over_ai,0.0102933,over_ai,0.0125685,countIP,3.64335e+10,countIP0,3.87726e+10,keysum,3.60245e+10,pktSum,1.60358e+11,aggrSum,2.84993e+08,blackkey_num,36058511,feedback,28,feedsumportion,0.938305,finger0,11,finger,15,time,309871,runTime,908.904
line,15091812,total,0.0113409,total0,0.0762608,false,0.00254839,over,0.00859364,false0,0.0216732,over0,0.0730862,overaggr,0.0079028,overcuckoo,0.00343808,over_uai,0.000428887,over_uai,0.00302939,over_utai,0.0130817,over_utai,0.0112214,over_ai,0.0102791,over_ai,0.0125586,countIP,3.64807e+10,countIP0,3.88225e+10,keysum,3.60716e+10,pktSum,1.60547e+11,aggrSum,2.85067e+08,blackkey_num,38738519,feedback,28,feedsumportion,0.938305,finger0,11,finger,15,time,309871,runTime,909.904
line,15108543,total,0.0113272,total0,0.0762476,false,0.00239179,over,0.00801404,false0,0.0216573,over0,0.072566,overaggr,0.00789336,overcuckoo,0.00343381,over_uai,0.000457244,over_uai,0.00165008,over_utai,0.0130644,over_utai,0.0112107,over_ai,0.0102648,over_ai,0.0125461,countIP,3.65265e+10,countIP0,3.88713e+10,keysum,3.61174e+10,pktSum,1.60733e+11,aggrSum,2.85088e+08,blackkey_num,41127649,feedback,28,feedsumportion,0.938305,finger0,11,finger,15,time,309871,runTime,910.904
line,15125293,total,0.0113147,total0,0.0763066,false,0.00226658,over,0.00756677,false0,0.0227454,over0,0.0759338,overaggr,0.00788492,overcuckoo,0.00342974,over_uai,0.000528954,over_uai,0.00215599,over_utai,0.0130486,over_utai,0.0111998,over_ai,0.0102517,over_ai,0.0125344,countIP,3.6571e+10,countIP0,3.89212e+10,keysum,3.61618e+10,pktSum,1.60918e+11,aggrSum,2.85133e+08,blackkey_num,43612252,feedback,27,feedsumportion,0.981742,finger0,11,finger,15,time,310007,runTime,911.904
line,15141679,total,0.0113042,total0,0.0763203,false,0.00215744,over,0.00725183,false0,0.0228009,over0,0.0766408,overaggr,0.00787824,overcuckoo,0.00342597,over_uai,0.000479967,over_uai,0.00314257,over_utai,0.0130335,over_utai,0.0111906,over_ai,0.0102395,over_ai,0.012527,countIP,3.66112e+10,countIP0,3.89649e+10,keysum,3.6202e+10,pktSum,1.61109e+11,aggrSum,2.85208e+08,blackkey_num,45959831,feedback,27,feedsumportion,0.981742,finger0,11,finger,15,time,310007,runTime,912.904
line,15157728,total,0.0112965,total0,0.0763395,false,0.00207578,over,0.00707097,false0,0.0227646,over0,0.0775455,overaggr,0.00787379,overcuckoo,0.00342272,over_uai,0.000428373,over_uai,0.00549789,over_utai,0.0130199,over_utai,0.0111845,over_ai,0.0102291,over_ai,0.0125232,countIP,3.66465e+10,countIP0,3.90035e+10,keysum,3.62371e+10,pktSum,1.61296e+11,aggrSum,2.85323e+08,blackkey_num,48358670,feedback,27,feedsumportion,0.981742,finger0,11,finger,15,time,310007,runTime,913.904
line,15173861,total,0.011288,total0,0.0763468,false,0.00199906,over,0.00688041,false0,0.0226114,over0,0.0778245,overaggr,0.00786866,overcuckoo,0.00341936,over_uai,0.00038176,over_uai,0.00504769,over_utai,0.0130062,over_utai,0.0111781,over_ai,0.0102183,over_ai,0.0125182,countIP,3.66836e+10,countIP0,3.90436e+10,keysum,3.62741e+10,pktSum,1.61487e+11,aggrSum,2.85429e+08,blackkey_num,50685376,feedback,27,feedsumportion,0.981742,finger0,11,finger,15,time,310007,runTime,914.904
line,15190506,total,0.0112772,total0,0.0763552,false,0.00192443,over,0.00662532,false0,0.0226898,over0,0.078115,overaggr,0.00786153,overcuckoo,0.00341569,over_uai,0.000457179,over_uai,0.00267036,over_utai,0.0129912,over_utai,0.0111677,over_ai,0.0102067,over_ai,0.0125087,countIP,3.67244e+10,countIP0,3.90877e+10,keysum,3.63148e+10,pktSum,1.61669e+11,aggrSum,2.8549e+08,blackkey_num,53350632,feedback,27,feedsumportion,0.981742,finger0,11,finger,15,time,310007,runTime,915.904
line,15207233,total,0.0112659,total0,0.0763619,false,0.00185004,over,0.00637072,false0,0.0227422,over0,0.0783139,overaggr,0.00785397,overcuckoo,0.00341198,over_uai,0.000644371,over_uai,0.00178629,over_utai,0.0129771,over_utai,0.0111568,over_ai,0.0101953,over_ai,0.0124972,countIP,3.67646e+10,countIP0,3.91311e+10,keysum,3.6355e+10,pktSum,1.61848e+11,aggrSum,2.85531e+08,blackkey_num,55468400,feedback,28,feedsumportion,0.876803,finger0,11,finger,15,time,304274,runTime,916.904
line,15223648,total,0.011254,total0,0.0764099,false,0.00178028,over,0.00612123,false0,0.0233051,over0,0.0801311,overaggr,0.00784583,overcuckoo,0.00340821,over_uai,0.000655502,over_uai,0.00169123,over_utai,0.0129613,over_utai,0.0111463,over_ai,0.0101828,over_ai,0.0124862,countIP,3.68064e+10,countIP0,3.91779e+10,keysum,3.63968e+10,pktSum,1.62029e+11,aggrSum,2.85563e+08,blackkey_num,57694147,feedback,28,feedsumportion,0.876803,finger0,11,finger,15,time,304274,runTime,917.904
line,15240418,total,0.0112442,total0,0.0764234,false,0.0017298,over,0.00595985,false0,0.0233607,over0,0.080487,overaggr,0.00783792,overcuckoo,0.00340625,over_uai,0.000463377,over_uai,0.00353077,over_utai,0.0129466,over_utai,0.011137,over_ai,0.0101711,over_ai,0.012479,countIP,3.68465e+10,countIP0,3.92214e+10,keysum,3.64368e+10,pktSum,1.62213e+11,aggrSum,2.85589e+08,blackkey_num,59939553,feedback,28,feedsumportion,0.876803,finger0,11,finger,15,time,304274,runTime,918.904
line,15257041,total,0.0112322,total0,0.0764176,false,0.00166753,over,0.00574065,false0,0.0232696,over0,0.080108,overaggr,0.00782973,overcuckoo,0.00340247,over_uai,0.0005568,over_uai,0.000946606,over_utai,0.0129322,over_utai,0.0111235,over_ai,0.0101595,over_ai,0.0124664,countIP,3.68877e+10,countIP0,3.92655e+10,keysum,3.6478e+10,pktSum,1.62394e+11,aggrSum,2.85613e+08,blackkey_num,62261238,feedback,28,feedsumportion,0.876803,finger0,11,finger,15,time,304274,runTime,919.904
line,15273574,total,0.0112194,total0,0.0764089,false,0.00161203,over,0.00552663,false0,0.0232318,over0,0.079647,overaggr,0.00782102,overcuckoo,0.00339842,over_uai,0.000599021,over_uai,0.00109171,over_utai,0.0129188,over_utai,0.0111097,over_ai,0.0101487,over_ai,0.0124498,countIP,3.6932e+10,countIP0,3.93128e+10,keysum,3.65222e+10,pktSum,1.62575e+11,aggrSum,2.85641e+08,blackkey_num,64581334,feedback,28,feedsumportion,0.876803,finger0,11,finger,15,time,304274,runTime,920.904
line,15290132,total,0.0112069,total0,0.0763956,false,0.00156296,over,0.00533304,false0,0.0231729,over0,0.0790692,overaggr,0.00781247,overcuckoo,0.00339439,over_uai,0.000534174,over_uai,0.00120331,over_utai,0.0129046,over_utai,0.0110963,over_ai,0.0101376,over_ai,0.0124345,countIP,3.69759e+10,countIP0,3.93596e+10,keysum,3.65661e+10,pktSum,1.62752e+11,aggrSum,2.85671e+08,blackkey_num,66537903,feedback,32,feedsumportion,0.612665,finger0,11,finger,15,time,305761,runTime,921.904
line,15306844,total,0.0111951,total0,0.0763995,false,0.00151962,over,0.00517068,false0,0.0232462,over0,0.0790976,overaggr,0.0078045,overcuckoo,0.00339061,over_uai,0.00170383,over_uai,0.00170519,over_utai,0.0128919,over_utai,0.0110854,over_ai,0.0101266,over_ai,0.0124214,countIP,3.70179e+10,countIP0,3.94049e+10,keysum,3.66081e+10,pktSum,1.62927e+11,aggrSum,2.85708e+08,blackkey_num,68716840,feedback,32,feedsumportion,0.612665,finger0,11,finger,15,time,305761,runTime,922.904
line,15323467,total,0.0111839,total0,0.0763801,false,0.00147572,over,0.00502317,false0,0.0230313,over0,0.0783954,overaggr,0.00779683,overcuckoo,0.00338703,over_uai,0.000594788,over_uai,0.00168154,over_utai,0.0128776,over_utai,0.0110762,over_ai,0.0101148,over_ai,0.012411,countIP,3.70579e+10,countIP0,3.94472e+10,keysum,3.6648e+10,pktSum,1.63104e+11,aggrSum,2.85738e+08,blackkey_num,70802706,feedback,32,feedsumportion,0.612665,finger0,11,finger,15,time,305761,runTime,923.904
line,15339925,total,0.0111745,total0,0.076437,false,0.0014498,over,0.00493795,false0,0.0235054,over0,0.0800581,overaggr,0.00778957,overcuckoo,0.0033849,over_uai,0.000476486,over_uai,0.00422888,over_utai,0.0128642,over_utai,0.0110691,over_ai,0.0101038,over_ai,0.0124039,countIP,3.70971e+10,countIP0,3.94914e+10,keysum,3.66871e+10,pktSum,1.63279e+11,aggrSum,2.85777e+08,blackkey_num,73191508,feedback,32,feedsumportion,0.612665,finger0,11,finger,15,time,305761,runTime,924.904
line,15356239,total,0.0111658,total0,0.0764203,false,0.00143198,over,0.00487836,false0,0.0233224,over0,0.0794533,overaggr,0.00778446,overcuckoo,0.00338139,over_uai,0.000605034,over_uai,0.00541772,over_utai,0.01285,over_utai,0.0110633,over_ai,0.0100923,over_ai,0.0123994,countIP,3.71361e+10,countIP0,3.95327e+10,keysum,3.6726e+10,pktSum,1.63451e+11,aggrSum,2.85892e+08,blackkey_num,75961203,feedback,32,feedsumportion,0.612665,finger0,11,finger,15,time,305761,runTime,925.904
line,15372940,total,0.0111554,total0,0.0764287,false,0.00139837,over,0.00476759,false0,0.0233487,over0,0.079605,overaggr,0.00777719,overcuckoo,0.00337824,over_uai,0.000464896,over_uai,0.00226102,over_utai,0.0128369,over_utai,0.0110547,over_ai,0.0100817,over_ai,0.0123893,countIP,3.71744e+10,countIP0,3.95742e+10,keysum,3.67643e+10,pktSum,1.63623e+11,aggrSum,2.85923e+08,blackkey_num,78720147,feedback,31,feedsumportion,0.795925,finger0,11,finger,15,time,306193,runTime,926.904
line,15389901,total,0.0111447,total0,0.0764393,false,0.00136668,over,0.00465803,false0,0.0234152,over0,0.0798054,overaggr,0.00776978,overcuckoo,0.00337491,over_uai,0.000522384,over_uai,0.00241849,over_utai,0.0128229,over_utai,0.0110459,over_ai,0.0100706,over_ai,0.0123791,countIP,3.72136e+10,countIP0,3.96167e+10,keysum,3.68035e+10,pktSum,1.63794e+11,aggrSum,2.85955e+08,blackkey_num,81371389,feedback,31,feedsumportion,0.795925,finger0,11,finger,15,time,306193,runTime,927.904
line,15406484,total,0.0111335,total0,0.0764467,false,0.00133291,over,0.00454286,false0,0.0234458,over0,0.0799087,overaggr,0.0077619,overcuckoo,0.00337161,over_uai,0.000611045,over_uai,0.00205783,over_utai,0.012809,over_utai,0.0110368,over_ai,0.0100596,over_ai,0.0123676,countIP,3.72529e+10,countIP0,3.96593e+10,keysum,3.68428e+10,pktSum,1.63967e+11,aggrSum,2.8597e+08,blackkey_num,84025256,feedback,31,feedsumportion,0.795925,finger0,11,finger,15,time,306193,runTime,928.904
line,15423035,total,0.0111228,total0,0.076448,false,0.00130356,over,0.00444773,false0,0.0234012,over0,0.0798444,overaggr,0.00775421,overcuckoo,0.00336859,over_uai,0.000600248,over_uai,0.00238716,over_utai,0.0127959,over_utai,0.0110272,over_ai,0.0100491,over_ai,0.0123561,countIP,3.72927e+10,countIP0,3.97021e+10,keysum,3.68825e+10,pktSum,1.64148e+11,aggrSum,2.85994e+08,blackkey_num,86631262,feedback,31,feedsumportion,0.795925,finger0,11,finger,15,time,306193,runTime,929.904
line,15439693,total,0.0111132,total0,0.0764521,false,0.00128196,over,0.00437959,false0,0.0233751,over0,0.0798573,overaggr,0.00774749,overcuckoo,0.0033657,over_uai,0.000690638,over_uai,0.00300437,over_utai,0.0127828,over_utai,0.0110188,over_ai,0.0100386,over_ai,0.012348,countIP,3.73312e+10,countIP0,3.97436e+10,keysum,3.69209e+10,pktSum,1.64323e+11,aggrSum,2.86044e+08,blackkey_num,89353549,feedback,31,feedsumportion,0.795925,finger0,11,finger,15,time,306193,runTime,930.904
line,15456279,total,0.011102,total0,0.0765051,false,0.00124943,over,0.00427634,false0,0.0236928,over0,0.0810917,overaggr,0.00773974,overcuckoo,0.00336226,over_uai,0.00054165,over_uai,0.00111651,over_utai,0.012769,over_utai,0.0110091,over_ai,0.0100273,over_ai,0.0123369,countIP,3.737e+10,countIP0,3.97872e+10,keysum,3.69596e+10,pktSum,1.64504e+11,aggrSum,2.86058e+08,blackkey_num,91716642,feedback,29,feedsumportion,0.765654,finger0,11,finger,15,time,306887,runTime,931.904
line,15472973,total,0.0110911,total0,0.0764981,false,0.00122367,over,0.00418703,false0,0.0236148,over0,0.0808026,overaggr,0.00773224,overcuckoo,0.00335886,over_uai,0.000442514,over_uai,0.00194056,over_utai,0.0127543,over_utai,0.011001,over_ai,0.0100155,over_ai,0.0123277,countIP,3.74092e+10,countIP0,3.98292e+10,keysum,3.69988e+10,pktSum,1.64676e+11,aggrSum,2.86084e+08,blackkey_num,94008487,feedback,29,feedsumportion,0.765654,finger0,11,finger,15,time,306887,runTime,932.904
line,15489845,total,0.0110815,total0,0.0765006,false,0.00120144,over,0.00411822,false0,0.023562,over0,0.0807643,overaggr,0.00772561,overcuckoo,0.00335588,over_uai,0.000716327,over_uai,0.00241565,over_utai,0.0127408,over_utai,0.0109935,over_ai,0.0100046,over_ai,0.0123201,countIP,3.74453e+10,countIP0,3.98681e+10,keysum,3.70349e+10,pktSum,1.64845e+11,aggrSum,2.86117e+08,blackkey_num,96109556,feedback,29,feedsumportion,0.765654,finger0,11,finger,15,time,306887,runTime,933.904
line,15506260,total,0.0110726,total0,0.0765153,false,0.00117829,over,0.00405791,false0,0.0235248,over0,0.0810173,overaggr,0.00771971,overcuckoo,0.00335291,over_uai,0.000532955,over_uai,0.00249917,over_utai,0.0127283,over_utai,0.0109867,over_ai,0.00999425,over_ai,0.0123136,countIP,3.74788e+10,countIP0,3.99047e+10,keysum,3.70684e+10,pktSum,1.65018e+11,aggrSum,2.86157e+08,blackkey_num,98390349,feedback,29,feedsumportion,0.765654,finger0,11,finger,15,time,306887,runTime,934.904
line,15523005,total,0.011062,total0,0.0765178,false,0.00115461,over,0.00398018,false0,0.0234877,over0,0.0809671,overaggr,0.00771236,overcuckoo,0.00334962,over_uai,0.000886213,over_uai,0.0015651,over_utai,0.0127148,over_utai,0.0109785,over_ai,0.00998285,over_ai,0.0123045,countIP,3.75171e+10,countIP0,3.99459e+10,keysum,3.71066e+10,pktSum,1.65194e+11,aggrSum,2.8618e+08,blackkey_num,100440047,feedback,29,feedsumportion,0.765654,finger0,11,finger,15,time,306887,runTime,935.904
line,15539735,total,0.0110536,total0,0.0765649,false,0.00113783,over,0.00393724,false0,0.023677,over0,0.0819296,overaggr,0.00770629,overcuckoo,0.0033473,over_uai,0.000692142,over_uai,0.00345815,over_utai,0.0127017,over_utai,0.0109721,over_ai,0.00997264,over_ai,0.0122989,countIP,3.75511e+10,countIP0,3.99842e+10,keysum,3.71406e+10,pktSum,1.65367e+11,aggrSum,2.86216e+08,blackkey_num,102611470,feedback,32,feedsumportion,0.620775,finger0,11,finger,15,time,306729,runTime,936.904
line,15556447,total,0.0110446,total0,0.0765988,false,0.00112174,over,0.00389088,false0,0.0238019,over0,0.0825597,overaggr,0.00769988,overcuckoo,0.00334475,over_uai,0.000473591,over_uai,0.00351738,over_utai,0.0126876,over_utai,0.0109659,over_ai,0.00996153,over_ai,0.0122934,countIP,3.75869e+10,countIP0,4.00239e+10,keysum,3.71763e+10,pktSum,1.6554e+11,aggrSum,2.86253e+08,blackkey_num,104572004,feedback,32,feedsumportion,0.620775,finger0,11,finger,15,time,306729,runTime,937.904
line,15573084,total,0.0110356,total0,0.076645,false,0.00110487,over,0.00384311,false0,0.0239858,over0,0.0834306,overaggr,0.00769337,overcuckoo,0.00334219,over_uai,0.00054909,over_uai,0.00317856,over_utai,0.0126734,over_utai,0.0109591,over_ai,0.00995076,over_ai,0.012287,countIP,3.76226e+10,countIP0,4.0064e+10,keysum,3.72119e+10,pktSum,1.65716e+11,aggrSum,2.86285e+08,blackkey_num,106938477,feedback,32,feedsumportion,0.620775,finger0,11,finger,15,time,306729,runTime,938.904
line,15589766,total,0.0110247,total0,0.0766235,false,0.00109255,over,0.00379054,false0,0.0238697,over0,0.0828147,overaggr,0.00768584,overcuckoo,0.00333888,over_uai,0.000662475,over_uai,0.00289991,over_utai,0.0126599,over_utai,0.0109499,over_ai,0.00993966,over_ai,0.012276,countIP,3.76658e+10,countIP0,4.01097e+10,keysum,3.72551e+10,pktSum,1.65893e+11,aggrSum,2.86336e+08,blackkey_num,108906191,feedback,32,feedsumportion,0.620775,finger0,11,finger,15,time,306729,runTime,939.904
line,15606514,total,0.0110141,total0,0.0766068,false,0.00107942,over,0.00373658,false0,0.0237836,over0,0.0823306,overaggr,0.00767822,overcuckoo,0.00333591,over_uai,0.000561561,over_uai,0.00295676,over_utai,0.0126459,over_utai,0.0109418,over_ai,0.00992829,over_ai,0.0122664,countIP,3.77069e+10,countIP0,4.01532e+10,keysum,3.72961e+10,pktSum,1.66063e+11,aggrSum,2.86368e+08,blackkey_num,111031533,feedback,32,feedsumportion,0.620775,finger0,11,finger,15,time,306729,runTime,940.904
line,15623483,total,0.0110028,total0,0.0765899,false,0.00106048,over,0.00366703,false0,0.0236754,over0,0.081867,overaggr,0.00767044,overcuckoo,0.00333236,over_uai,0.000606126,over_uai,0.00113748,over_utai,0.0126318,over_utai,0.0109325,over_ai,0.00991695,over_ai,0.0122551,countIP,3.77473e+10,countIP0,4.01961e+10,keysum,3.73365e+10,pktSum,1.66236e+11,aggrSum,2.86388e+08,blackkey_num,113455887,feedback,33,feedsumportion,0.80013,finger0,11,finger,15,time,306501,runTime,941.904
line,15640411,total,0.0109932,total0,0.076584,false,0.00104527,over,0.00362139,false0,0.0235668,over0,0.0816483,overaggr,0.007664,overcuckoo,0.00332924,over_uai,0.000545235,over_uai,0.00246874,over_utai,0.0126176,over_utai,0.010925,over_ai,0.00990579,over_ai,0.0122485,countIP,3.77843e+10,countIP0,4.02356e+10,keysum,3.73734e+10,pktSum,1.66413e+11,aggrSum,2.8643e+08,blackkey_num,115830078,feedback,33,feedsumportion,0.80013,finger0,11,finger,15,time,306501,runTime,942.904
line,15657048,total,0.0109837,total0,0.0765718,false,0.00102847,over,0.00357245,false0,0.0234103,over0,0.0813168,overaggr,0.00765743,overcuckoo,0.00332626,over_uai,0.000461226,over_uai,0.00229641,over_utai,0.0126036,over_utai,0.0109179,over_ai,0.00989537,over_ai,0.0122403,countIP,3.782e+10,countIP0,4.02736e+10,keysum,3.74091e+10,pktSum,1.6659e+11,aggrSum,2.86457e+08,blackkey_num,117857105,feedback,33,feedsumportion,0.80013,finger0,11,finger,15,time,306501,runTime,943.904
line,15673493,total,0.0109723,total0,0.0765497,false,0.00101237,over,0.00351458,false0,0.0232734,over0,0.0807965,overaggr,0.00764964,overcuckoo,0.00332269,over_uai,0.00130882,over_uai,0.00186949,over_utai,0.0125904,over_utai,0.0109086,over_ai,0.00988417,over_ai,0.0122285,countIP,3.7862e+10,countIP0,4.03179e+10,keysum,3.74511e+10,pktSum,1.66774e+11,aggrSum,2.86487e+08,blackkey_num,120248611,feedback,33,feedsumportion,0.80013,finger0,11,finger,15,time,306501,runTime,944.904
line,15690036,total,0.0109607,total0,0.0765411,false,0.000995734,over,0.00345485,false0,0.023215,over0,0.0805481,overaggr,0.00764171,overcuckoo,0.00331904,over_uai,0.00230877,over_uai,0.00122463,over_utai,0.0125793,over_utai,0.0108976,over_ai,0.00987364,over_ai,0.0122151,countIP,3.79042e+10,countIP0,4.0363e+10,keysum,3.74932e+10,pktSum,1.66958e+11,aggrSum,2.86512e+08,blackkey_num,122276025,feedback,33,feedsumportion,0.80013,finger0,11,finger,15,time,306501,runTime,945.904
line,15706430,total,0.0109482,total0,0.0765409,false,0.000982571,over,0.00339715,false0,0.0232698,over0,0.0804532,overaggr,0.00763299,overcuckoo,0.00331519,over_uai,0.000644161,over_uai,0.0014151,over_utai,0.0125669,over_utai,0.0108856,over_ai,0.00986375,over_ai,0.0121981,countIP,3.79512e+10,countIP0,4.04136e+10,keysum,3.75402e+10,pktSum,1.67143e+11,aggrSum,2.86544e+08,blackkey_num,124675485,feedback,32,feedsumportion,0.645766,finger0,11,finger,15,time,306455,runTime,946.904
line,15723022,total,0.0109351,total0,0.0765039,false,0.000969607,over,0.00333681,false0,0.0231599,over0,0.0797028,overaggr,0.00762408,overcuckoo,0.00331099,over_uai,0.000440495,over_uai,0.00125046,over_utai,0.0125536,over_utai,0.010873,over_ai,0.00985314,over_ai,0.0121804,countIP,3.79997e+10,countIP0,4.04643e+10,keysum,3.75886e+10,pktSum,1.67325e+11,aggrSum,2.86579e+08,blackkey_num,126830728,feedback,32,feedsumportion,0.645766,finger0,11,finger,15,time,306455,runTime,947.904
line,15739281,total,0.0109226,total0,0.0764668,false,0.000959547,over,0.00328846,false0,0.0230472,over0,0.0789849,overaggr,0.00761555,overcuckoo,0.00330707,over_uai,0.000722206,over_uai,0.00164323,over_utai,0.0125415,over_utai,0.01086,over_ai,0.00984369,over_ai,0.012162,countIP,3.80477e+10,countIP0,4.05145e+10,keysum,3.76366e+10,pktSum,1.67507e+11,aggrSum,2.86623e+08,blackkey_num,128997778,feedback,32,feedsumportion,0.645766,finger0,11,finger,15,time,306455,runTime,948.904
line,15755726,total,0.0109126,total0,0.076422,false,0.000963855,over,0.00328777,false0,0.0229144,over0,0.0781625,overaggr,0.0076087,overcuckoo,0.00330392,over_uai,0.00196871,over_uai,0.00452596,over_utai,0.0125305,over_utai,0.0108503,over_ai,0.00983341,over_ai,0.0121515,countIP,3.8097e+10,countIP0,4.05657e+10,keysum,3.76857e+10,pktSum,1.67689e+11,aggrSum,2.86739e+08,blackkey_num,131147988,feedback,32,feedsumportion,0.645766,finger0,11,finger,15,time,306455,runTime,949.904
line,15772099,total,0.0109055,total0,0.0763936,false,0.00097626,over,0.00332283,false0,0.0228146,over0,0.0776522,overaggr,0.00760539,overcuckoo,0.00330006,over_uai,0.00559187,over_uai,0.00769668,over_utai,0.0125236,over_utai,0.0108461,over_ai,0.00982373,over_ai,0.0121473,countIP,3.8143e+10,countIP0,4.0614e+10,keysum,3.77315e+10,pktSum,1.67875e+11,aggrSum,2.86963e+08,blackkey_num,133269087,feedback,32,feedsumportion,0.645766,finger0,11,finger,15,time,306455,runTime,950.904
line,15788640,total,0.0108936,total0,0.0763484,false,0.000963849,over,0.00327469,false0,0.0226293,over0,0.0768836,overaggr,0.00759729,overcuckoo,0.00329632,over_uai,0.00304484,over_uai,0.0013932,over_utai,0.0125136,over_utai,0.0108342,over_ai,0.00981403,over_ai,0.0121311,countIP,3.81875e+10,countIP0,4.06601e+10,keysum,3.7776e+10,pktSum,1.68057e+11,aggrSum,2.86995e+08,blackkey_num,135458816,feedback,30,feedsumportion,0.87655,finger0,11,finger,15,time,306294,runTime,951.904
line,15805189,total,0.0108808,total0,0.0763133,false,0.000950808,over,0.00322072,false0,0.022527,over0,0.076307,overaggr,0.00758856,overcuckoo,0.00329227,over_uai,0.00177532,over_uai,0.00103985,over_utai,0.0125028,over_utai,0.0108215,over_ai,0.00980431,over_ai,0.0121126,countIP,3.82344e+10,countIP0,4.07092e+10,keysum,3.78228e+10,pktSum,1.68239e+11,aggrSum,2.87021e+08,blackkey_num,137546438,feedback,30,feedsumportion,0.87655,finger0,11,finger,15,time,306294,runTime,952.904
line,15821685,total,0.0108679,total0,0.0762751,false,0.000937717,over,0.00316598,false0,0.0224218,over0,0.075702,overaggr,0.00757962,overcuckoo,0.00328824,over_uai,0.000843853,over_uai,0.000858741,over_utai,0.0124907,over_utai,0.0108087,over_ai,0.00979432,over_ai,0.0120945,countIP,3.82814e+10,countIP0,4.07583e+10,keysum,3.78698e+10,pktSum,1.68418e+11,aggrSum,2.87039e+08,blackkey_num,139809188,feedback,30,feedsumportion,0.87655,finger0,11,finger,15,time,306294,runTime,953.904
line,15838284,total,0.0108554,total0,0.0762348,false,0.000927937,over,0.00312116,false0,0.0223234,over0,0.075086,overaggr,0.0075712,overcuckoo,0.00328418,over_uai,0.00106007,over_uai,0.00144948,over_utai,0.0124783,over_utai,0.0107972,over_ai,0.00978388,over_ai,0.0120783,countIP,3.83287e+10,countIP0,4.08077e+10,keysum,3.79171e+10,pktSum,1.68594e+11,aggrSum,2.87078e+08,blackkey_num,141988646,feedback,30,feedsumportion,0.87655,finger0,11,finger,15,time,306294,runTime,954.904
line,15854982,total,0.0108468,total0,0.0762283,false,0.000918285,over,0.00309717,false0,0.0222376,over0,0.0750024,overaggr,0.00756559,overcuckoo,0.00328125,over_uai,0.000632003,over_uai,0.00237348,over_utai,0.0124666,over_utai,0.0107894,over_ai,0.00977504,over_ai,0.0120699,countIP,3.8363e+10,countIP0,4.08443e+10,keysum,3.79513e+10,pktSum,1.68766e+11,aggrSum,2.87124e+08,blackkey_num,144269507,feedback,30,feedsumportion,0.87655,finger0,11,finger,15,time,306294,runTime,955.904
line,15871488,total,0.0108367,total0,0.076225,false,0.000907445,over,0.00306472,false0,0.0221986,over0,0.0749717,overaggr,0.00755878,overcuckoo,0.0032779,over_uai,0.00043867,over_uai,0.00228762,over_utai,0.0124518,over_utai,0.0107812,over_ai,0.00976293,over_ai,0.012063,countIP,3.84024e+10,countIP0,4.08865e+10,keysum,3.79907e+10,pktSum,1.6895e+11,aggrSum,2.87163e+08,blackkey_num,146520106,feedback,33,feedsumportion,0.617873,finger0,11,finger,15,time,301844,runTime,956.904
line,15888393,total,0.0108278,total0,0.0762072,false,0.000898854,over,0.00304034,false0,0.0220912,over0,0.0747226,overaggr,0.00755277,overcuckoo,0.00327501,over_uai,0.000513727,over_uai,0.00310132,over_utai,0.0124391,over_utai,0.0107751,over_ai,0.00975236,over_ai,0.012057,countIP,3.84379e+10,countIP0,4.09241e+10,keysum,3.80262e+10,pktSum,1.69118e+11,aggrSum,2.87203e+08,blackkey_num,149345618,feedback,33,feedsumportion,0.617873,finger0,11,finger,15,time,301844,runTime,957.904
line,15905463,total,0.010818,total0,0.0761922,false,0.000888567,over,0.00300881,false0,0.0220083,over0,0.0745234,overaggr,0.00754615,overcuckoo,0.00327183,over_uai,0.000466272,over_uai,0.00226689,over_utai,0.0124256,over_utai,0.0107679,over_ai,0.00974133,over_ai,0.0120495,countIP,3.84754e+10,countIP0,4.09638e+10,keysum,3.80637e+10,pktSum,1.69292e+11,aggrSum,2.87234e+08,blackkey_num,151720130,feedback,33,feedsumportion,0.617873,finger0,11,finger,15,time,301844,runTime,958.904
line,15922616,total,0.0108086,total0,0.0761795,false,0.000878016,over,0.00297844,false0,0.0219209,over0,0.074361,overaggr,0.00753967,overcuckoo,0.00326889,over_uai,0.000520724,over_uai,0.0021501,over_utai,0.0124122,over_utai,0.0107606,over_ai,0.00973103,over_ai,0.0120414,countIP,3.85112e+10,countIP0,4.10018e+10,keysum,3.80994e+10,pktSum,1.69465e+11,aggrSum,2.87257e+08,blackkey_num,153895542,feedback,33,feedsumportion,0.617873,finger0,11,finger,15,time,301844,runTime,959.904
line,15939213,total,0.0108003,total0,0.0761593,false,0.000876794,over,0.00297765,false0,0.0218189,over0,0.0740984,overaggr,0.00753479,overcuckoo,0.00326554,over_uai,0.000487064,over_uai,0.00586144,over_utai,0.0123982,over_utai,0.0107561,over_ai,0.00971978,over_ai,0.0120378,countIP,3.85511e+10,countIP0,4.10439e+10,keysum,3.81392e+10,pktSum,1.6965e+11,aggrSum,2.87371e+08,blackkey_num,155831310,feedback,33,feedsumportion,0.617873,finger0,11,finger,15,time,301844,runTime,960.904
line,15955928,total,0.0107932,total0,0.0761462,false,0.00087213,over,0.00297174,false0,0.0216992,over0,0.073939,overaggr,0.00753004,overcuckoo,0.00326312,over_uai,0.00375385,over_uai,0.00517396,over_utai,0.01239,over_utai,0.0107514,over_ai,0.00971081,over_ai,0.0120333,countIP,3.85842e+10,countIP0,4.10788e+10,keysum,3.81722e+10,pktSum,1.69825e+11,aggrSum,2.87438e+08,blackkey_num,158058617,feedback,32,feedsumportion,0.755573,finger0,11,finger,15,time,301260,runTime,961.904
line,15973187,total,0.0107866,total0,0.0761415,false,0.000869291,over,0.0029728,false0,0.0216092,over0,0.073899,overaggr,0.00752416,overcuckoo,0.0032624,over_uai,0.00350485,over_uai,0.0053958,over_utai,0.0123811,over_utai,0.0107468,over_ai,0.00970152,over_ai,0.0120309,countIP,3.86169e+10,countIP0,4.11137e+10,keysum,3.82048e+10,pktSum,1.70003e+11,aggrSum,2.87459e+08,blackkey_num,160163474,feedback,32,feedsumportion,0.755573,finger0,11,finger,15,time,301260,runTime,962.904
line,15990379,total,0.0107821,total0,0.0761348,false,0.00087782,over,0.003009,false0,0.0215399,over0,0.0738347,overaggr,0.00751973,overcuckoo,0.00326232,over_uai,0.00195652,over_uai,0.0109969,over_utai,0.0123701,over_utai,0.0107467,over_ai,0.00969193,over_ai,0.012034,countIP,3.86519e+10,countIP0,4.1151e+10,keysum,3.82396e+10,pktSum,1.70179e+11,aggrSum,2.87552e+08,blackkey_num,162151984,feedback,32,feedsumportion,0.755573,finger0,11,finger,15,time,301260,runTime,963.904
line,16007902,total,0.0107745,total0,0.0761259,false,0.000873556,over,0.00300057,false0,0.0214681,over0,0.0737406,overaggr,0.00751466,overcuckoo,0.00325979,over_uai,0.00116264,over_uai,0.00384353,over_utai,0.0123578,over_utai,0.0107405,over_ai,0.00968284,over_ai,0.0120287,countIP,3.86864e+10,countIP0,4.11877e+10,keysum,3.8274e+10,pktSum,1.70351e+11,aggrSum,2.87616e+08,blackkey_num,164251069,feedback,32,feedsumportion,0.755573,finger0,11,finger,15,time,301260,runTime,964.904
line,16024839,total,0.0107669,total0,0.0761168,false,0.000866778,over,0.00298672,false0,0.0213726,over0,0.0736452,overaggr,0.00750951,overcuckoo,0.00325737,over_uai,0.00124424,over_uai,0.00325235,over_utai,0.0123465,over_utai,0.0107342,over_ai,0.00967358,over_ai,0.0120237,countIP,3.87187e+10,countIP0,4.1222e+10,keysum,3.83063e+10,pktSum,1.70525e+11,aggrSum,2.87661e+08,blackkey_num,166374269,feedback,32,feedsumportion,0.755573,finger0,11,finger,15,time,301260,runTime,965.904
line,16042046,total,0.0107594,total0,0.076104,false,0.000865489,over,0.00298726,false0,0.0212965,over0,0.0735054,overaggr,0.0075045,overcuckoo,0.00325492,over_uai,0.0025123,over_uai,0.00539686,over_utai,0.0123355,over_utai,0.0107295,over_ai,0.00966361,over_ai,0.01202,countIP,3.87558e+10,countIP0,4.12613e+10,keysum,3.83433e+10,pktSum,1.70706e+11,aggrSum,2.87747e+08,blackkey_num,168581911,feedback,31,feedsumportion,0.843768,finger0,11,finger,15,time,303371,runTime,966.904
line,16059261,total,0.0107514,total0,0.0760889,false,0.000864462,over,0.00298567,false0,0.0212348,over0,0.0733405,overaggr,0.00749908,overcuckoo,0.00325228,over_uai,0.00587927,over_uai,0.00462077,over_utai,0.0123287,over_utai,0.0107229,over_ai,0.00965401,over_ai,0.0120139,countIP,3.87951e+10,countIP0,4.1303e+10,keysum,3.83825e+10,pktSum,1.70887e+11,aggrSum,2.87833e+08,blackkey_num,171973081,feedback,31,feedsumportion,0.843768,finger0,11,finger,15,time,303371,runTime,967.904
line,16076868,total,0.0107444,total0,0.0760792,false,0.00086633,over,0.00299406,false0,0.0211948,over0,0.0732498,overaggr,0.0074946,overcuckoo,0.00324977,over_uai,0.0069733,over_uai,0.00600783,over_utai,0.0123229,over_utai,0.0107182,over_ai,0.00964462,over_ai,0.0120102,countIP,3.8833e+10,countIP0,4.13432e+10,keysum,3.84202e+10,pktSum,1.71062e+11,aggrSum,2.87944e+08,blackkey_num,175001071,feedback,31,feedsumportion,0.843768,finger0,11,finger,15,time,303371,runTime,968.904
line,16094053,total,0.0107353,total0,0.0760533,false,0.000867335,over,0.00299207,false0,0.0211488,over0,0.0729576,overaggr,0.00748874,overcuckoo,0.00324661,over_uai,0.00737426,over_uai,0.00445753,over_utai,0.0123176,over_utai,0.0107107,over_ai,0.00963467,over_ai,0.0120024,countIP,3.88772e+10,countIP0,4.13896e+10,keysum,3.84643e+10,pktSum,1.71239e+11,aggrSum,2.88049e+08,blackkey_num,177015182,feedback,31,feedsumportion,0.843768,finger0,11,finger,15,time,303371,runTime,969.904
line,16111116,total,0.0107264,total0,0.0760381,false,0.000866953,over,0.00298776,false0,0.0211264,over0,0.0728075,overaggr,0.00748279,overcuckoo,0.00324363,over_uai,0.00603733,over_uai,0.00451337,over_utai,0.0123109,over_utai,0.0107037,over_ai,0.00962481,over_ai,0.0119943,countIP,3.892e+10,countIP0,4.1435e+10,keysum,3.8507e+10,pktSum,1.71419e+11,aggrSum,2.8814e+08,blackkey_num,179177783,feedback,31,feedsumportion,0.843768,finger0,11,finger,15,time,303371,runTime,970.904
line,16127977,total,0.0107165,total0,0.0760264,false,0.000858405,over,0.00296097,false0,0.0210767,over0,0.0727016,overaggr,0.00747602,overcuckoo,0.00324046,over_uai,0.00696031,over_uai,0.00154031,over_utai,0.0123053,over_utai,0.0106944,over_ai,0.00961559,over_ai,0.011983,countIP,3.89589e+10,countIP0,4.14763e+10,keysum,3.85458e+10,pktSum,1.71601e+11,aggrSum,2.88169e+08,blackkey_num,181402182,feedback,31,feedsumportion,0.896288,finger0,11,finger,15,time,303390,runTime,971.904
line,16144527,total,0.0107074,total0,0.0760339,false,0.000849933,over,0.00293775,false0,0.0210717,over0,0.072833,overaggr,0.00746974,overcuckoo,0.00323763,over_uai,0.00699248,over_uai,0.00194316,over_utai,0.0122997,over_utai,0.0106867,over_ai,0.00960645,over_ai,0.0119737,countIP,3.8995e+10,countIP0,4.15154e+10,keysum,3.85819e+10,pktSum,1.71783e+11,aggrSum,2.88197e+08,blackkey_num,183416233,feedback,31,feedsumportion,0.896288,finger0,11,finger,15,time,303390,runTime,972.904
line,16160942,total,0.0106969,total0,0.0760218,false,0.000841918,over,0.00290958,false0,0.0210439,over0,0.0727255,overaggr,0.00746253,overcuckoo,0.0032344,over_uai,0.000487221,over_uai,0.00145895,over_utai,0.0122875,over_utai,0.0106774,over_ai,0.00959676,over_ai,0.0119619,countIP,3.90355e+10,countIP0,4.15585e+10,keysum,3.86224e+10,pktSum,1.71962e+11,aggrSum,2.88221e+08,blackkey_num,185613165,feedback,31,feedsumportion,0.896288,finger0,11,finger,15,time,303390,runTime,973.904
line,16177544,total,0.0106978,total0,0.0760359,false,0.000867979,over,0.00300606,false0,0.0210591,over0,0.0729337,overaggr,0.00746616,overcuckoo,0.00323162,over_uai,0.000612434,over_uai,0.0190647,over_utai,0.0122759,over_utai,0.0106844,over_ai,0.00958752,over_ai,0.0119774,countIP,3.90711e+10,countIP0,4.15969e+10,keysum,3.86576e+10,pktSum,1.72142e+11,aggrSum,2.88623e+08,blackkey_num,187762749,feedback,31,feedsumportion,0.896288,finger0,11,finger,15,time,303390,runTime,974.904
line,16194407,total,0.0106881,total0,0.0760312,false,0.000859922,over,0.00298108,false0,0.0210327,over0,0.0729137,overaggr,0.00745953,overcuckoo,0.0032286,over_uai,0.000643398,over_uai,0.00164567,over_utai,0.0122643,over_utai,0.0106752,over_ai,0.00957809,over_ai,0.0119672,countIP,3.91092e+10,countIP0,4.16377e+10,keysum,3.86956e+10,pktSum,1.72323e+11,aggrSum,2.88651e+08,blackkey_num,189962873,feedback,31,feedsumportion,0.896288,finger0,11,finger,15,time,303390,runTime,975.904
line,16211284,total,0.0106794,total0,0.0760356,false,0.000852359,over,0.00296018,false0,0.0210197,over0,0.0729999,overaggr,0.00745358,overcuckoo,0.00322586,over_uai,0.000360392,over_uai,0.00190426,over_utai,0.0122525,over_utai,0.0106678,over_ai,0.00956895,over_ai,0.0119592,countIP,3.91441e+10,countIP0,4.16754e+10,keysum,3.87305e+10,pktSum,1.72499e+11,aggrSum,2.88681e+08,blackkey_num,192105443,feedback,30,feedsumportion,0.896381,finger0,11,finger,15,time,307875,runTime,976.904
line,16227681,total,0.0106708,total0,0.0760548,false,0.000844807,over,0.00294068,false0,0.021046,over0,0.0732587,overaggr,0.00744756,overcuckoo,0.00322323,over_uai,0.000740921,over_uai,0.00249806,over_utai,0.0122409,over_utai,0.010661,over_ai,0.00955963,over_ai,0.0119515,countIP,3.91793e+10,countIP0,4.17139e+10,keysum,3.87656e+10,pktSum,1.72683e+11,aggrSum,2.88709e+08,blackkey_num,194212557,feedback,30,feedsumportion,0.896381,finger0,11,finger,15,time,307875,runTime,977.904
line,16244364,total,0.0106616,total0,0.0760586,false,0.000838545,over,0.00292168,false0,0.0210479,over0,0.0733355,overaggr,0.00744111,overcuckoo,0.00322046,over_uai,0.000456903,over_uai,0.00336916,over_utai,0.0122283,over_utai,0.0106544,over_ai,0.00954941,over_ai,0.011944,countIP,3.92175e+10,countIP0,4.17551e+10,keysum,3.88038e+10,pktSum,1.72864e+11,aggrSum,2.88743e+08,blackkey_num,196345888,feedback,30,feedsumportion,0.896381,finger0,11,finger,15,time,307875,runTime,978.904
line,16260921,total,0.0106514,total0,0.0760584,false,0.000831646,over,0.00289737,false0,0.0210586,over0,0.073366,overaggr,0.00743414,overcuckoo,0.00321729,over_uai,0.00049746,over_uai,0.00182989,over_utai,0.0122156,over_utai,0.0106462,over_ai,0.00953903,over_ai,0.0119343,countIP,3.92578e+10,countIP0,4.17985e+10,keysum,3.88441e+10,pktSum,1.73044e+11,aggrSum,2.88772e+08,blackkey_num,198575641,feedback,30,feedsumportion,0.896381,finger0,11,finger,15,time,307875,runTime,979.904
line,16277356,total,0.010647,total0,0.0760547,false,0.000840872,over,0.002932,false0,0.0210371,over0,0.0733531,overaggr,0.00743267,overcuckoo,0.00321433,over_uai,0.000623169,over_uai,0.00952144,over_utai,0.0122042,over_utai,0.010645,over_ai,0.00952986,over_ai,0.0119368,countIP,3.92954e+10,countIP0,4.18386e+10,keysum,3.88815e+10,pktSum,1.73222e+11,aggrSum,2.88993e+08,blackkey_num,200746621,feedback,30,feedsumportion,0.896381,finger0,11,finger,15,time,307875,runTime,980.904
line,16294017,total,0.0106385,total0,0.0760486,false,0.000835106,over,0.00291595,false0,0.0209959,over0,0.0733116,overaggr,0.00742626,overcuckoo,0.00321228,over_uai,0.000542357,over_uai,0.00278474,over_utai,0.0121919,over_utai,0.0106386,over_ai,0.00952072,over_ai,0.0119294,countIP,3.9331e+10,countIP0,4.18766e+10,keysum,3.8917e+10,pktSum,1.73398e+11,aggrSum,2.89008e+08,blackkey_num,203259135,feedback,32,feedsumportion,0.843128,finger0,11,finger,15,time,306477,runTime,981.904
line,16310314,total,0.0106287,total0,0.0760345,false,0.000827284,over,0.00289041,false0,0.0209466,over0,0.0731842,overaggr,0.00741945,overcuckoo,0.00320924,over_uai,0.000509909,over_uai,0.00110532,over_utai,0.0121791,over_utai,0.0106297,over_ai,0.00951064,over_ai,0.0119202,countIP,3.93693e+10,countIP0,4.19172e+10,keysum,3.89552e+10,pktSum,1.73577e+11,aggrSum,2.89026e+08,blackkey_num,205411980,feedback,32,feedsumportion,0.843128,finger0,11,finger,15,time,306477,runTime,982.904
line,16326694,total,0.0106192,total0,0.0760297,false,0.0008194,over,0.00286647,false0,0.0209134,over0,0.0731605,overaggr,0.0074129,overcuckoo,0.00320631,over_uai,0.000514773,over_uai,0.00103179,over_utai,0.0121669,over_utai,0.0106202,over_ai,0.00950097,over_ai,0.0119112,countIP,3.94061e+10,countIP0,4.19566e+10,keysum,3.89921e+10,pktSum,1.73758e+11,aggrSum,2.89044e+08,blackkey_num,207245492,feedback,32,feedsumportion,0.843128,finger0,11,finger,15,time,306477,runTime,983.904
line,16343366,total,0.0106101,total0,0.076023,false,0.000811902,over,0.00284375,false0,0.0208746,over0,0.0731152,overaggr,0.00740663,overcuckoo,0.00320343,over_uai,0.000558338,over_uai,0.00119951,over_utai,0.0121548,over_utai,0.0106105,over_ai,0.00949101,over_ai,0.0119036,countIP,3.94418e+10,countIP0,4.19948e+10,keysum,3.90278e+10,pktSum,1.73934e+11,aggrSum,2.89064e+08,blackkey_num,209446601,feedback,32,feedsumportion,0.843128,finger0,11,finger,15,time,306477,runTime,984.904
line,16360069,total,0.0106019,total0,0.0760115,false,0.000807975,over,0.00283362,false0,0.0208208,over0,0.07302,overaggr,0.00740017,overcuckoo,0.00320175,over_uai,0.000500016,over_uai,0.00312375,over_utai,0.012142,over_utai,0.010603,over_ai,0.00948108,over_ai,0.0118985,countIP,3.94782e+10,countIP0,4.20333e+10,keysum,3.9064e+10,pktSum,1.74113e+11,aggrSum,2.8908e+08,blackkey_num,211421620,feedback,32,feedsumportion,0.843128,finger0,11,finger,15,time,306477,runTime,985.904
line,16376628,total,0.010596,total0,0.0760136,false,0.000810762,over,0.00284632,false0,0.0208144,over0,0.0730726,overaggr,0.0073971,overcuckoo,0.00319885,over_uai,0.000391676,over_uai,0.00699475,over_utai,0.0121302,over_utai,0.0105998,over_ai,0.00947136,over_ai,0.0118984,countIP,3.95143e+10,countIP0,4.20721e+10,keysum,3.91e+10,pktSum,1.74289e+11,aggrSum,2.89226e+08,blackkey_num,213583303,feedback,30,feedsumportion,0.512887,finger0,11,finger,15,time,306607,runTime,986.904
line,16393081,total,0.0105875,total0,0.0760159,false,0.000807759,over,0.00283732,false0,0.0208187,over0,0.0731274,overaggr,0.00739169,overcuckoo,0.0031958,over_uai,0.000553287,over_uai,0.00378398,over_utai,0.0121168,over_utai,0.0105939,over_ai,0.00946062,over_ai,0.0118938,countIP,3.95529e+10,countIP0,4.21136e+10,keysum,3.91385e+10,pktSum,1.74469e+11,aggrSum,2.89299e+08,blackkey_num,215546216,feedback,30,feedsumportion,0.512887,finger0,11,finger,15,time,306607,runTime,987.904
line,16409811,total,0.0105775,total0,0.0760084,false,0.000801212,over,0.00281497,false0,0.0208002,over0,0.0730793,overaggr,0.00738486,overcuckoo,0.00319268,over_uai,0.000586706,over_uai,0.00167988,over_utai,0.0121029,over_utai,0.010587,over_ai,0.00944938,over_ai,0.0118863,countIP,3.95925e+10,countIP0,4.2156e+10,keysum,3.91781e+10,pktSum,1.74651e+11,aggrSum,2.89325e+08,blackkey_num,217613494,feedback,30,feedsumportion,0.512887,finger0,11,finger,15,time,306607,runTime,988.904
line,16426063,total,0.0105679,total0,0.0760074,false,0.000794491,over,0.00279404,false0,0.0207859,over0,0.0730992,overaggr,0.00737837,overcuckoo,0.00318958,over_uai,0.000621364,over_uai,0.00154647,over_utai,0.0120905,over_utai,0.0105779,over_ai,0.0094391,over_ai,0.011878,countIP,3.96309e+10,countIP0,4.21972e+10,keysum,3.92165e+10,pktSum,1.74837e+11,aggrSum,2.89354e+08,blackkey_num,219524050,feedback,30,feedsumportion,0.512887,finger0,11,finger,15,time,306607,runTime,989.904
line,16442621,total,0.0105588,total0,0.0760395,false,0.000788963,over,0.00277657,false0,0.0208742,over0,0.0734618,overaggr,0.00737222,overcuckoo,0.00318657,over_uai,0.000560827,over_uai,0.00159312,over_utai,0.0120794,over_utai,0.0105686,over_ai,0.00943005,over_ai,0.0118687,countIP,3.96687e+10,countIP0,4.22391e+10,keysum,3.92542e+10,pktSum,1.75017e+11,aggrSum,2.89391e+08,blackkey_num,221614904,feedback,30,feedsumportion,0.512887,finger0,11,finger,15,time,306607,runTime,990.904
line,16458811,total,0.0105475,total0,0.0760191,false,0.000782556,over,0.00275121,false0,0.0208443,over0,0.0732817,overaggr,0.00736431,overcuckoo,0.00318322,over_uai,0.000621217,over_uai,0.000988627,over_utai,0.0120668,over_utai,0.0105576,over_ai,0.00941957,over_ai,0.0118562,countIP,3.97132e+10,countIP0,4.22861e+10,keysum,3.92987e+10,pktSum,1.75204e+11,aggrSum,2.89408e+08,blackkey_num,223757049,feedback,29,feedsumportion,0.851908,finger0,11,finger,15,time,303384,runTime,991.904
line,16475191,total,0.0105394,total0,0.0760132,false,0.000779344,over,0.00274278,false0,0.0208128,over0,0.0732476,overaggr,0.00735878,overcuckoo,0.00318061,over_uai,0.000547086,over_uai,0.00325708,over_utai,0.0120546,over_utai,0.0105506,over_ai,0.00940995,over_ai,0.0118501,countIP,3.97501e+10,countIP0,4.23256e+10,keysum,3.93356e+10,pktSum,1.75385e+11,aggrSum,2.89462e+08,blackkey_num,226236526,feedback,29,feedsumportion,0.851908,finger0,11,finger,15,time,303384,runTime,992.904
line,16491469,total,0.0105308,total0,0.0760297,false,0.000774972,over,0.00272994,false0,0.0208484,over0,0.0734412,overaggr,0.00735243,overcuckoo,0.00317838,over_uai,0.000621701,over_uai,0.00252871,over_utai,0.0120428,over_utai,0.0105431,over_ai,0.00940032,over_ai,0.0118431,countIP,3.97871e+10,countIP0,4.2366e+10,keysum,3.93725e+10,pktSum,1.75564e+11,aggrSum,2.89484e+08,blackkey_num,228451302,feedback,29,feedsumportion,0.851908,finger0,11,finger,15,time,303384,runTime,993.904
line,16507580,total,0.0105217,total0,0.0760169,false,0.000770731,over,0.00271543,false0,0.0208159,over0,0.073338,overaggr,0.00734603,overcuckoo,0.00317565,over_uai,0.000514945,over_uai,0.00240883,over_utai,0.0120307,over_utai,0.0105358,over_ai,0.00939015,over_ai,0.0118358,countIP,3.9826e+10,countIP0,4.24072e+10,keysum,3.94113e+10,pktSum,1.75742e+11,aggrSum,2.89517e+08,blackkey_num,230758847,feedback,29,feedsumportion,0.851908,finger0,11,finger,15,time,303384,runTime,994.904
line,16523834,total,0.0105134,total0,0.0760012,false,0.000768434,over,0.00270819,false0,0.0207725,over0,0.0732084,overaggr,0.00734042,overcuckoo,0.00317296,over_uai,0.000511559,over_uai,0.00326038,over_utai,0.0120188,over_utai,0.0105287,over_ai,0.00938071,over_ai,0.0118292,countIP,3.98643e+10,countIP0,4.24478e+10,keysum,3.94496e+10,pktSum,1.75919e+11,aggrSum,2.89576e+08,blackkey_num,233125646,feedback,29,feedsumportion,0.851908,finger0,11,finger,15,time,303384,runTime,995.904
line,16540322,total,0.0105028,total0,0.0759844,false,0.000762157,over,0.00268435,false0,0.0207469,over0,0.0730715,overaggr,0.00733309,overcuckoo,0.00316968,over_uai,0.000434851,over_uai,0.000790144,over_utai,0.0120055,over_utai,0.0105194,over_ai,0.00937007,over_ai,0.0118187,countIP,3.99058e+10,countIP0,4.24917e+10,keysum,3.9491e+10,pktSum,1.76098e+11,aggrSum,2.89591e+08,blackkey_num,235114981,feedback,30,feedsumportion,0.793906,finger0,11,finger,15,time,302742,runTime,996.904
line,16556715,total,0.0104927,total0,0.0759651,false,0.000756576,over,0.00266404,false0,0.0207067,over0,0.0729119,overaggr,0.00732617,overcuckoo,0.00316655,over_uai,0.000487443,over_uai,0.00124974,over_utai,0.0119929,over_utai,0.0105108,over_ai,0.00935959,over_ai,0.0118094,countIP,3.99461e+10,countIP0,4.25343e+10,keysum,3.95313e+10,pktSum,1.76277e+11,aggrSum,2.89613e+08,blackkey_num,237357693,feedback,30,feedsumportion,0.793906,finger0,11,finger,15,time,302742,runTime,997.904
line,16573225,total,0.0104823,total0,0.0759662,false,0.00075099,over,0.00264219,false0,0.0207354,over0,0.0729531,overaggr,0.00731905,overcuckoo,0.00316329,over_uai,0.000495857,over_uai,0.000804213,over_utai,0.0119809,over_utai,0.0105,over_ai,0.00934977,over_ai,0.0117981,countIP,3.99871e+10,countIP0,4.25784e+10,keysum,3.95723e+10,pktSum,1.7645e+11,aggrSum,2.89632e+08,blackkey_num,239720318,feedback,30,feedsumportion,0.793906,finger0,11,finger,15,time,302742,runTime,998.904
line,16589782,total,0.010472,total0,0.0759479,false,0.000745104,over,0.00262048,false0,0.020702,over0,0.0728077,overaggr,0.0073119,overcuckoo,0.00316006,over_uai,0.000447351,over_uai,0.00112512,over_utai,0.0119684,over_utai,0.0104906,over_ai,0.00933939,over_ai,0.0117881,countIP,4.00282e+10,countIP0,4.26219e+10,keysum,3.96133e+10,pktSum,1.7663e+11,aggrSum,2.89649e+08,blackkey_num,242217288,feedback,30,feedsumportion,0.793906,finger0,11,finger,15,time,302742,runTime,999.904
line,16606305,total,0.0104662,total0,0.0759231,false,0.000753011,over,0.00264623,false0,0.0206604,over0,0.0726047,overaggr,0.0073046,overcuckoo,0.00316158,over_uai,0.000575594,over_uai,0.00854351,over_utai,0.0119557,over_utai,0.0104883,over_ai,0.00932862,over_ai,0.0117897,countIP,4.00713e+10,countIP0,4.2667e+10,keysum,3.96562e+10,pktSum,1.76812e+11,aggrSum,2.89673e+08,blackkey_num,244467960,feedback,30,feedsumportion,0.793906,finger0,11,finger,15,time,302742,runTime,1000.9
line,16622723,total,0.010481,total0,0.075905,false,0.000812435,over,0.00285645,false0,0.0206103,over0,0.0724639,overaggr,0.00729987,overcuckoo,0.00318111,over_uai,0.000546196,over_uai,0.0408888,over_utai,0.0119438,over_utai,0.0105169,over_ai,0.00931883,over_ai,0.0118412,countIP,4.01104e+10,countIP0,4.27074e+10,keysum,3.96944e+10,pktSum,1.76992e+11,aggrSum,2.89764e+08,blackkey_num,246594141,feedback,30,feedsumportion,0.522922,finger0,11,finger,15,time,302764,runTime,1001.9
line,16639415,total,0.0104768,total0,0.0758933,false,0.000819524,over,0.00288319,false0,0.0205748,over0,0.0723847,overaggr,0.00729542,overcuckoo,0.00318137,over_uai,0.000398152,over_uai,0.01107,over_utai,0.0119314,over_utai,0.0105172,over_ai,0.00930925,over_ai,0.0118455,countIP,4.01474e+10,countIP0,4.27465e+10,keysum,3.97312e+10,pktSum,1.77167e+11,aggrSum,2.89855e+08,blackkey_num,248603577,feedback,30,feedsumportion,0.522922,finger0,11,finger,15,time,302764,runTime,1002.9
line,16656294,total,0.0104917,total0,0.0758765,false,0.000879165,over,0.0030924,false0,0.020544,over0,0.0722621,overaggr,0.00729098,overcuckoo,0.00320068,over_uai,0.000587319,over_uai,0.0432793,over_utai,0.0119184,over_utai,0.0105472,over_ai,0.00929903,over_ai,0.0118979,countIP,4.01888e+10,countIP0,4.27892e+10,keysum,3.97715e+10,pktSum,1.77347e+11,aggrSum,2.89973e+08,blackkey_num,250805166,feedback,30,feedsumportion,0.522922,finger0,11,finger,15,time,302764,runTime,1003.9
line,16673170,total,0.01049,total0,0.0758594,false,0.000895494,over,0.0031479,false0,0.0205218,over0,0.0721398,overaggr,0.00728701,overcuckoo,0.00320297,over_uai,0.000488448,over_uai,0.0167263,over_utai,0.0119051,over_utai,0.0105524,over_ai,0.00928822,over_ai,0.0119104,countIP,4.02307e+10,countIP0,4.28333e+10,keysum,3.98131e+10,pktSum,1.77525e+11,aggrSum,2.90118e+08,blackkey_num,253035791,feedback,30,feedsumportion,0.522922,finger0,11,finger,15,time,302764,runTime,1004.9
line,16689721,total,0.010483,total0,0.0758496,false,0.000895614,over,0.00314948,false0,0.0204982,over0,0.0720831,overaggr,0.00728244,overcuckoo,0.00320058,over_uai,0.000386619,over_uai,0.00636134,over_utai,0.0118917,over_utai,0.0105488,over_ai,0.00927757,over_ai,0.0119096,countIP,4.02695e+10,countIP0,4.28745e+10,keysum,3.98517e+10,pktSum,1.77705e+11,aggrSum,2.90218e+08,blackkey_num,255293059,feedback,30,feedsumportion,0.522922,finger0,11,finger,15,time,302764,runTime,1005.9
line,16705914,total,0.0105004,total0,0.0758401,false,0.000958001,over,0.00337006,false0,0.0204757,over0,0.0720295,overaggr,0.00727608,overcuckoo,0.00322435,over_uai,0.000468039,over_uai,0.0526053,over_utai,0.011879,over_utai,0.0105829,over_ai,0.00926717,over_ai,0.0119688,countIP,4.03086e+10,countIP0,4.2915e+10,keysum,3.98897e+10,pktSum,1.77882e+11,aggrSum,2.90241e+08,blackkey_num,257506149,feedback,30,feedsumportion,0.917592,finger0,11,finger,15,time,302247,runTime,1006.9
line,16722434,total,0.0104911,total0,0.075823,false,0.000951204,over,0.00334728,false0,0.0204346,over0,0.0719091,overaggr,0.00726964,overcuckoo,0.00322142,over_uai,0.000573483,over_uai,0.00147134,over_utai,0.0118667,over_utai,0.0105749,over_ai,0.00925741,over_ai,0.0119603,countIP,4.03469e+10,countIP0,4.29554e+10,keysum,3.9928e+10,pktSum,1.7806e+11,aggrSum,2.90262e+08,blackkey_num,259455194,feedback,30,feedsumportion,0.917592,finger0,11,finger,15,time,302247,runTime,1007.9
line,16738909,total,0.0104814,total0,0.0758096,false,0.000944517,over,0.00332368,false0,0.0204108,over0,0.071824,overaggr,0.00726294,overcuckoo,0.00321841,over_uai,0.000476332,over_uai,0.00135743,over_utai,0.0118539,over_utai,0.0105667,over_ai,0.00924717,over_ai,0.0119518,countIP,4.03863e+10,countIP0,4.29973e+10,keysum,3.99674e+10,pktSum,1.78238e+11,aggrSum,2.90281e+08,blackkey_num,261608060,feedback,30,feedsumportion,0.917592,finger0,11,finger,15,time,302247,runTime,1008.9
line,16755438,total,0.0104969,total0,0.0757915,false,0.00100591,over,0.00353344,false0,0.0204129,over0,0.0717042,overaggr,0.00725545,overcuckoo,0.00324149,over_uai,0.000481558,over_uai,0.0437988,over_utai,0.0118406,over_utai,0.0105992,over_ai,0.00923582,over_ai,0.0120075,countIP,4.04332e+10,countIP0,4.30458e+10,keysum,4.00132e+10,pktSum,1.78417e+11,aggrSum,2.90313e+08,blackkey_num,263844773,feedback,30,feedsumportion,0.917592,finger0,11,finger,15,time,302247,runTime,1009.9
line,16771656,total,0.0104854,total0,0.0757841,false,0.000999484,over,0.00350402,false0,0.0204465,over0,0.0716818,overaggr,0.00724752,overcuckoo,0.00323784,over_uai,0.000759107,over_uai,0.00118526,over_utai,0.0118285,over_utai,0.0105874,over_ai,0.00922536,over_ai,0.0119939,countIP,4.04805e+10,countIP0,4.30964e+10,keysum,4.00604e+10,pktSum,1.78599e+11,aggrSum,2.90339e+08,blackkey_num,266074408,feedback,30,feedsumportion,0.917592,finger0,11,finger,15,time,302247,runTime,1010.9
line,16787797,total,0.0104751,total0,0.0757697,false,0.000995548,over,0.00348485,false0,0.0204541,over0,0.0715982,overaggr,0.00724091,overcuckoo,0.00323416,over_uai,0.000589154,over_uai,0.00290556,over_utai,0.0118168,over_utai,0.0105785,over_ai,0.00921537,over_ai,0.0119828,countIP,4.0527e+10,countIP0,4.31457e+10,keysum,4.01068e+10,pktSum,1.78783e+11,aggrSum,2.9041e+08,blackkey_num,268487073,feedback,28,feedsumportion,0.625089,finger0,11,finger,15,time,301486,runTime,1011.9
line,16804410,total,0.0104918,total0,0.0757602,false,0.00105389,over,0.00368874,false0,0.0204428,over0,0.0715522,overaggr,0.00723425,overcuckoo,0.00325753,over_uai,0.000864961,over_uai,0.0427648,over_utai,0.0118056,over_utai,0.0106103,over_ai,0.00920591,over_ai,0.0120385,countIP,4.05682e+10,countIP0,4.31885e+10,keysum,4.0147e+10,pktSum,1.78962e+11,aggrSum,2.90433e+08,blackkey_num,270577795,feedback,28,feedsumportion,0.625089,finger0,11,finger,15,time,301486,runTime,1012.9
line,16820376,total,0.0104796,total0,0.0757644,false,0.00104698,over,0.00365657,false0,0.0205103,over0,0.0716322,overaggr,0.00722605,overcuckoo,0.00325358,over_uai,0.000369122,over_uai,0.00122796,over_utai,0.0117922,over_utai,0.0105995,over_ai,0.00919437,over_ai,0.0120253,countIP,4.06177e+10,countIP0,4.3242e+10,keysum,4.01965e+10,pktSum,1.79149e+11,aggrSum,2.90462e+08,blackkey_num,272887236,feedback,28,feedsumportion,0.625089,finger0,11,finger,15,time,301486,runTime,1013.9
line,16836720,total,0.010474,total0,0.0757544,false,0.00104958,over,0.00366624,false0,0.0204929,over0,0.0715827,overaggr,0.00722332,overcuckoo,0.00325065,over_uai,0.000486573,over_uai,0.00818164,over_utai,0.0117803,over_utai,0.010597,over_ai,0.00918469,over_ai,0.0120258,countIP,4.0658e+10,countIP0,4.32847e+10,keysum,4.02366e+10,pktSum,1.79332e+11,aggrSum,2.90642e+08,blackkey_num,275932723,feedback,28,feedsumportion,0.625089,finger0,11,finger,15,time,301486,runTime,1014.9
line,16852789,total,0.0105219,total0,0.0757299,false,0.00118489,over,0.00413377,false0,0.020471,over0,0.0714179,overaggr,0.00724807,overcuckoo,0.00327378,over_uai,0.000510501,over_uai,0.0918786,over_utai,0.0117671,over_utai,0.0106796,over_ai,0.0091734,over_ai,0.0121621,countIP,4.0707e+10,countIP0,4.33338e+10,keysum,4.02832e+10,pktSum,1.7952e+11,aggrSum,2.91975e+08,blackkey_num,278671408,feedback,28,feedsumportion,0.625089,finger0,11,finger,15,time,301486,runTime,1015.9
line,16869072,total,0.0105159,total0,0.0757224,false,0.00118404,over,0.00413347,false0,0.0204493,over0,0.0713882,overaggr,0.00724512,overcuckoo,0.00327081,over_uai,0.000534128,over_uai,0.00745526,over_utai,0.0117568,over_utai,0.0106768,over_ai,0.00916481,over_ai,0.0121603,countIP,4.07444e+10,countIP0,4.33735e+10,keysum,4.03204e+10,pktSum,1.79698e+11,aggrSum,2.92126e+08,blackkey_num,283120762,feedback,32,feedsumportion,0.966733,finger0,11,finger,15,time,301682,runTime,1016.9
line,16885242,total,0.0105217,total0,0.075707,false,0.00121477,over,0.00423711,false0,0.0204412,over0,0.0712989,overaggr,0.00725427,overcuckoo,0.00326739,over_uai,0.000429301,over_uai,0.0249588,over_utai,0.0117455,over_utai,0.0106918,over_ai,0.00915574,over_ai,0.0121876,countIP,4.07881e+10,countIP0,4.34192e+10,keysum,4.03634e+10,pktSum,1.79877e+11,aggrSum,2.92807e+08,blackkey_num,286402915,feedback,32,feedsumportion,0.966733,finger0,11,finger,15,time,301682,runTime,1017.9
line,16901439,total,0.0105165,total0,0.0756834,false,0.001222,over,0.00425621,false0,0.0204276,over0,0.0711488,overaggr,0.0072529,overcuckoo,0.00326359,over_uai,0.000452845,over_uai,0.0101634,over_utai,0.0117324,over_utai,0.010691,over_ai,0.00914495,over_ai,0.0121907,countIP,4.08366e+10,countIP0,4.34701e+10,keysum,4.04116e+10,pktSum,1.80068e+11,aggrSum,2.93101e+08,blackkey_num,289749093,feedback,32,feedsumportion,0.966733,finger0,11,finger,15,time,301682,runTime,1018.9
line,16918224,total,0.0105273,total0,0.0756619,false,0.00126459,over,0.00440034,false0,0.0204086,over0,0.0710151,overaggr,0.00724867,overcuckoo,0.00327863,over_uai,0.000536979,over_uai,0.0330413,over_utai,0.0117214,over_utai,0.0107147,over_ai,0.00913581,over_ai,0.0122307,countIP,4.08823e+10,countIP0,4.35174e+10,keysum,4.04564e+10,pktSum,1.80253e+11,aggrSum,2.93255e+08,blackkey_num,292834218,feedback,32,feedsumportion,0.966733,finger0,11,finger,15,time,301682,runTime,1019.9
line,16935012,total,0.0105253,total0,0.0756376,false,0.00127964,over,0.00444437,false0,0.0204035,over0,0.0708643,overaggr,0.00724271,overcuckoo,0.00328264,over_uai,0.000447375,over_uai,0.0140046,over_utai,0.0117101,over_utai,0.0107183,over_ai,0.00912611,over_ai,0.0122395,countIP,4.09317e+10,countIP0,4.35691e+10,keysum,4.05054e+10,pktSum,1.80439e+11,aggrSum,2.93369e+08,blackkey_num,296677810,feedback,32,feedsumportion,0.966733,finger0,11,finger,15,time,301682,runTime,1020.9
line,16951441,total,0.0105147,total0,0.0756415,false,0.00127083,over,0.00441178,false0,0.0204336,over0,0.0709364,overaggr,0.00723547,overcuckoo,0.00327928,over_uai,0.000671949,over_uai,0.00125908,over_utai,0.0117004,over_utai,0.0107068,over_ai,0.00911803,over_ai,0.0122243,countIP,4.09753e+10,countIP0,4.36161e+10,keysum,4.05489e+10,pktSum,1.80626e+11,aggrSum,2.9339e+08,blackkey_num,301118898,feedback,29,feedsumportion,0.966332,finger0,11,finger,15,time,300095,runTime,1021.9
line,16967964,total,0.0105109,total0,0.0756418,false,0.00127633,over,0.00443164,false0,0.0204419,over0,0.0709777,overaggr,0.00723466,overcuckoo,0.00327626,over_uai,0.000699365,over_uai,0.0104589,over_utai,0.0116897,over_utai,0.0107062,over_ai,0.00910881,over_ai,0.0122284,countIP,4.10176e+10,countIP0,4.36613e+10,keysum,4.0591e+10,pktSum,1.80817e+11,aggrSum,2.93662e+08,blackkey_num,306435834,feedback,29,feedsumportion,0.966332,finger0,11,finger,15,time,300095,runTime,1022.9
line,16984408,total,0.010501,total0,0.0756577,false,0.00126714,over,0.00440211,false0,0.0204775,over0,0.0711401,overaggr,0.00722783,overcuckoo,0.0032732,over_uai,0.000463027,over_uai,0.0024919,over_utai,0.0116792,over_utai,0.0106972,over_ai,0.0091006,over_ai,0.0122157,countIP,4.10587e+10,countIP0,4.37062e+10,keysum,4.0632e+10,pktSum,1.81011e+11,aggrSum,2.93681e+08,blackkey_num,311617891,feedback,29,feedsumportion,0.966332,finger0,11,finger,15,time,300095,runTime,1023.9
line,17000813,total,0.0104922,total0,0.0756403,false,0.00126591,over,0.00439019,false0,0.0204863,over0,0.0710465,overaggr,0.00722252,overcuckoo,0.00326966,over_uai,0.000813029,over_uai,0.00507874,over_utai,0.0116669,over_utai,0.0106907,over_ai,0.00909023,over_ai,0.012209,countIP,4.11077e+10,countIP0,4.3758e+10,keysum,4.06809e+10,pktSum,1.81198e+11,aggrSum,2.93819e+08,blackkey_num,315700118,feedback,29,feedsumportion,0.966332,finger0,11,finger,15,time,300095,runTime,1024.9
line,17017729,total,0.0104894,total0,0.0756245,false,0.0012747,over,0.00441915,false0,0.0204687,over0,0.0709616,overaggr,0.00722302,overcuckoo,0.0032664,over_uai,0.000489231,over_uai,0.0136892,over_utai,0.0116548,over_utai,0.0106934,over_ai,0.00908031,over_ai,0.0122167,countIP,4.11514e+10,countIP0,4.38039e+10,keysum,4.07242e+10,pktSum,1.81385e+11,aggrSum,2.94152e+08,blackkey_num,318681588,feedback,29,feedsumportion,0.966332,finger0,11,finger,15,time,300095,runTime,1025.9
line,17034464,total,0.0104801,total0,0.0756089,false,0.00126778,over,0.00439502,false0,0.0204453,over0,0.0708779,overaggr,0.00721661,overcuckoo,0.00326348,over_uai,0.000539519,over_uai,0.00218199,over_utai,0.0116439,over_utai,0.0106838,over_ai,0.0090718,over_ai,0.0122055,countIP,4.11931e+10,countIP0,4.38481e+10,keysum,4.07659e+10,pktSum,1.8157e+11,aggrSum,2.94191e+08,blackkey_num,320903303,feedback,29,feedsumportion,0.930051,finger0,11,finger,15,time,301545,runTime,1026.9
line,17051073,total,0.0104699,total0,0.0756023,false,0.00125915,over,0.0043656,false0,0.0204394,over0,0.0708653,overaggr,0.00720953,overcuckoo,0.00326041,over_uai,0.000501853,over_uai,0.00135182,over_utai,0.0116318,over_utai,0.0106742,over_ai,0.0090629,over_ai,0.0121932,countIP,4.12354e+10,countIP0,4.38934e+10,keysum,4.08082e+10,pktSum,1.81761e+11,aggrSum,2.94208e+08,blackkey_num,322965158,feedback,29,feedsumportion,0.930051,finger0,11,finger,15,time,301545,runTime,1027.9
line,17067806,total,0.01046,total0,0.0756051,false,0.00125024,over,0.00433645,false0,0.0204477,over0,0.0709229,overaggr,0.0072026,overcuckoo,0.00325736,over_uai,0.000456466,over_uai,0.00112303,over_utai,0.0116192,over_utai,0.0106654,over_ai,0.0090539,over_ai,0.0121816,countIP,4.12765e+10,countIP0,4.39377e+10,keysum,4.08493e+10,pktSum,1.81953e+11,aggrSum,2.94221e+08,blackkey_num,325014278,feedback,29,feedsumportion,0.930051,finger0,11,finger,15,time,301545,runTime,1028.9
line,17084708,total,0.0104498,total0,0.0755928,false,0.00124229,over,0.00430794,false0,0.0204359,over0,0.0708664,overaggr,0.0071956,overcuckoo,0.00325421,over_uai,0.000605239,over_uai,0.00136853,over_utai,0.0116069,over_utai,0.0106568,over_ai,0.00904399,over_ai,0.0121714,countIP,4.13192e+10,countIP0,4.3983e+10,keysum,4.08919e+10,pktSum,1.82139e+11,aggrSum,2.94242e+08,blackkey_num,327251594,feedback,29,feedsumportion,0.930051,finger0,11,finger,15,time,301545,runTime,1029.9
line,17101622,total,0.0104442,total0,0.0755991,false,0.00124209,over,0.00430969,false0,0.0204476,over0,0.0709472,overaggr,0.00719286,overcuckoo,0.00325138,over_uai,0.000702429,over_uai,0.00728155,over_utai,0.0115968,over_utai,0.0106533,over_ai,0.00903581,over_ai,0.0121692,countIP,4.13581e+10,countIP0,4.40249e+10,keysum,4.09306e+10,pktSum,1.82323e+11,aggrSum,2.94408e+08,blackkey_num,329360678,feedback,29,feedsumportion,0.930051,finger0,11,finger,15,time,301545,runTime,1030.9
line,17117843,total,0.010437,total0,0.0755851,false,0.00124054,over,0.00430415,false0,0.0204289,over0,0.0708801,overaggr,0.00718822,overcuckoo,0.00324879,over_uai,0.00368026,over_uai,0.00601311,over_utai,0.0115883,over_utai,0.0106486,over_ai,0.0090264,over_ai,0.0121652,countIP,4.14016e+10,countIP0,4.40709e+10,keysum,4.09739e+10,pktSum,1.82516e+11,aggrSum,2.94529e+08,blackkey_num,333556349,feedback,30,feedsumportion,0.829838,finger0,11,finger,15,time,302829,runTime,1031.9
line,17134538,total,0.0104288,total0,0.0755777,false,0.00123766,over,0.00429253,false0,0.0204316,over0,0.0708621,overaggr,0.00718296,overcuckoo,0.00324588,over_uai,0.00127201,over_uai,0.00446268,over_utai,0.0115778,over_utai,0.0106413,over_ai,0.00901711,over_ai,0.0121586,countIP,4.14458e+10,countIP0,4.4118e+10,keysum,4.1018e+10,pktSum,1.82705e+11,aggrSum,2.94631e+08,blackkey_num,335878276,feedback,30,feedsumportion,0.829838,finger0,11,finger,15,time,302829,runTime,1032.9
line,17150867,total,0.0104212,total0,0.0755631,false,0.00123478,over,0.00428327,false0,0.0204075,over0,0.0707909,overaggr,0.00717807,overcuckoo,0.00324315,over_uai,0.00058077,over_uai,0.00485449,over_utai,0.0115669,over_utai,0.0106351,over_ai,0.00900803,over_ai,0.0121528,countIP,4.14885e+10,countIP0,4.41633e+10,keysum,4.10606e+10,pktSum,1.82899e+11,aggrSum,2.94736e+08,blackkey_num,337931336,feedback,30,feedsumportion,0.829838,finger0,11,finger,15,time,302829,runTime,1033.9
line,17167346,total,0.010418,total0,0.0755775,false,0.0012383,over,0.00430009,false0,0.0204251,over0,0.0709274,overaggr,0.00717731,overcuckoo,0.00324071,over_uai,0.000607768,over_uai,0.0113596,over_utai,0.0115567,over_utai,0.0106353,over_ai,0.00899935,over_ai,0.0121579,countIP,4.15255e+10,countIP0,4.42034e+10,keysum,4.10974e+10,pktSum,1.83084e+11,aggrSum,2.94969e+08,blackkey_num,340250319,feedback,30,feedsumportion,0.829838,finger0,11,finger,15,time,302829,runTime,1034.9
line,17183555,total,0.0104124,total0,0.0755862,false,0.00123611,over,0.00429793,false0,0.0204259,over0,0.0710208,overaggr,0.00717392,overcuckoo,0.00323844,over_uai,0.000433891,over_uai,0.00597864,over_utai,0.0115459,over_utai,0.0106308,over_ai,0.00899084,over_ai,0.0121566,countIP,4.15617e+10,countIP0,4.42426e+10,keysum,4.11334e+10,pktSum,1.8327e+11,aggrSum,2.95088e+08,blackkey_num,342005807,feedback,30,feedsumportion,0.829838,finger0,11,finger,15,time,302829,runTime,1035.9
line,17199886,total,0.0104045,total0,0.0755923,false,0.00122967,over,0.0042804,false0,0.0204238,over0,0.0710941,overaggr,0.00716881,overcuckoo,0.00323574,over_uai,0.000637033,over_uai,0.00287234,over_utai,0.011535,over_utai,0.0106252,over_ai,0.0089817,over_ai,0.0121513,countIP,4.15982e+10,countIP0,4.42819e+10,keysum,4.11698e+10,pktSum,1.83456e+11,aggrSum,2.95138e+08,blackkey_num,344380758,feedback,30,feedsumportion,0.933134,finger0,11,finger,15,time,308206,runTime,1036.9
line,17216686,total,0.0103947,total0,0.0755736,false,0.00122335,over,0.00425558,false0,0.0204083,over0,0.0709932,overaggr,0.00716225,overcuckoo,0.00323246,over_uai,0.000582806,over_uai,0.00174972,over_utai,0.0115233,over_utai,0.0106168,over_ai,0.0089721,over_ai,0.0121411,countIP,4.16411e+10,countIP0,4.43273e+10,keysum,4.12127e+10,pktSum,1.83635e+11,aggrSum,2.95176e+08,blackkey_num,346851109,feedback,30,feedsumportion,0.933134,finger0,11,finger,15,time,308206,runTime,1037.9
line,17233370,total,0.0103867,total0,0.0755606,false,0.0012182,over,0.00423886,false0,0.0203848,over0,0.0709308,overaggr,0.00715699,overcuckoo,0.00322966,over_uai,0.000609082,over_uai,0.00356942,over_utai,0.0115119,over_utai,0.0106116,over_ai,0.00896259,over_ai,0.0121357,countIP,4.16796e+10,countIP0,4.43681e+10,keysum,4.12512e+10,pktSum,1.83812e+11,aggrSum,2.95234e+08,blackkey_num,350049156,feedback,30,feedsumportion,0.933134,finger0,11,finger,15,time,308206,runTime,1038.9
line,17250220,total,0.010377,total0,0.0755469,false,0.00121153,over,0.00421447,false0,0.020372,over0,0.0708669,overaggr,0.0071503,overcuckoo,0.0032267,over_uai,0.000466333,over_uai,0.00175727,over_utai,0.0115,over_utai,0.0106041,over_ai,0.00895274,over_ai,0.0121265,countIP,4.17215e+10,countIP0,4.44125e+10,keysum,4.1293e+10,pktSum,1.83994e+11,aggrSum,2.95257e+08,blackkey_num,353200794,feedback,30,feedsumportion,0.933134,finger0,11,finger,15,time,308206,runTime,1039.9
line,17266569,total,0.0103677,total0,0.0755258,false,0.00120674,over,0.00419496,false0,0.0203531,over0,0.0707526,overaggr,0.00714318,overcuckoo,0.00322455,over_uai,0.000416081,over_uai,0.00311566,over_utai,0.0114875,over_utai,0.010597,over_ai,0.0089424,over_ai,0.0121194,countIP,4.17652e+10,countIP0,4.44586e+10,keysum,4.13366e+10,pktSum,1.84176e+11,aggrSum,2.95275e+08,blackkey_num,356535563,feedback,30,feedsumportion,0.933134,finger0,11,finger,15,time,308206,runTime,1040.9
line,17282859,total,0.0103566,total0,0.0755071,false,0.00120079,over,0.00416847,false0,0.0203551,over0,0.0706615,overaggr,0.00713562,overcuckoo,0.00322093,over_uai,0.000410244,over_uai,0.00180471,over_utai,0.0114761,over_utai,0.0105857,over_ai,0.00893293,over_ai,0.0121048,countIP,4.18148e+10,countIP0,4.45111e+10,keysum,4.13862e+10,pktSum,1.84369e+11,aggrSum,2.95316e+08,blackkey_num,359555137,feedback,31,feedsumportion,0.781156,finger0,11,finger,15,time,303076,runTime,1041.9
line,17299000,total,0.0103466,total0,0.0754941,false,0.00119397,over,0.00414394,false0,0.0203435,over0,0.0706064,overaggr,0.00712856,overcuckoo,0.00321799,over_uai,0.000323053,over_uai,0.00182607,over_utai,0.0114634,over_utai,0.0105781,over_ai,0.0089223,over_ai,0.0120963,countIP,4.18582e+10,countIP0,4.45572e+10,keysum,4.14295e+10,pktSum,1.84559e+11,aggrSum,2.95333e+08,blackkey_num,362384782,feedback,31,feedsumportion,0.781156,finger0,11,finger,15,time,303076,runTime,1042.9
line,17315602,total,0.0103371,total0,0.0754982,false,0.001187,over,0.00411993,false0,0.0203602,over0,0.0706679,overaggr,0.00712214,overcuckoo,0.00321493,over_uai,0.000359202,over_uai,0.00124347,over_utai,0.0114517,over_utai,0.0105702,over_ai,0.0089127,over_ai,0.0120871,countIP,4.18984e+10,countIP0,4.46006e+10,keysum,4.14698e+10,pktSum,1.84739e+11,aggrSum,2.95353e+08,blackkey_num,365620993,feedback,31,feedsumportion,0.781156,finger0,11,finger,15,time,303076,runTime,1043.9
line,17332222,total,0.0103265,total0,0.0754922,false,0.00118065,over,0.00409371,false0,0.0203795,over0,0.0706627,overaggr,0.0071148,overcuckoo,0.00321172,over_uai,0.000471803,over_uai,0.00124644,over_utai,0.0114391,over_utai,0.0105621,over_ai,0.0089024,over_ai,0.0120768,countIP,4.19434e+10,countIP0,4.46488e+10,keysum,4.15147e+10,pktSum,1.84919e+11,aggrSum,2.95369e+08,blackkey_num,368648926,feedback,31,feedsumportion,0.781156,finger0,11,finger,15,time,303076,runTime,1044.9
line,17348783,total,0.0103173,total0,0.0754904,false,0.001175,over,0.00407385,false0,0.0203868,over0,0.0706831,overaggr,0.00710859,overcuckoo,0.00320875,over_uai,0.000695476,over_uai,0.0021498,over_utai,0.0114273,over_utai,0.0105545,over_ai,0.00889263,over_ai,0.012069,countIP,4.19853e+10,countIP0,4.46937e+10,keysum,4.15566e+10,pktSum,1.85105e+11,aggrSum,2.95409e+08,blackkey_num,371937157,feedback,31,feedsumportion,0.781156,finger0,11,finger,15,time,303076,runTime,1045.9
line,17365142,total,0.0103071,total0,0.0755065,false,0.00116857,over,0.00404969,false0,0.0204379,over0,0.0708277,overaggr,0.00710174,overcuckoo,0.00320537,over_uai,0.000496831,over_uai,0.00161562,over_utai,0.0114145,over_utai,0.010547,over_ai,0.00888207,over_ai,0.0120595,countIP,4.20299e+10,countIP0,4.47423e+10,keysum,4.16011e+10,pktSum,1.85294e+11,aggrSum,2.9544e+08,blackkey_num,374965799,feedback,32,feedsumportion,0.700908,finger0,11,finger,15,time,302531,runTime,1046.9
line,17381674,total,0.0102994,total0,0.075507,false,0.00116792,over,0.00404414,false0,0.0204654,over0,0.0708654,overaggr,0.00709602,overcuckoo,0.00320342,over_uai,0.000403669,over_uai,0.00695891,over_utai,0.0114007,over_utai,0.010544,over_ai,0.00887106,over_ai,0.0120574,countIP,4.20756e+10,countIP0,4.47913e+10,keysum,4.16467e+10,pktSum,1.8548e+11,aggrSum,2.95525e+08,blackkey_num,378125265,feedback,32,feedsumportion,0.700908,finger0,11,finger,15,time,302531,runTime,1047.9
line,17398296,total,0.0102952,total0,0.0754982,false,0.0011737,over,0.0040611,false0,0.0204738,over0,0.0708407,overaggr,0.00709475,overcuckoo,0.00320042,over_uai,0.000361372,over_uai,0.0117593,over_utai,0.0113878,over_utai,0.0105447,over_ai,0.00886035,over_ai,0.0120632,countIP,4.21211e+10,countIP0,4.48396e+10,keysum,4.16919e+10,pktSum,1.85666e+11,aggrSum,2.95794e+08,blackkey_num,381213244,feedback,32,feedsumportion,0.700908,finger0,11,finger,15,time,302531,runTime,1048.9
line,17415036,total,0.0102884,total0,0.0754908,false,0.00117351,over,0.00405905,false0,0.0204758,over0,0.0708239,overaggr,0.00709119,overcuckoo,0.00319716,over_uai,0.000511219,over_uai,0.00697852,over_utai,0.0113763,over_utai,0.0105412,over_ai,0.00885083,over_ai,0.0120605,countIP,4.21649e+10,countIP0,4.48862e+10,keysum,4.17355e+10,pktSum,1.85853e+11,aggrSum,2.95954e+08,blackkey_num,383833241,feedback,32,feedsumportion,0.700908,finger0,11,finger,15,time,302531,runTime,1049.9
line,17431273,total,0.0102809,total0,0.0755077,false,0.00117225,over,0.0040529,false0,0.0205266,over0,0.0709677,overaggr,0.00708704,overcuckoo,0.00319388,over_uai,0.000738762,over_uai,0.00545828,over_utai,0.0113652,over_utai,0.010536,over_ai,0.00884205,over_ai,0.0120546,countIP,4.22087e+10,countIP0,4.49338e+10,keysum,4.17792e+10,pktSum,1.86038e+11,aggrSum,2.96091e+08,blackkey_num,386362146,feedback,32,feedsumportion,0.700908,finger0,11,finger,15,time,302531,runTime,1050.9
line,17447700,total,0.0102715,total0,0.0755162,false,0.00116875,over,0.00403664,false0,0.0205737,over0,0.0710577,overaggr,0.00708109,overcuckoo,0.00319037,over_uai,0.000654053,over_uai,0.00360393,over_utai,0.0113533,over_utai,0.0105294,over_ai,0.0088318,over_ai,0.0120463,countIP,4.22557e+10,countIP0,4.49847e+10,keysum,4.18261e+10,pktSum,1.86224e+11,aggrSum,2.96174e+08,blackkey_num,388513873,feedback,31,feedsumportion,0.913067,finger0,11,finger,15,time,302646,runTime,1051.9
line,17464367,total,0.0102609,total0,0.0755108,false,0.00116335,over,0.00401329,false0,0.020597,over0,0.0710549,overaggr,0.00707407,overcuckoo,0.00318684,over_uai,0.000454051,over_uai,0.00190977,over_utai,0.011342,over_utai,0.0105204,over_ai,0.00882255,over_ai,0.0120334,countIP,4.23027e+10,countIP0,4.50349e+10,keysum,4.18731e+10,pktSum,1.86408e+11,aggrSum,2.96213e+08,blackkey_num,390543892,feedback,31,feedsumportion,0.913067,finger0,11,finger,15,time,302646,runTime,1052.9
line,17480929,total,0.0102496,total0,0.0754862,false,0.00115837,over,0.00398928,false0,0.0205961,over0,0.0709306,overaggr,0.0070666,overcuckoo,0.00318299,over_uai,0.000393191,over_uai,0.0018016,over_utai,0.0113302,over_utai,0.0105096,over_ai,0.00881296,over_ai,0.0120187,countIP,4.23539e+10,countIP0,4.50889e+10,keysum,4.19242e+10,pktSum,1.86597e+11,aggrSum,2.96262e+08,blackkey_num,392709111,feedback,31,feedsumportion,0.913067,finger0,11,finger,15,time,302646,runTime,1053.9
line,17497454,total,0.0102389,total0,0.0754814,false,0.00115374,over,0.00396793,false0,0.0206252,over0,0.0709342,overaggr,0.00705964,overcuckoo,0.00317926,over_uai,0.000532226,over_uai,0.00195158,over_utai,0.0113192,over_utai,0.010499,over_ai,0.00880432,over_ai,0.012004,countIP,4.24035e+10,countIP0,4.5142e+10,keysum,4.19738e+10,pktSum,1.86787e+11,aggrSum,2.9632e+08,blackkey_num,394624147,feedback,31,feedsumportion,0.913067,finger0,11,finger,15,time,302646,runTime,1054.9
line,17513574,total,0.0102296,total0,0.0754798,false,0.00115129,over,0.00395476,false0,0.0206569,over0,0.0709577,overaggr,0.00705306,overcuckoo,0.0031765,over_uai,0.000570779,over_uai,0.00343716,over_utai,0.0113086,over_utai,0.0104903,over_ai,0.00879592,over_ai,0.0119922,countIP,4.24525e+10,countIP0,4.51945e+10,keysum,4.20226e+10,pktSum,1.86977e+11,aggrSum,2.96388e+08,blackkey_num,396684595,feedback,31,feedsumportion,0.913067,finger0,11,finger,15,time,302646,runTime,1055.9
line,17529874,total,0.0102189,total0,0.0754662,false,0.00114552,over,0.00393116,false0,0.0206608,over0,0.0709028,overaggr,0.00704579,overcuckoo,0.00317313,over_uai,0.00053602,over_uai,0.000910255,over_utai,0.0112991,over_utai,0.0104778,over_ai,0.00878868,over_ai,0.011975,countIP,4.24991e+10,countIP0,4.5244e+10,keysum,4.20692e+10,pktSum,1.87162e+11,aggrSum,2.96411e+08,blackkey_num,398690970,feedback,32,feedsumportion,0.807974,finger0,11,finger,15,time,304609,runTime,1056.9
line,17546267,total,0.0102083,total0,0.075444,false,0.00114042,over,0.00390895,false0,0.020654,over0,0.0707946,overaggr,0.0070386,overcuckoo,0.00316968,over_uai,0.000926066,over_uai,0.00127788,over_utai,0.0112895,over_utai,0.0104662,over_ai,0.00878129,over_ai,0.0119579,countIP,4.25469e+10,countIP0,4.52944e+10,keysum,4.21169e+10,pktSum,1.87346e+11,aggrSum,2.96444e+08,blackkey_num,400869832,feedback,32,feedsumportion,0.807974,finger0,11,finger,15,time,304609,runTime,1057.9
line,17562607,total,0.0102037,total0,0.0754331,false,0.00114687,over,0.00392585,false0,0.0206713,over0,0.0707599,overaggr,0.00703755,overcuckoo,0.00316611,over_uai,0.000574903,over_uai,0.00952296,over_utai,0.0112794,over_utai,0.0104649,over_ai,0.00877346,over_ai,0.0119566,countIP,4.25961e+10,countIP0,4.53465e+10,keysum,4.21658e+10,pktSum,1.87532e+11,aggrSum,2.96744e+08,blackkey_num,402876494,feedback,32,feedsumportion,0.807974,finger0,11,finger,15,time,304609,runTime,1058.9
line,17578852,total,0.0102055,total0,0.0754047,false,0.00116658,over,0.00398527,false0,0.0206715,over0,0.0706179,overaggr,0.00704317,overcuckoo,0.00316232,over_uai,0.00052395,over_uai,0.0161439,over_utai,0.0112696,over_utai,0.0104727,over_ai,0.00876573,over_ai,0.011971,countIP,4.26482e+10,countIP0,4.54007e+10,keysum,4.22173e+10,pktSum,1.87713e+11,aggrSum,2.97344e+08,blackkey_num,405059735,feedback,32,feedsumportion,0.807974,finger0,11,finger,15,time,304609,runTime,1059.9
line,17595022,total,0.0102041,total0,0.0753772,false,0.00118275,over,0.00402932,false0,0.0206904,over0,0.0704871,overaggr,0.00704597,overcuckoo,0.00315816,over_uai,0.000582824,over_uai,0.0133746,over_utai,0.0112598,over_utai,0.0104748,over_ai,0.00875768,over_ai,0.0119743,countIP,4.27061e+10,countIP0,4.54612e+10,keysum,4.22747e+10,pktSum,1.87902e+11,aggrSum,2.97866e+08,blackkey_num,407250619,feedback,32,feedsumportion,0.807974,finger0,11,finger,15,time,304609,runTime,1060.9
line,17611118,total,0.0102381,total0,0.0753442,false,0.00126344,over,0.0042918,false0,0.0207026,over0,0.0703249,overaggr,0.00708404,overcuckoo,0.00315403,over_uai,0.000539444,over_uai,0.0462915,over_utai,0.0112502,over_utai,0.0105299,over_ai,0.00874982,over_ai,0.0120635,countIP,4.27667e+10,countIP0,4.55229e+10,keysum,4.23333e+10,pktSum,1.88093e+11,aggrSum,2.99891e+08,blackkey_num,409789804,feedback,30,feedsumportion,0.962432,finger0,11,finger,15,time,303556,runTime,1061.9
line,17627028,total,0.0102248,total0,0.0753063,false,0.00125775,over,0.00426096,false0,0.0207025,over0,0.0701352,overaggr,0.00707481,overcuckoo,0.00315002,over_uai,0.000698127,over_uai,0.000934801,over_utai,0.0112406,over_utai,0.0105113,over_ai,0.00874199,over_ai,0.0120354,countIP,4.28253e+10,countIP0,4.55842e+10,keysum,4.23918e+10,pktSum,1.88287e+11,aggrSum,2.99914e+08,blackkey_num,412196060,feedback,30,feedsumportion,0.962432,finger0,11,finger,15,time,303556,runTime,1062.9
line,17643272,total,0.0102179,total0,0.0752625,false,0.00126249,over,0.00426664,false0,0.0206861,over0,0.0699096,overaggr,0.00707185,overcuckoo,0.00314608,over_uai,0.000662302,over_uai,0.00656817,over_utai,0.0112311,over_utai,0.0104998,over_ai,0.00873442,over_ai,0.0120191,countIP,4.28814e+10,countIP0,4.56424e+10,keysum,4.24476e+10,pktSum,1.88475e+11,aggrSum,3.00183e+08,blackkey_num,414594817,feedback,30,feedsumportion,0.962432,finger0,11,finger,15,time,303556,runTime,1063.9
line,17659697,total,0.0102586,total0,0.0752429,false,0.0013481,over,0.00455235,false0,0.0206779,over0,0.0698264,overaggr,0.00711568,overcuckoo,0.00314295,over_uai,0.000494381,over_uai,0.0732929,over_utai,0.0112209,over_utai,0.0105656,over_ai,0.00872669,over_ai,0.0121247,countIP,4.29296e+10,countIP0,4.5691e+10,keysum,4.24937e+10,pktSum,1.88658e+11,aggrSum,3.02372e+08,blackkey_num,417172177,feedback,30,feedsumportion,0.962432,finger0,11,finger,15,time,303556,runTime,1064.9
line,17676427,total,0.0102611,total0,0.0752355,false,0.00136332,over,0.00460204,false0,0.020682,over0,0.0698146,overaggr,0.00710911,overcuckoo,0.003152,over_uai,0.000724471,over_uai,0.0212867,over_utai,0.0112105,over_utai,0.0105714,over_ai,0.00871847,over_ai,0.012136,countIP,4.29732e+10,countIP0,4.5737e+10,keysum,4.25367e+10,pktSum,1.88837e+11,aggrSum,3.02398e+08,blackkey_num,419849879,feedback,30,feedsumportion,0.962432,finger0,11,finger,15,time,303556,runTime,1065.9
line,17693087,total,0.0102662,total0,0.0752242,false,0.00138355,over,0.00466839,false0,0.0206808,over0,0.0697813,overaggr,0.00710381,overcuckoo,0.00316237,over_uai,0.000448542,over_uai,0.0296431,over_utai,0.0111986,over_utai,0.0105827,over_ai,0.00870866,over_ai,0.012156,countIP,4.30189e+10,countIP0,4.57849e+10,keysum,4.25818e+10,pktSum,1.89024e+11,aggrSum,3.02493e+08,blackkey_num,422506706,feedback,30,feedsumportion,0.98886,finger0,11,finger,15,time,303367,runTime,1066.9
line,17709637,total,0.0102681,total0,0.0752083,false,0.00139764,over,0.00471439,false0,0.0206694,over0,0.0697204,overaggr,0.00709848,overcuckoo,0.00316958,over_uai,0.000561941,over_uai,0.021757,over_utai,0.0111875,over_utai,0.0105895,over_ai,0.00869954,over_ai,0.0121687,countIP,4.30639e+10,countIP0,4.5832e+10,keysum,4.26262e+10,pktSum,1.89211e+11,aggrSum,3.02581e+08,blackkey_num,427274867,feedback,30,feedsumportion,0.98886,finger0,11,finger,15,time,303367,runTime,1067.9
line,17726103,total,0.010275,total0,0.0751947,false,0.00142127,over,0.00479099,false0,0.0206693,over0,0.0696745,overaggr,0.00709313,overcuckoo,0.0031819,over_uai,0.000518801,over_uai,0.0289693,over_utai,0.0111764,over_utai,0.0106069,over_ai,0.00869062,over_ai,0.0121984,countIP,4.31103e+10,countIP0,4.58805e+10,keysum,4.26718e+10,pktSum,1.89395e+11,aggrSum,3.02677e+08,blackkey_num,429728988,feedback,30,feedsumportion,0.98886,finger0,11,finger,15,time,303367,runTime,1068.9
line,17742657,total,0.010269,total0,0.0751813,false,0.0014199,over,0.00478701,false0,0.0206523,over0,0.0696268,overaggr,0.00708973,overcuckoo,0.00317927,over_uai,0.000609484,over_uai,0.00740385,over_utai,0.0111663,over_utai,0.0106039,over_ai,0.00868249,over_ai,0.0121952,countIP,4.31522e+10,countIP0,4.59249e+10,keysum,4.27136e+10,pktSum,1.89581e+11,aggrSum,3.02828e+08,blackkey_num,432406596,feedback,30,feedsumportion,0.98886,finger0,11,finger,15,time,303367,runTime,1069.9
line,17759092,total,0.0102612,total0,0.0751831,false,0.00141647,over,0.00477395,false0,0.020672,over0,0.0696711,overaggr,0.00708448,overcuckoo,0.00317669,over_uai,0.000658777,over_uai,0.00495513,over_utai,0.0111557,over_utai,0.0105985,over_ai,0.0086738,over_ai,0.0121885,countIP,4.31961e+10,countIP0,4.5972e+10,keysum,4.27573e+10,pktSum,1.89764e+11,aggrSum,3.02913e+08,blackkey_num,434713318,feedback,30,feedsumportion,0.98886,finger0,11,finger,15,time,303367,runTime,1070.9
line,17775321,total,0.0102518,total0,0.075178,false,0.00140898,over,0.00475065,false0,0.0206639,over0,0.0696725,overaggr,0.00707805,overcuckoo,0.00317379,over_uai,0.00070752,over_uai,0.00118865,over_utai,0.0111456,over_utai,0.01059,over_ai,0.00866565,over_ai,0.0121775,countIP,4.32378e+10,countIP0,4.60165e+10,keysum,4.2799e+10,pktSum,1.89956e+11,aggrSum,3.02933e+08,blackkey_num,436695317,feedback,32,feedsumportion,0.900289,finger0,11,finger,15,time,364831,runTime,1071.9
line,17791578,total,0.0102411,total0,0.0751592,false,0.00140173,over,0.00472399,false0,0.0206519,over0,0.0695991,overaggr,0.00707074,overcuckoo,0.00317039,over_uai,0.00040598,over_uai,0.00103637,over_utai,0.0111349,over_utai,0.0105785,over_ai,0.00865692,over_ai,0.0121631,countIP,4.32855e+10,countIP0,4.6067e+10,keysum,4.28467e+10,pktSum,1.90153e+11,aggrSum,3.02958e+08,blackkey_num,438809386,feedback,32,feedsumportion,0.900289,finger0,11,finger,15,time,364831,runTime,1072.9
line,17807740,total,0.0102307,total0,0.0751387,false,0.00139421,over,0.00469758,false0,0.0206315,over0,0.0695146,overaggr,0.00706362,overcuckoo,0.0031671,over_uai,0.000488724,over_uai,0.000765305,over_utai,0.0111247,over_utai,0.010567,over_ai,0.00864874,over_ai,0.0121486,countIP,4.3331e+10,countIP0,4.61151e+10,keysum,4.28922e+10,pktSum,1.90346e+11,aggrSum,3.02974e+08,blackkey_num,440912050,feedback,32,feedsumportion,0.900289,finger0,11,finger,15,time,364831,runTime,1073.9
line,17824421,total,0.010221,total0,0.0751261,false,0.00138665,over,0.00467317,false0,0.0206146,over0,0.0694738,overaggr,0.00705699,overcuckoo,0.00316399,over_uai,0.000504066,over_uai,0.000960182,over_utai,0.0111136,over_utai,0.0105585,over_ai,0.00864002,over_ai,0.0121373,countIP,4.33736e+10,countIP0,4.61603e+10,keysum,4.29348e+10,pktSum,1.90538e+11,aggrSum,3.02991e+08,blackkey_num,443112625,feedback,32,feedsumportion,0.900289,finger0,11,finger,15,time,364831,runTime,1074.9
line,17840927,total,0.0102116,total0,0.0751094,false,0.00137978,over,0.00465012,false0,0.0205952,over0,0.0694099,overaggr,0.00705059,overcuckoo,0.003161,over_uai,0.000479754,over_uai,0.00121142,over_utai,0.0111031,over_utai,0.0105504,over_ai,0.00863131,over_ai,0.012127,countIP,4.34153e+10,countIP0,4.62044e+10,keysum,4.29764e+10,pktSum,1.90721e+11,aggrSum,3.03009e+08,blackkey_num,445161125,feedback,32,feedsumportion,0.900289,finger0,11,finger,15,time,364831,runTime,1075.9
line,17857611,total,0.0102034,total0,0.0751077,false,0.00137493,over,0.00463355,false0,0.0206025,over0,0.069431,overaggr,0.00704528,overcuckoo,0.00315809,over_uai,0.000629402,over_uai,0.00268796,over_utai,0.0110935,over_utai,0.0105428,over_ai,0.0086236,over_ai,0.0121172,countIP,4.34565e+10,countIP0,4.62485e+10,keysum,4.30175e+10,pktSum,1.90899e+11,aggrSum,3.03071e+08,blackkey_num,447470485,feedback,31,feedsumportion,0.616451,finger0,11,finger,15,time,303716,runTime,1076.9
line,17874204,total,0.0101923,total0,0.075082,false,0.00137,over,0.00460895,false0,0.0206064,over0,0.0693242,overaggr,0.00703791,overcuckoo,0.00315434,over_uai,0.000360419,over_uai,0.00198699,over_utai,0.0110815,over_utai,0.010533,over_ai,0.00861372,over_ai,0.0121037,countIP,4.3509e+10,countIP0,4.63038e+10,keysum,4.307e+10,pktSum,1.91084e+11,aggrSum,3.03123e+08,blackkey_num,449466868,feedback,31,feedsumportion,0.616451,finger0,11,finger,15,time,303716,runTime,1077.9
line,17890947,total,0.0101835,total0,0.0750874,false,0.00136492,over,0.00459088,false0,0.0206297,over0,0.0693875,overaggr,0.00703219,overcuckoo,0.00315131,over_uai,0.000544412,over_uai,0.00237527,over_utai,0.0110711,over_utai,0.0105251,over_ai,0.00860548,over_ai,0.0120937,countIP,4.3552e+10,countIP0,4.63502e+10,keysum,4.31129e+10,pktSum,1.91266e+11,aggrSum,3.03178e+08,blackkey_num,451847845,feedback,31,feedsumportion,0.616451,finger0,11,finger,15,time,303716,runTime,1078.9
line,17907743,total,0.0101764,total0,0.0750836,false,0.00136237,over,0.00458097,false0,0.0206384,over0,0.0693969,overaggr,0.00702684,overcuckoo,0.00314954,over_uai,0.000417652,over_uai,0.00476685,over_utai,0.0110604,over_utai,0.0105199,over_ai,0.00859703,over_ai,0.0120886,countIP,4.35933e+10,countIP0,4.63944e+10,keysum,4.31542e+10,pktSum,1.91439e+11,aggrSum,3.03238e+08,blackkey_num,454545221,feedback,31,feedsumportion,0.616451,finger0,11,finger,15,time,303716,runTime,1079.9
line,17924809,total,0.0101678,total0,0.0750639,false,0.00135756,over,0.00456341,false0,0.0206211,over0,0.0693173,overaggr,0.00702118,overcuckoo,0.00314662,over_uai,0.000649661,over_uai,0.00189261,over_utai,0.0110518,over_utai,0.01051,over_ai,0.00859017,over_ai,0.0120763,countIP,4.36355e+10,countIP0,4.64387e+10,keysum,4.31962e+10,pktSum,1.91614e+11,aggrSum,3.03289e+08,blackkey_num,456563912,feedback,31,feedsumportion,0.616451,finger0,11,finger,15,time,303716,runTime,1080.9
line,17942149,total,0.0101586,total0,0.0750484,false,0.00135335,over,0.0045455,false0,0.0206227,over0,0.0692654,overaggr,0.00701413,overcuckoo,0.00314442,over_uai,0.000637204,over_uai,0.00241581,over_utai,0.0110422,over_utai,0.0105007,over_ai,0.00858223,over_ai,0.0120643,countIP,4.36821e+10,countIP0,4.64881e+10,keysum,4.32428e+10,pktSum,1.91796e+11,aggrSum,3.03311e+08,blackkey_num,458774051,feedback,35,feedsumportion,0.80335,finger0,11,finger,15,time,302041,runTime,1081.9
line,17959291,total,0.0101479,total0,0.075033,false,0.00134851,over,0.00452266,false0,0.0206385,over0,0.0692178,overaggr,0.00700685,overcuckoo,0.00314101,over_uai,0.000642897,over_uai,0.00145678,over_utai,0.0110331,over_utai,0.0104882,over_ai,0.00857484,over_ai,0.012047,countIP,4.37328e+10,countIP0,4.65419e+10,keysum,4.32935e+10,pktSum,1.91978e+11,aggrSum,3.03351e+08,blackkey_num,461126966,feedback,35,feedsumportion,0.80335,finger0,11,finger,15,time,302041,runTime,1082.9
line,17976404,total,0.0101428,total0,0.0750246,false,0.00135132,over,0.00452831,false0,0.0206521,over0,0.0692061,overaggr,0.007005,overcuckoo,0.00313781,over_uai,0.000317928,over_uai,0.00901293,over_utai,0.0110223,over_utai,0.0104864,over_ai,0.00856602,over_ai,0.012047,countIP,4.37799e+10,countIP0,4.65919e+10,keysum,4.33403e+10,pktSum,1.9216e+11,aggrSum,3.03599e+08,blackkey_num,463508512,feedback,35,feedsumportion,0.80335,finger0,11,finger,15,time,302041,runTime,1083.9
line,17993595,total,0.0101331,total0,0.0750259,false,0.00134593,over,0.00450767,false0,0.0206762,over0,0.0692469,overaggr,0.00699849,overcuckoo,0.00313462,over_uai,0.000630525,over_uai,0.00163581,over_utai,0.0110121,over_utai,0.0104775,over_ai,0.00855778,over_ai,0.0120348,countIP,4.38258e+10,countIP0,4.66413e+10,keysum,4.33862e+10,pktSum,1.92345e+11,aggrSum,3.03638e+08,blackkey_num,465744666,feedback,35,feedsumportion,0.80335,finger0,11,finger,15,time,302041,runTime,1084.9
line,18010666,total,0.0101265,total0,0.0750153,false,0.00134515,over,0.00450342,false0,0.0206761,over0,0.0692214,overaggr,0.00699495,overcuckoo,0.00313159,over_uai,0.000545925,over_uai,0.00611593,over_utai,0.0110016,over_utai,0.0104731,over_ai,0.00854932,over_ai,0.0120309,countIP,4.38707e+10,countIP0,4.66889e+10,keysum,4.34309e+10,pktSum,1.9253e+11,aggrSum,3.03797e+08,blackkey_num,467910995,feedback,35,feedsumportion,0.80335,finger0,11,finger,15,time,302041,runTime,1085.9
line,18027781,total,0.0101182,total0,0.0750095,false,0.00134085,over,0.00448814,false0,0.0206802,over0,0.0692212,overaggr,0.00698951,overcuckoo,0.00312866,over_uai,0.000729797,over_uai,0.00247233,over_utai,0.0109927,over_utai,0.0104639,over_ai,0.00854211,over_ai,0.0120199,countIP,4.39137e+10,countIP0,4.67348e+10,keysum,4.34739e+10,pktSum,1.92711e+11,aggrSum,3.03861e+08,blackkey_num,470065880,feedback,31,feedsumportion,0.897549,finger0,11,finger,15,time,302899,runTime,1086.9
line,18044967,total,0.0101095,total0,0.0749981,false,0.001337,over,0.00447284,false0,0.0206826,over0,0.0691921,overaggr,0.00698303,overcuckoo,0.00312647,over_uai,0.000516882,over_uai,0.00328677,over_utai,0.0109821,over_utai,0.0104567,over_ai,0.0085332,over_ai,0.0120114,countIP,4.3959e+10,countIP0,4.67829e+10,keysum,4.3519e+10,pktSum,1.92893e+11,aggrSum,3.03895e+08,blackkey_num,472120459,feedback,31,feedsumportion,0.897549,finger0,11,finger,15,time,302899,runTime,1087.9
line,18062375,total,0.0101008,total0,0.0749971,false,0.00133263,over,0.004456,false0,0.0207004,over0,0.0692173,overaggr,0.00697736,overcuckoo,0.00312342,over_uai,0.000598869,over_uai,0.00280896,over_utai,0.0109721,over_utai,0.0104492,over_ai,0.00852512,over_ai,0.012001,countIP,4.40023e+10,countIP0,4.68293e+10,keysum,4.35623e+10,pktSum,1.93068e+11,aggrSum,3.0395e+08,blackkey_num,474352996,feedback,31,feedsumportion,0.897549,finger0,11,finger,15,time,302899,runTime,1088.9
line,18079940,total,0.0100927,total0,0.0749994,false,0.00132822,over,0.00444137,false0,0.0207124,over0,0.069259,overaggr,0.00697186,overcuckoo,0.00312087,over_uai,0.000372735,over_uai,0.0030855,over_utai,0.0109611,over_utai,0.0104429,over_ai,0.00851637,over_ai,0.011994,countIP,4.40435e+10,countIP0,4.68737e+10,keysum,4.36035e+10,pktSum,1.93247e+11,aggrSum,3.03997e+08,blackkey_num,476307804,feedback,31,feedsumportion,0.897549,finger0,11,finger,15,time,302899,runTime,1089.9
line,18097332,total,0.0100851,total0,0.0749933,false,0.00132534,over,0.00443085,false0,0.0207159,over0,0.0692571,overaggr,0.0069672,overcuckoo,0.00311792,over_uai,0.000714034,over_uai,0.00423497,over_utai,0.0109498,over_utai,0.0104369,over_ai,0.00850705,over_ai,0.0119892,countIP,4.40872e+10,countIP0,4.69202e+10,keysum,4.3647e+10,pktSum,1.93431e+11,aggrSum,3.04097e+08,blackkey_num,478682918,feedback,31,feedsumportion,0.897549,finger0,11,finger,15,time,302899,runTime,1090.9
line,18114565,total,0.0101218,total0,0.0749942,false,0.00139234,over,0.0046552,false0,0.0207246,over0,0.0692914,overaggr,0.00700678,overcuckoo,0.00311505,over_uai,0.0643874,over_uai,0.00109445,over_utai,0.0110024,over_utai,0.0104286,over_ai,0.00857551,over_ai,0.0119794,countIP,4.41313e+10,countIP0,4.69655e+10,keysum,4.36891e+10,pktSum,1.93615e+11,aggrSum,3.0612e+08,blackkey_num,479297307,feedback,33,feedsumportion,0.803622,finger0,11,finger,15,time,296202,runTime,1091.9
line,18131379,total,0.0101523,total0,0.0749759,false,0.00145025,over,0.00484681,false0,0.0207135,over0,0.0692257,overaggr,0.00704036,overcuckoo,0.00311197,over_uai,0.0570033,over_uai,0.00094671,over_utai,0.0110478,over_utai,0.0104189,over_ai,0.00863517,over_ai,0.0119668,countIP,4.41784e+10,countIP0,4.70134e+10,keysum,4.37344e+10,pktSum,1.93801e+11,aggrSum,3.07906e+08,blackkey_num,479669804,feedback,33,feedsumportion,0.803622,finger0,11,finger,15,time,296202,runTime,1092.9
line,18148780,total,0.0101877,total0,0.0749665,false,0.0015151,over,0.00506162,false0,0.0207158,over0,0.069207,overaggr,0.00707863,overcuckoo,0.00310906,over_uai,0.0625028,over_uai,0.00121205,over_utai,0.0110991,over_utai,0.01041,over_ai,0.00870214,over_ai,0.0119552,countIP,4.42247e+10,countIP0,4.70607e+10,keysum,4.37787e+10,pktSum,1.93983e+11,aggrSum,3.09893e+08,blackkey_num,479910409,feedback,33,feedsumportion,0.803622,finger0,11,finger,15,time,296202,runTime,1093.9
line,18166155,total,0.0102243,total0,0.074946,false,0.00158139,over,0.00528075,false0,0.0207018,over0,0.0691296,overaggr,0.00711813,overcuckoo,0.00310616,over_uai,0.0628275,over_uai,0.00114198,over_utai,0.0111516,over_utai,0.0104015,over_ai,0.00877064,over_ai,0.0119449,countIP,4.42705e+10,countIP0,4.71067e+10,keysum,4.38224e+10,pktSum,1.9416e+11,aggrSum,3.11934e+08,blackkey_num,480136243,feedback,33,feedsumportion,0.803622,finger0,11,finger,15,time,296202,runTime,1094.9
line,18183427,total,0.0102605,total0,0.0749553,false,0.00164484,over,0.00549372,false0,0.0207204,over0,0.0692056,overaggr,0.00715702,overcuckoo,0.00310349,over_uai,0.0684075,over_uai,0.00130988,over_utai,0.0112036,over_utai,0.010393,over_ai,0.00883822,over_ai,0.0119345,countIP,4.43123e+10,countIP0,4.71499e+10,keysum,4.38622e+10,pktSum,1.94338e+11,aggrSum,3.13923e+08,blackkey_num,480356568,feedback,33,feedsumportion,0.803622,finger0,11,finger,15,time,296202,runTime,1095.9
line,18200331,total,0.0102556,total0,0.0749616,false,0.00164392,over,0.00549134,false0,0.0207361,over0,0.0692666,overaggr,0.00715376,overcuckoo,0.00310181,over_uai,0.000949863,over_uai,0.00884858,over_utai,0.0111933,over_utai,0.0103914,over_ai,0.0088299,over_ai,0.0119344,countIP,4.43537e+10,countIP0,4.71945e+10,keysum,4.39034e+10,pktSum,1.94521e+11,aggrSum,3.14075e+08,blackkey_num,482309214,feedback,41,feedsumportion,0.987127,finger0,11,finger,15,time,296715,runTime,1096.9
line,18217546,total,0.0102739,total0,0.0750104,false,0.00167915,over,0.00560914,false0,0.0208197,over0,0.0695474,overaggr,0.00717415,overcuckoo,0.00309973,over_uai,0.00134792,over_uai,0.0524342,over_utai,0.0111835,over_utai,0.0104255,over_ai,0.00882234,over_ai,0.0119901,countIP,4.43953e+10,countIP0,4.72401e+10,keysum,4.39439e+10,pktSum,1.94697e+11,aggrSum,3.1526e+08,blackkey_num,484366986,feedback,41,feedsumportion,0.987127,finger0,11,finger,15,time,296715,runTime,1097.9
line,18234436,total,0.0102955,total0,0.0750222,false,0.00171921,over,0.00574378,false0,0.0208429,over0,0.0696347,overaggr,0.00719781,overcuckoo,0.00309768,over_uai,0.00123186,over_uai,0.0601246,over_utai,0.0111731,over_utai,0.010465,over_ai,0.00881431,over_ai,0.0120553,countIP,4.44384e+10,countIP0,4.72854e+10,keysum,4.39855e+10,pktSum,1.94882e+11,aggrSum,3.166e+08,blackkey_num,486339658,feedback,41,feedsumportion,0.987127,finger0,11,finger,15,time,296715,runTime,1098.9
line,18251319,total,0.0102907,total0,0.0750199,false,0.00171781,over,0.00574067,false0,0.0208412,over0,0.0696485,overaggr,0.00719507,overcuckoo,0.00309566,over_uai,0.00162961,over_uai,0.0077631,over_utai,0.0111636,over_utai,0.0104623,over_ai,0.00880708,over_ai,0.0120535,countIP,4.44788e+10,countIP0,4.73286e+10,keysum,4.40258e+10,pktSum,1.95064e+11,aggrSum,3.16768e+08,blackkey_num,488330859,feedback,41,feedsumportion,0.987127,finger0,11,finger,15,time,296715,runTime,1099.9
line,18268090,total,0.0102851,total0,0.0750271,false,0.00171566,over,0.00573417,false0,0.0208578,over0,0.069712,overaggr,0.00719135,overcuckoo,0.00309375,over_uai,0.000880677,over_uai,0.0092227,over_utai,0.0111525,over_utai,0.010461,over_ai,0.00879794,over_ai,0.0120525,countIP,4.45213e+10,countIP0,4.73744e+10,keysum,4.40681e+10,pktSum,1.95251e+11,aggrSum,3.16909e+08,blackkey_num,490252983,feedback,41,feedsumportion,0.987127,finger0,11,finger,15,time,296715,runTime,1100.9
line,18285152,total,0.0103008,total0,0.0750231,false,0.00174575,over,0.00583583,false0,0.0208552,over0,0.0697164,overaggr,0.00718568,overcuckoo,0.00311509,over_uai,0.000925339,over_uai,0.0506459,over_utai,0.0111424,over_utai,0.0104916,over_ai,0.00879003,over_ai,0.0121026,countIP,4.45633e+10,countIP0,4.74181e+10,keysum,4.41089e+10,pktSum,1.95434e+11,aggrSum,3.16953e+08,blackkey_num,492348346,feedback,43,feedsumportion,0.957492,finger0,11,finger,15,time,297873,runTime,1101.9
line,18301931,total,0.0102924,total0,0.0750234,false,0.00173988,over,0.0058155,false0,0.0208662,over0,0.0697447,overaggr,0.0071802,overcuckoo,0.00311221,over_uai,0.000831309,over_uai,0.00298835,over_utai,0.0111323,over_utai,0.0104846,over_ai,0.00878177,over_ai,0.0120933,countIP,4.46066e+10,countIP0,4.74646e+10,keysum,4.41521e+10,pktSum,1.95618e+11,aggrSum,3.17021e+08,blackkey_num,494473394,feedback,43,feedsumportion,0.957492,finger0,11,finger,15,time,297873,runTime,1102.9
line,18318640,total,0.0102837,total0,0.0750109,false,0.00173398,over,0.00579357,false0,0.020863,over0,0.0697073,overaggr,0.00717416,overcuckoo,0.00310954,over_uai,0.000825221,over_uai,0.00236589,over_utai,0.0111229,over_utai,0.0104767,over_ai,0.00877419,over_ai,0.0120819,countIP,4.46498e+10,countIP0,4.75105e+10,keysum,4.41954e+10,pktSum,1.95795e+11,aggrSum,3.17065e+08,blackkey_num,496594742,feedback,43,feedsumportion,0.957492,finger0,11,finger,15,time,297873,runTime,1103.9
line,18335236,total,0.0102752,total0,0.0750062,false,0.00172774,over,0.00577293,false0,0.0208629,over0,0.06971,overaggr,0.00716852,overcuckoo,0.00310671,over_uai,0.00070881,over_uai,0.00270314,over_utai,0.0111124,over_utai,0.0104694,over_ai,0.00876618,over_ai,0.012072,countIP,4.46931e+10,countIP0,4.75568e+10,keysum,4.42386e+10,pktSum,1.95984e+11,aggrSum,3.17125e+08,blackkey_num,498706328,feedback,43,feedsumportion,0.957492,finger0,11,finger,15,time,297873,runTime,1104.9
line,18352024,total,0.0102672,total0,0.0750029,false,0.00172151,over,0.00575384,false0,0.0208592,over0,0.0697182,overaggr,0.00716307,overcuckoo,0.00310417,over_uai,0.000916456,over_uai,0.00239904,over_utai,0.0111028,over_utai,0.0104616,over_ai,0.00875898,over_ai,0.0120623,countIP,4.47345e+10,countIP0,4.7601e+10,keysum,4.42798e+10,pktSum,1.96172e+11,aggrSum,3.1718e+08,blackkey_num,500833796,feedback,43,feedsumportion,0.957492,finger0,11,finger,15,time,297873,runTime,1105.9
line,18368208,total,0.0102624,total0,0.0750006,false,0.00171926,over,0.00575008,false0,0.0208493,over0,0.0697307,overaggr,0.00716091,overcuckoo,0.00310148,over_uai,0.000573244,over_uai,0.00945464,over_utai,0.0110923,over_utai,0.0104606,over_ai,0.0087509,over_ai,0.0120619,countIP,4.47749e+10,countIP0,4.76441e+10,keysum,4.43201e+10,pktSum,1.96366e+11,aggrSum,3.17372e+08,blackkey_num,504520322,feedback,43,feedsumportion,0.665033,finger0,11,finger,15,time,297933,runTime,1106.9
line,18384413,total,0.0102609,total0,0.0750044,false,0.00172277,over,0.00576367,false0,0.0208556,over0,0.0697744,overaggr,0.00716209,overcuckoo,0.00309876,over_uai,0.000792881,over_uai,0.0139863,over_utai,0.0110829,over_utai,0.0104632,over_ai,0.00874348,over_ai,0.0120679,countIP,4.48171e+10,countIP0,4.76893e+10,keysum,4.4362e+10,pktSum,1.96557e+11,aggrSum,3.17724e+08,blackkey_num,507283152,feedback,43,feedsumportion,0.665033,finger0,11,finger,15,time,297933,runTime,1107.9
line,18401058,total,0.0102569,total0,0.0749917,false,0.00172413,over,0.00576694,false0,0.0208494,over0,0.0697381,overaggr,0.0071596,overcuckoo,0.00309729,over_uai,0.000653088,over_uai,0.0106195,over_utai,0.0110731,over_utai,0.0104626,over_ai,0.00873569,over_ai,0.0120682,countIP,4.48631e+10,countIP0,4.77378e+10,keysum,4.44076e+10,pktSum,1.96749e+11,aggrSum,3.17941e+08,blackkey_num,509578783,feedback,43,feedsumportion,0.665033,finger0,11,finger,15,time,297933,runTime,1108.9
line,18417574,total,0.0102484,total0,0.0749898,false,0.00171851,over,0.00574719,false0,0.0208579,over0,0.0697545,overaggr,0.00715409,overcuckoo,0.00309432,over_uai,0.000597704,over_uai,0.00292439,over_utai,0.0110628,over_utai,0.010455,over_ai,0.00872805,over_ai,0.0120573,countIP,4.49077e+10,countIP0,4.77855e+10,keysum,4.44521e+10,pktSum,1.96937e+11,aggrSum,3.18014e+08,blackkey_num,511874756,feedback,43,feedsumportion,0.665033,finger0,11,finger,15,time,297933,runTime,1109.9
line,18434213,total,0.0102403,total0,0.0749834,false,0.00171245,over,0.0057278,false0,0.0208523,over0,0.0697465,overaggr,0.00714868,overcuckoo,0.00309166,over_uai,0.000591895,over_uai,0.0028189,over_utai,0.0110528,over_utai,0.0104486,over_ai,0.00872001,over_ai,0.0120488,countIP,4.49486e+10,countIP0,4.78293e+10,keysum,4.4493e+10,pktSum,1.9712e+11,aggrSum,3.18066e+08,blackkey_num,514109487,feedback,43,feedsumportion,0.665033,finger0,11,finger,15,time,297933,runTime,1110.9
line,18451171,total,0.0102376,total0,0.0749761,false,0.00171534,over,0.00573619,false0,0.0208539,over0,0.0697363,overaggr,0.00714784,overcuckoo,0.00308972,over_uai,0.000591881,over_uai,0.0119831,over_utai,0.0110426,over_utai,0.0104499,over_ai,0.00871175,over_ai,0.0120536,countIP,4.49933e+10,countIP0,4.78766e+10,keysum,4.45373e+10,pktSum,1.97305e+11,aggrSum,3.18346e+08,blackkey_num,516048043,feedback,40,feedsumportion,0.883842,finger0,11,finger,15,time,297469,runTime,1111.9
line,18467465,total,0.0102348,total0,0.0749983,false,0.0017182,over,0.00574531,false0,0.020896,over0,0.0698719,overaggr,0.00714709,overcuckoo,0.00308767,over_uai,0.000705666,over_uai,0.012183,over_utai,0.0110325,over_utai,0.0104511,over_ai,0.00870362,over_ai,0.0120576,countIP,4.50398e+10,countIP0,4.79272e+10,keysum,4.45835e+10,pktSum,1.97504e+11,aggrSum,3.18642e+08,blackkey_num,517950024,feedback,40,feedsumportion,0.883842,finger0,11,finger,15,time,297469,runTime,1112.9
line,18484106,total,0.0102292,total0,0.0750113,false,0.00171725,over,0.00574076,false0,0.0209277,over0,0.0699611,overaggr,0.00714359,overcuckoo,0.00308557,over_uai,0.000728284,over_uai,0.00741972,over_utai,0.0110222,over_utai,0.0104473,over_ai,0.00869556,over_ai,0.0120544,countIP,4.50865e+10,countIP0,4.79777e+10,keysum,4.46299e+10,pktSum,1.97698e+11,aggrSum,3.18818e+08,blackkey_num,519863066,feedback,40,feedsumportion,0.883842,finger0,11,finger,15,time,297469,runTime,1113.9
line,18500476,total,0.0102245,total0,0.0749956,false,0.00171714,over,0.00573966,false0,0.0209148,over0,0.0699093,overaggr,0.00714102,overcuckoo,0.00308344,over_uai,0.000646896,over_uai,0.00972405,over_utai,0.0110118,over_utai,0.0104461,over_ai,0.00868751,over_ai,0.0120534,countIP,4.51311e+10,countIP0,4.80248e+10,keysum,4.46744e+10,pktSum,1.97887e+11,aggrSum,3.19021e+08,blackkey_num,521759479,feedback,40,feedsumportion,0.883842,finger0,11,finger,15,time,297469,runTime,1114.9
line,18517327,total,0.0102189,total0,0.0749943,false,0.00171438,over,0.00573241,false0,0.0209123,over0,0.0699251,overaggr,0.00713733,overcuckoo,0.00308161,over_uai,0.000769861,over_uai,0.0064854,over_utai,0.0110028,over_utai,0.0104421,over_ai,0.00868044,over_ai,0.0120497,countIP,4.51714e+10,countIP0,4.80678e+10,keysum,4.47145e+10,pktSum,1.98072e+11,aggrSum,3.19142e+08,blackkey_num,523730411,feedback,40,feedsumportion,0.883842,finger0,11,finger,15,time,297469,runTime,1115.9
line,18534051,total,0.0102114,total0,0.0750084,false,0.00170822,over,0.00571469,false0,0.0209285,over0,0.0700144,overaggr,0.00713184,overcuckoo,0.00307952,over_uai,0.00061007,over_uai,0.00274959,over_utai,0.0109933,over_utai,0.0104352,over_ai,0.00867323,over_ai,0.0120411,countIP,4.52105e+10,countIP0,4.81104e+10,keysum,4.47536e+10,pktSum,1.98257e+11,aggrSum,3.19175e+08,blackkey_num,525762603,feedback,41,feedsumportion,0.904082,finger0,11,finger,15,time,294255,runTime,1116.9
line,18550715,total,0.0102063,total0,0.0750337,false,0.00170463,over,0.00570736,false0,0.0209534,over0,0.0701552,overaggr,0.00712859,overcuckoo,0.00307766,over_uai,0.000813895,over_uai,0.00685104,over_utai,0.010984,over_utai,0.0104323,over_ai,0.00866597,over_ai,0.0120391,countIP,4.52463e+10,countIP0,4.81499e+10,keysum,4.47892e+10,pktSum,1.98438e+11,aggrSum,3.19284e+08,blackkey_num,527908272,feedback,41,feedsumportion,0.904082,finger0,11,finger,15,time,294255,runTime,1117.9
line,18567244,total,0.0101992,total0,0.0750361,false,0.00169924,over,0.00569223,false0,0.0209521,over0,0.0701868,overaggr,0.00712399,overcuckoo,0.00307523,over_uai,0.000551801,over_uai,0.00342139,over_utai,0.010975,over_utai,0.0104258,over_ai,0.00865891,over_ai,0.0120317,countIP,4.5285e+10,countIP0,4.81915e+10,keysum,4.48278e+10,pktSum,1.98622e+11,aggrSum,3.19353e+08,blackkey_num,530308213,feedback,41,feedsumportion,0.904082,finger0,11,finger,15,time,294255,runTime,1118.9
line,18583859,total,0.0101993,total0,0.0750319,false,0.00170564,over,0.00571294,false0,0.0209553,over0,0.0701886,overaggr,0.00712648,overcuckoo,0.00307282,over_uai,0.000838779,over_uai,0.0166892,over_utai,0.0109657,over_utai,0.0104312,over_ai,0.00865141,over_ai,0.0120422,countIP,4.53278e+10,countIP0,4.82369e+10,keysum,4.48702e+10,pktSum,1.98802e+11,aggrSum,3.19766e+08,blackkey_num,532467126,feedback,41,feedsumportion,0.904082,finger0,11,finger,15,time,294255,runTime,1119.9
line,18600506,total,0.0101915,total0,0.0750267,false,0.0017005,over,0.00569563,false0,0.0209548,over0,0.0701856,overaggr,0.0071214,overcuckoo,0.00307006,over_uai,0.000619898,over_uai,0.00337583,over_utai,0.0109549,over_utai,0.0104254,over_ai,0.00864307,over_ai,0.0120347,countIP,4.53699e+10,countIP0,4.82818e+10,keysum,4.49122e+10,pktSum,1.98984e+11,aggrSum,3.19838e+08,blackkey_num,534689993,feedback,41,feedsumportion,0.904082,finger0,11,finger,15,time,294255,runTime,1120.9
line,18616929,total,0.0101839,total0,0.0750293,false,0.00169497,over,0.00567949,false0,0.020956,over0,0.0702191,overaggr,0.00711582,overcuckoo,0.00306811,over_uai,0.000641352,over_uai,0.00362637,over_utai,0.0109445,over_utai,0.0104198,over_ai,0.00863526,over_ai,0.0120276,countIP,4.54113e+10,countIP0,4.83264e+10,keysum,4.49535e+10,pktSum,1.99177e+11,aggrSum,3.19881e+08,blackkey_num,536690681,feedback,39,feedsumportion,0.870802,finger0,11,finger,15,time,298223,runTime,1121.9
line,18633469,total,0.0101749,total0,0.0750065,false,0.00168886,over,0.00565807,false0,0.020934,over0,0.070134,overaggr,0.00710959,overcuckoo,0.00306527,over_uai,0.000591903,over_uai,0.00184878,over_utai,0.010934,over_utai,0.0104105,over_ai,0.00862757,over_ai,0.0120153,countIP,4.54568e+10,countIP0,4.83741e+10,keysum,4.49989e+10,pktSum,1.9937e+11,aggrSum,3.19924e+08,blackkey_num,538666392,feedback,39,feedsumportion,0.870802,finger0,11,finger,15,time,298223,runTime,1122.9
line,18650159,total,0.0101665,total0,0.0750164,false,0.00168309,over,0.00563872,false0,0.0209546,over0,0.0702026,overaggr,0.00710389,overcuckoo,0.00306257,over_uai,0.000536636,over_uai,0.00217804,over_utai,0.0109243,over_utai,0.0104023,over_ai,0.00862016,over_ai,0.0120045,countIP,4.54997e+10,countIP0,4.84206e+10,keysum,4.50417e+10,pktSum,1.99556e+11,aggrSum,3.19972e+08,blackkey_num,540748604,feedback,39,feedsumportion,0.870802,finger0,11,finger,15,time,298223,runTime,1123.9
line,18666775,total,0.0101595,total0,0.0750337,false,0.00167824,over,0.00562441,false0,0.0209773,over0,0.0703031,overaggr,0.00709935,overcuckoo,0.00306019,over_uai,0.000767664,over_uai,0.00367218,over_utai,0.0109157,over_utai,0.0103963,over_ai,0.00861318,over_ai,0.0119968,countIP,4.55382e+10,countIP0,4.84627e+10,keysum,4.50802e+10,pktSum,1.99734e+11,aggrSum,3.2004e+08,blackkey_num,542808991,feedback,39,feedsumportion,0.870802,finger0,11,finger,15,time,298223,runTime,1124.9
line,18683999,total,0.0101517,total0,0.0750548,false,0.00167311,over,0.0056069,false0,0.0210141,over0,0.0704222,overaggr,0.00709406,overcuckoo,0.00305761,over_uai,0.000678615,over_uai,0.00268271,over_utai,0.0109067,over_utai,0.0103892,over_ai,0.00860617,over_ai,0.011987,countIP,4.55794e+10,countIP0,4.85079e+10,keysum,4.51214e+10,pktSum,1.99911e+11,aggrSum,3.20094e+08,blackkey_num,545102982,feedback,39,feedsumportion,0.870802,finger0,11,finger,15,time,298223,runTime,1125.9
line,18700870,total,0.0101471,total0,0.0750551,false,0.00167348,over,0.00560621,false0,0.0210281,over0,0.0704447,overaggr,0.00709105,overcuckoo,0.003056,over_uai,0.00052609,over_uai,0.010322,over_utai,0.0108962,over_utai,0.0103893,over_ai,0.0085978,over_ai,0.011988,countIP,4.5624e+10,countIP0,4.85556e+10,keysum,4.51657e+10,pktSum,2.00093e+11,aggrSum,3.20273e+08,blackkey_num,547148277,feedback,38,feedsumportion,0.680122,finger0,11,finger,15,time,297266,runTime,1126.9
line,18717857,total,0.0101499,total0,0.0750495,false,0.0016837,over,0.00563944,false0,0.0210301,over0,0.070439,overaggr,0.0070956,overcuckoo,0.00305434,over_uai,0.000631472,over_uai,0.022089,over_utai,0.0108862,over_utai,0.0103992,over_ai,0.00859027,over_ai,0.0120055,countIP,4.5667e+10,countIP0,4.8601e+10,keysum,4.52081e+10,pktSum,2.00272e+11,aggrSum,3.20779e+08,blackkey_num,549359357,feedback,38,feedsumportion,0.680122,finger0,11,finger,15,time,297266,runTime,1127.9
line,18734866,total,0.0101486,total0,0.0750584,false,0.00168521,over,0.00564937,false0,0.0210291,over0,0.0704964,overaggr,0.00709565,overcuckoo,0.003053,over_uai,0.000577814,over_uai,0.015569,over_utai,0.0108766,over_utai,0.0104023,over_ai,0.00858344,over_ai,0.0120122,countIP,4.57018e+10,countIP0,4.86385e+10,keysum,4.52427e+10,pktSum,2.0045e+11,aggrSum,3.21026e+08,blackkey_num,551455480,feedback,38,feedsumportion,0.680122,finger0,11,finger,15,time,297266,runTime,1128.9
line,18751963,total,0.010145,total0,0.0750669,false,0.00168511,over,0.00565065,false0,0.0210404,over0,0.0705543,overaggr,0.00709333,overcuckoo,0.00305162,over_uai,0.00064082,over_uai,0.00977174,over_utai,0.0108672,over_utai,0.0104015,over_ai,0.00857648,over_ai,0.0120128,countIP,4.5742e+10,countIP0,4.86818e+10,keysum,4.52826e+10,pktSum,2.00633e+11,aggrSum,3.21205e+08,blackkey_num,553558364,feedback,38,feedsumportion,0.680122,finger0,11,finger,15,time,297266,runTime,1129.9
line,18768910,total,0.0101406,total0,0.0750758,false,0.00168344,over,0.00564803,false0,0.0210467,over0,0.0706127,overaggr,0.00709059,overcuckoo,0.00305005,over_uai,0.000809438,over_uai,0.00870608,over_utai,0.0108572,over_utai,0.0103998,over_ai,0.00856949,over_ai,0.0120118,countIP,4.57799e+10,countIP0,4.87228e+10,keysum,4.53203e+10,pktSum,2.00815e+11,aggrSum,3.21348e+08,blackkey_num,555332496,feedback,38,feedsumportion,0.680122,finger0,11,finger,15,time,297266,runTime,1130.9
line,18785770,total,0.0101332,total0,0.0750949,false,0.00167831,over,0.005632,false0,0.0210738,over0,0.0707184,overaggr,0.00708564,overcuckoo,0.00304757,over_uai,0.000889579,over_uai,0.00285224,over_utai,0.0108486,over_utai,0.0103932,over_ai,0.0085625,over_ai,0.0120037,countIP,4.58198e+10,countIP0,4.87665e+10,keysum,4.53601e+10,pktSum,2.00995e+11,aggrSum,3.21405e+08,blackkey_num,557543933,feedback,39,feedsumportion,0.916221,finger0,11,finger,15,time,299317,runTime,1131.9
line,18802760,total,0.010126,total0,0.0750875,false,0.00167311,over,0.00561675,false0,0.0210605,over0,0.0707015,overaggr,0.00708092,overcuckoo,0.00304508,over_uai,0.000845255,over_uai,0.00297727,over_utai,0.0108399,over_utai,0.0103865,over_ai,0.00855533,over_ai,0.0119961,countIP,4.5859e+10,countIP0,4.88082e+10,keysum,4.53993e+10,pktSum,2.01179e+11,aggrSum,3.21469e+08,blackkey_num,559652234,feedback,39,feedsumportion,0.916221,finger0,11,finger,15,time,299317,runTime,1132.9
line,18819944,total,0.0101187,total0,0.0750747,false,0.0016691,over,0.00560279,false0,0.0210507,over0,0.0706623,overaggr,0.00707622,overcuckoo,0.00304244,over_uai,0.000725436,over_uai,0.00424899,over_utai,0.0108301,over_utai,0.0103808,over_ai,0.00854733,over_ai,0.0119894,countIP,4.59022e+10,countIP0,4.8854e+10,keysum,4.54424e+10,pktSum,2.01364e+11,aggrSum,3.2156e+08,blackkey_num,562048270,feedback,39,feedsumportion,0.916221,finger0,11,finger,15,time,299317,runTime,1133.9
line,18836958,total,0.0101119,total0,0.0750646,false,0.00166548,over,0.00559108,false0,0.0210408,over0,0.0706347,overaggr,0.00707218,overcuckoo,0.00303977,over_uai,0.000889657,over_uai,0.00466037,over_utai,0.010821,over_utai,0.0103752,over_ai,0.00853988,over_ai,0.0119832,countIP,4.5944e+10,countIP0,4.88983e+10,keysum,4.5484e+10,pktSum,2.01548e+11,aggrSum,3.21671e+08,blackkey_num,564017478,feedback,39,feedsumportion,0.916221,finger0,11,finger,15,time,299317,runTime,1134.9
line,18853650,total,0.0101043,total0,0.0750688,false,0.00165992,over,0.00557421,false0,0.0210449,over0,0.0706712,overaggr,0.00706706,overcuckoo,0.00303721,over_uai,0.000636453,over_uai,0.00229953,over_utai,0.0108117,over_utai,0.0103681,over_ai,0.00853229,over_ai,0.0119746,countIP,4.59838e+10,countIP0,4.89412e+10,keysum,4.55238e+10,pktSum,2.01732e+11,aggrSum,3.2172e+08,blackkey_num,566092454,feedback,39,feedsumportion,0.916221,finger0,11,finger,15,time,299317,runTime,1135.9
line,18870149,total,0.0101032,total0,0.0750928,false,0.00166405,over,0.00558824,false0,0.021082,over0,0.0707979,overaggr,0.0070675,overcuckoo,0.00303569,over_uai,0.000566509,over_uai,0.01463,over_utai,0.0108023,over_utai,0.0103712,over_ai,0.00852445,over_ai,0.0119825,countIP,4.60264e+10,countIP0,4.89877e+10,keysum,4.5566e+10,pktSum,2.01917e+11,aggrSum,3.22038e+08,blackkey_num,567913258,feedback,39,feedsumportion,0.741974,finger0,11,finger,15,time,296117,runTime,1136.9
line,18887114,total,0.010114,total0,0.0750867,false,0.0016842,over,0.00565525,false0,0.0210814,over0,0.0707878,overaggr,0.00707988,overcuckoo,0.00303412,over_uai,0.000872435,over_uai,0.0406043,over_utai,0.0107931,over_utai,0.010394,over_ai,0.0085167,over_ai,0.01202,countIP,4.60684e+10,countIP0,4.90316e+10,keysum,4.56071e+10,pktSum,2.02092e+11,aggrSum,3.22893e+08,blackkey_num,569843241,feedback,39,feedsumportion,0.741974,finger0,11,finger,15,time,296117,runTime,1137.9
line,18903875,total,0.0101314,total0,0.0750734,false,0.00171417,over,0.00575351,false0,0.0210783,over0,0.070748,overaggr,0.00709918,overcuckoo,0.00303219,over_uai,0.000583299,over_uai,0.0446707,over_utai,0.0107836,over_utai,0.0104272,over_ai,0.00850881,over_ai,0.0120742,countIP,4.6116e+10,countIP0,4.90808e+10,keysum,4.56535e+10,pktSum,2.0228e+11,aggrSum,3.24102e+08,blackkey_num,571950019,feedback,39,feedsumportion,0.741974,finger0,11,finger,15,time,296117,runTime,1138.9
line,18921021,total,0.010128,total0,0.0750557,false,0.00171625,over,0.0057579,false0,0.02107,over0,0.0706883,overaggr,0.00709784,overcuckoo,0.00303012,over_uai,0.001338,over_uai,0.0110844,over_utai,0.0107747,over_utai,0.0104275,over_ai,0.00850105,over_ai,0.0120764,countIP,4.61621e+10,countIP0,4.91293e+10,keysum,4.56993e+10,pktSum,2.02464e+11,aggrSum,3.24366e+08,blackkey_num,573757908,feedback,39,feedsumportion,0.741974,finger0,11,finger,15,time,296117,runTime,1139.9
line,18938067,total,0.0101288,total0,0.0750444,false,0.00172408,over,0.00578174,false0,0.0210698,over0,0.0706582,overaggr,0.0071007,overcuckoo,0.00302807,over_uai,0.00349887,over_uai,0.0166702,over_utai,0.0107669,over_utai,0.0104333,over_ai,0.00849321,over_ai,0.0120883,countIP,4.62102e+10,countIP0,4.91798e+10,keysum,4.57468e+10,pktSum,2.02657e+11,aggrSum,3.24834e+08,blackkey_num,575708927,feedback,39,feedsumportion,0.741974,finger0,11,finger,15,time,296117,runTime,1140.9
line,18954929,total,0.010119,total0,0.0750392,false,0.0017181,over,0.00575909,false0,0.0210786,over0,0.0706556,overaggr,0.00709394,overcuckoo,0.00302511,over_uai,0.000887147,over_uai,0.00163595,over_utai,0.0107574,over_utai,0.010423,over_ai,0.00848525,over_ai,0.0120747,countIP,4.62589e+10,countIP0,4.92319e+10,keysum,4.57955e+10,pktSum,2.02853e+11,aggrSum,3.2487e+08,blackkey_num,578209526,feedback,42,feedsumportion,0.951102,finger0,11,finger,15,time,297992,runTime,1141.9
line,18972046,total,0.0101159,total0,0.0750553,false,0.00171931,over,0.00576324,false0,0.021105,over0,0.0707453,overaggr,0.00709349,overcuckoo,0.00302239,over_uai,0.000909625,over_uai,0.0110989,over_utai,0.0107474,over_utai,0.0104235,over_ai,0.00847748,over_ai,0.0120782,countIP,4.63023e+10,countIP0,4.92791e+10,keysum,4.58386e+10,pktSum,2.03041e+11,aggrSum,3.25156e+08,blackkey_num,580741352,feedback,42,feedsumportion,0.951102,finger0,11,finger,15,time,297992,runTime,1142.9
line,18989468,total,0.0101079,total0,0.0750688,false,0.00171436,over,0.00574646,false0,0.0211288,over0,0.070823,overaggr,0.00708835,overcuckoo,0.00301953,over_uai,0.0010649,over_uai,0.00273654,over_utai,0.0107384,over_utai,0.010415,over_ai,0.00847041,over_ai,0.0120678,countIP,4.63467e+10,countIP0,4.93273e+10,keysum,4.58829e+10,pktSum,2.03233e+11,aggrSum,3.25234e+08,blackkey_num,583066141,feedback,42,feedsumportion,0.951102,finger0,11,finger,15,time,297992,runTime,1143.9
line,19006702,total,0.0101075,total0,0.0751053,false,0.00171855,over,0.00576231,false0,0.0211752,over0,0.0710006,overaggr,0.00709054,overcuckoo,0.00301697,over_uai,0.000788909,over_uai,0.0163713,over_utai,0.0107284,over_utai,0.0104195,over_ai,0.00846254,over_ai,0.0120781,countIP,4.63889e+10,countIP0,4.93739e+10,keysum,4.59247e+10,pktSum,2.03426e+11,aggrSum,3.25631e+08,blackkey_num,584673113,feedback,42,feedsumportion,0.951102,finger0,11,finger,15,time,297992,runTime,1144.9
line,19023828,total,0.0100998,total0,0.0751124,false,0.00171329,over,0.00574616,false0,0.021184,over0,0.0710485,overaggr,0.0070854,overcuckoo,0.00301438,over_uai,0.00113087,over_uai,0.00276312,over_utai,0.0107184,over_utai,0.0104124,over_ai,0.00845522,over_ai,0.0120695,countIP,4.64318e+10,countIP0,4.94203e+10,keysum,4.59676e+10,pktSum,2.03622e+11,aggrSum,3.25699e+08,blackkey_num,586544735,feedback,42,feedsumportion,0.951102,finger0,11,finger,15,time,297992,runTime,1145.9
line,19040999,total,0.0100916,total0,0.0751189,false,0.00170753,over,0.00572756,false0,0.0211945,over0,0.0710925,overaggr,0.00707987,overcuckoo,0.00301177,over_uai,0.000803939,over_uai,0.00176559,over_utai,0.0107094,over_utai,0.0104044,over_ai,0.00844804,over_ai,0.0120597,countIP,4.64729e+10,countIP0,4.94647e+10,keysum,4.60086e+10,pktSum,2.03804e+11,aggrSum,3.25735e+08,blackkey_num,587944578,feedback,39,feedsumportion,0.872856,finger0,11,finger,15,time,291941,runTime,1146.9
line,19058129,total,0.0100829,total0,0.0751221,false,0.00170227,over,0.00570821,false0,0.0212101,over0,0.0711239,overaggr,0.00707384,overcuckoo,0.00300909,over_uai,0.000788868,over_uai,0.00199004,over_utai,0.0107001,over_utai,0.010396,over_ai,0.00844088,over_ai,0.012048,countIP,4.6518e+10,countIP0,4.95133e+10,keysum,4.60536e+10,pktSum,2.0399e+11,aggrSum,3.25776e+08,blackkey_num,589089407,feedback,39,feedsumportion,0.872856,finger0,11,finger,15,time,291941,runTime,1147.9
line,19075713,total,0.0100777,total0,0.0751531,false,0.00170155,over,0.00570373,false0,0.0212629,over0,0.071275,overaggr,0.00707106,overcuckoo,0.00300659,over_uai,0.000594715,over_uai,0.00821422,over_utai,0.0106904,over_utai,0.0103937,over_ai,0.00843311,over_ai,0.012046,countIP,4.65629e+10,countIP0,4.95628e+10,keysum,4.60983e+10,pktSum,2.04172e+11,aggrSum,3.25964e+08,blackkey_num,590133078,feedback,39,feedsumportion,0.872856,finger0,11,finger,15,time,291941,runTime,1148.9
line,19093025,total,0.010075,total0,0.0751612,false,0.00170334,over,0.0057096,false0,0.0212785,over0,0.0713257,overaggr,0.00707103,overcuckoo,0.00300397,over_uai,0.000632338,over_uai,0.0234347,over_utai,0.0106799,over_utai,0.010406,over_ai,0.00842527,over_ai,0.012051,countIP,4.66055e+10,countIP0,4.96086e+10,keysum,4.61406e+10,pktSum,2.04355e+11,aggrSum,3.26261e+08,blackkey_num,591006648,feedback,39,feedsumportion,0.872856,finger0,11,finger,15,time,291941,runTime,1149.9
line,19109994,total,0.0100681,total0,0.0751491,false,0.00169963,over,0.00569741,false0,0.0212666,over0,0.0712887,overaggr,0.0070668,overcuckoo,0.00300133,over_uai,0.000962287,over_uai,0.0105314,over_utai,0.0106708,over_utai,0.0104057,over_ai,0.00841757,over_ai,0.0120446,countIP,4.66484e+10,countIP0,4.96541e+10,keysum,4.61834e+10,pktSum,2.04543e+11,aggrSum,3.26369e+08,blackkey_num,591884839,feedback,39,feedsumportion,0.872856,finger0,11,finger,15,time,291941,runTime,1150.9
line,19126796,total,0.0100592,total0,0.0751423,false,0.00169371,over,0.00567698,false0,0.0212649,over0,0.0712756,overaggr,0.00706038,overcuckoo,0.00299879,over_uai,0.00073688,over_uai,0.00116356,over_utai,0.0106613,over_utai,0.0103946,over_ai,0.00841026,over_ai,0.0120323,countIP,4.6693e+10,countIP0,4.97017e+10,keysum,4.6228e+10,pktSum,2.04733e+11,aggrSum,3.26387e+08,blackkey_num,593103196,feedback,37,feedsumportion,0.851499,finger0,11,finger,15,time,301092,runTime,1151.9
line,19143575,total,0.010048,total0,0.0751282,false,0.00168787,over,0.00565099,false0,0.0212767,over0,0.0712342,overaggr,0.00705259,overcuckoo,0.00299539,over_uai,0.000386068,over_uai,0.000889679,over_utai,0.0106507,over_utai,0.0103824,over_ai,0.00840186,over_ai,0.0120159,countIP,4.67471e+10,countIP0,4.97591e+10,keysum,4.6282e+10,pktSum,2.04927e+11,aggrSum,3.26408e+08,blackkey_num,594209254,feedback,37,feedsumportion,0.851499,finger0,11,finger,15,time,301092,runTime,1152.9
line,19160705,total,0.0100387,total0,0.075117,false,0.00168189,over,0.0056299,false0,0.0212714,over0,0.071203,overaggr,0.00704614,overcuckoo,0.00299256,over_uai,0.000578556,over_uai,0.00122606,over_utai,0.0106412,over_utai,0.0103732,over_ai,0.0083944,over_ai,0.0120028,countIP,4.67929e+10,countIP0,4.98078e+10,keysum,4.63278e+10,pktSum,2.05119e+11,aggrSum,3.26432e+08,blackkey_num,595753034,feedback,37,feedsumportion,0.851499,finger0,11,finger,15,time,301092,runTime,1153.9
line,19177685,total,0.0100295,total0,0.0751146,false,0.00167626,over,0.00560906,false0,0.0212808,over0,0.0712093,overaggr,0.00703968,overcuckoo,0.00298981,over_uai,0.000527214,over_uai,0.00104824,over_utai,0.0106315,over_utai,0.0103638,over_ai,0.00838718,over_ai,0.0119899,countIP,4.68383e+10,countIP0,4.98565e+10,keysum,4.63732e+10,pktSum,2.05304e+11,aggrSum,3.26452e+08,blackkey_num,597064373,feedback,37,feedsumportion,0.851499,finger0,11,finger,15,time,301092,runTime,1154.9
line,19194606,total,0.0100197,total0,0.0751138,false,0.00167077,over,0.00558702,false0,0.0212988,over0,0.0712228,overaggr,0.00703276,overcuckoo,0.00298693,over_uai,0.000747025,over_uai,0.00106245,over_utai,0.0106223,over_utai,0.0103538,over_ai,0.00837964,over_ai,0.011976,countIP,4.68867e+10,countIP0,4.99085e+10,keysum,4.64216e+10,pktSum,2.0549e+11,aggrSum,3.26472e+08,blackkey_num,598332228,feedback,37,feedsumportion,0.851499,finger0,11,finger,15,time,301092,runTime,1155.9
line,19211659,total,0.0100102,total0,0.0751187,false,0.00166522,over,0.00556555,false0,0.0213212,over0,0.0712601,overaggr,0.00702616,overcuckoo,0.00298406,over_uai,0.000505661,over_uai,0.000719572,over_utai,0.0106121,over_utai,0.0103443,over_ai,0.00837187,over_ai,0.0119636,countIP,4.69328e+10,countIP0,4.99582e+10,keysum,4.64676e+10,pktSum,2.05671e+11,aggrSum,3.26489e+08,blackkey_num,599421806,feedback,36,feedsumportion,0.420134,finger0,11,finger,15,time,301889,runTime,1156.9
line,19228545,total,0.010001,total0,0.0751069,false,0.00166005,over,0.00554538,false0,0.0213221,over0,0.0712264,overaggr,0.00701968,overcuckoo,0.00298132,over_uai,0.000864843,over_uai,0.00107652,over_utai,0.0106033,over_utai,0.0103343,over_ai,0.0083647,over_ai,0.0119505,countIP,4.69791e+10,countIP0,5.00075e+10,keysum,4.6514e+10,pktSum,2.05853e+11,aggrSum,3.26513e+08,blackkey_num,600644380,feedback,36,feedsumportion,0.420134,finger0,11,finger,15,time,301889,runTime,1157.9
line,19245322,total,0.0099922,total0,0.0751121,false,0.00165434,over,0.005526,false0,0.0213345,over0,0.0712634,overaggr,0.00701362,overcuckoo,0.00297858,over_uai,0.000754482,over_uai,0.000899268,over_utai,0.0105936,over_utai,0.010325,over_ai,0.00835731,over_ai,0.011939,countIP,4.70229e+10,countIP0,5.00548e+10,keysum,4.65577e+10,pktSum,2.06041e+11,aggrSum,3.26538e+08,blackkey_num,601578759,feedback,36,feedsumportion,0.420134,finger0,11,finger,15,time,301889,runTime,1158.9
line,19262018,total,0.00998327,total0,0.0750964,false,0.00164935,over,0.00550706,false0,0.0213284,over0,0.0712137,overaggr,0.00700745,overcuckoo,0.00297582,over_uai,0.000904079,over_uai,0.00139582,over_utai,0.0105834,over_utai,0.0103167,over_ai,0.00834904,over_ai,0.0119288,countIP,4.7069e+10,countIP0,5.01036e+10,keysum,4.66038e+10,pktSum,2.06225e+11,aggrSum,3.26574e+08,blackkey_num,602606055,feedback,36,feedsumportion,0.420134,finger0,11,finger,15,time,301889,runTime,1159.9
line,19278726,total,0.00998322,total0,0.0751012,false,0.0016546,over,0.0055245,false0,0.0213392,over0,0.071249,overaggr,0.00700134,overcuckoo,0.00298188,over_uai,0.000828727,over_uai,0.0167446,over_utai,0.0105736,over_utai,0.0103221,over_ai,0.00834169,over_ai,0.0119391,countIP,4.71135e+10,countIP0,5.01511e+10,keysum,4.66478e+10,pktSum,2.06416e+11,aggrSum,3.26597e+08,blackkey_num,603675172,feedback,36,feedsumportion,0.420134,finger0,11,finger,15,time,301889,runTime,1160.9
line,19295745,total,0.00998018,total0,0.0750887,false,0.0016574,over,0.00553067,false0,0.0213407,over0,0.0712132,overaggr,0.00699451,overcuckoo,0.00298567,over_uai,0.000719072,over_uai,0.010927,over_utai,0.0105636,over_utai,0.0103225,over_ai,0.00833358,over_ai,0.0119434,countIP,4.71612e+10,countIP0,5.02014e+10,keysum,4.66951e+10,pktSum,2.066e+11,aggrSum,3.2661e+08,blackkey_num,604730379,feedback,36,feedsumportion,0.423877,finger0,11,finger,15,time,304410,runTime,1161.9
line,19312579,total,0.00996903,total0,0.0750659,false,0.00165175,over,0.00550557,false0,0.0213423,over0,0.0711373,overaggr,0.00698675,overcuckoo,0.00298228,over_uai,0.000623995,over_uai,0.000750158,over_utai,0.0105525,over_utai,0.0103114,over_ai,0.00832533,over_ai,0.0119272,countIP,4.72148e+10,countIP0,5.0258e+10,keysum,4.67488e+10,pktSum,2.06789e+11,aggrSum,3.26622e+08,blackkey_num,606118586,feedback,36,feedsumportion,0.423877,finger0,11,finger,15,time,304410,runTime,1162.9
line,19329359,total,0.00995952,total0,0.0750562,false,0.00164607,over,0.00548462,false0,0.0213428,over0,0.0711131,overaggr,0.00698013,overcuckoo,0.00297939,over_uai,0.000404963,over_uai,0.000835754,over_utai,0.0105413,over_utai,0.0103027,over_ai,0.00831712,over_ai,0.0119157,countIP,4.72615e+10,countIP0,5.03077e+10,keysum,4.67954e+10,pktSum,2.06978e+11,aggrSum,3.26638e+08,blackkey_num,609518006,feedback,36,feedsumportion,0.423877,finger0,11,finger,15,time,304410,runTime,1163.9
line,19346011,total,0.00995001,total0,0.0750435,false,0.00164026,over,0.00546354,false0,0.0213386,over0,0.0710768,overaggr,0.00697351,overcuckoo,0.00297649,over_uai,0.000626261,over_uai,0.000620083,over_utai,0.0105311,over_utai,0.0102934,over_ai,0.00830913,over_ai,0.0119039,countIP,4.73075e+10,countIP0,5.03566e+10,keysum,4.68414e+10,pktSum,2.07165e+11,aggrSum,3.26649e+08,blackkey_num,610746380,feedback,36,feedsumportion,0.423877,finger0,11,finger,15,time,304410,runTime,1164.9
line,19362760,total,0.00993987,total0,0.0750249,false,0.00163448,over,0.0054412,false0,0.0213329,over0,0.0710175,overaggr,0.00696644,overcuckoo,0.00297343,over_uai,0.0006069,over_uai,0.000843761,over_utai,0.0105208,over_utai,0.010284,over_ai,0.00830033,over_ai,0.0118918,countIP,4.73566e+10,countIP0,5.04085e+10,keysum,4.68905e+10,pktSum,2.07356e+11,aggrSum,3.2666e+08,blackkey_num,611938397,feedback,36,feedsumportion,0.423877,finger0,11,finger,15,time,304410,runTime,1165.9
line,19379519,total,0.00993225,total0,0.0750121,false,0.00163073,over,0.00542776,false0,0.0213257,over0,0.0709809,overaggr,0.00696146,overcuckoo,0.00297078,over_uai,0.00285144,over_uai,0.000776862,over_utai,0.0105132,over_utai,0.0102732,over_ai,0.00829557,over_ai,0.0118795,countIP,4.7402e+10,countIP0,5.04566e+10,keysum,4.69359e+10,pktSum,2.07546e+11,aggrSum,3.26742e+08,blackkey_num,613038266,feedback,32,feedsumportion,0.414242,finger0,11,finger,15,time,306286,runTime,1166.9
line,19396580,total,0.00992312,total0,0.0750013,false,0.0016253,over,0.00540818,false0,0.0213231,over0,0.0709525,overaggr,0.00695505,overcuckoo,0.00296807,over_uai,0.000814341,over_uai,0.00161116,over_utai,0.0105034,over_utai,0.0102652,over_ai,0.00828777,over_ai,0.0118683,countIP,4.74473e+10,countIP0,5.05047e+10,keysum,4.69811e+10,pktSum,2.07731e+11,aggrSum,3.26756e+08,blackkey_num,614524360,feedback,32,feedsumportion,0.414242,finger0,11,finger,15,time,306286,runTime,1167.9
line,19413217,total,0.00991328,total0,0.0749846,false,0.00161994,over,0.00538736,false0,0.0213197,over0,0.070902,overaggr,0.0069482,overcuckoo,0.00296509,over_uai,0.000781835,over_uai,0.000549879,over_utai,0.0104924,over_utai,0.0102562,over_ai,0.00827925,over_ai,0.0118564,countIP,4.74965e+10,countIP0,5.05568e+10,keysum,4.70302e+10,pktSum,2.07922e+11,aggrSum,3.26775e+08,blackkey_num,615754145,feedback,32,feedsumportion,0.414242,finger0,11,finger,15,time,306286,runTime,1168.9
line,19430176,total,0.00990366,total0,0.0749732,false,0.00161507,over,0.00536754,false0,0.0213254,over0,0.0708731,overaggr,0.00694129,overcuckoo,0.00296237,over_uai,0.000995518,over_uai,0.000838086,over_utai,0.0104815,over_utai,0.0102477,over_ai,0.00827059,over_ai,0.0118452,countIP,4.75458e+10,countIP0,5.06092e+10,keysum,4.70795e+10,pktSum,2.08109e+11,aggrSum,3.26793e+08,blackkey_num,617010094,feedback,32,feedsumportion,0.414242,finger0,11,finger,15,time,306286,runTime,1169.9
line,19447134,total,0.00989492,total0,0.0749805,false,0.00160972,over,0.00534938,false0,0.0213404,over0,0.070918,overaggr,0.00693501,overcuckoo,0.00295991,over_uai,0.00106052,over_uai,0.00106982,over_utai,0.0104727,over_utai,0.0102393,over_ai,0.00826363,over_ai,0.0118337,countIP,4.759e+10,countIP0,5.06571e+10,keysum,4.71237e+10,pktSum,2.08298e+11,aggrSum,3.26803e+08,blackkey_num,617958181,feedback,32,feedsumportion,0.414242,finger0,11,finger,15,time,306286,runTime,1170.9
line,19464130,total,0.0098865,total0,0.0749748,false,0.00160427,over,0.0053317,false0,0.0213361,over0,0.0709096,overaggr,0.00692914,overcuckoo,0.00295736,over_uai,0.000700343,over_uai,0.000856065,over_utai,0.0104638,over_utai,0.0102309,over_ai,0.00825696,over_ai,0.0118224,countIP,4.7632e+10,countIP0,5.07019e+10,keysum,4.71657e+10,pktSum,2.08482e+11,aggrSum,3.26818e+08,blackkey_num,619348423,feedback,31,feedsumportion,0.707815,finger0,11,finger,15,time,310058,runTime,1171.91
line,19481038,total,0.00987922,total0,0.0749708,false,0.00160047,over,0.00531906,false0,0.0213358,over0,0.0709083,overaggr,0.00692313,overcuckoo,0.00295608,over_uai,0.000637684,over_uai,0.00267195,over_utai,0.0104542,over_utai,0.0102233,over_ai,0.00824975,over_ai,0.0118145,countIP,4.7675e+10,countIP0,5.07478e+10,keysum,4.72086e+10,pktSum,2.08668e+11,aggrSum,3.26831e+08,blackkey_num,620825711,feedback,31,feedsumportion,0.707815,finger0,11,finger,15,time,310058,runTime,1172.91
line,19497948,total,0.00986961,total0,0.0749638,false,0.00159552,over,0.00529909,false0,0.0213466,over0,0.070897,overaggr,0.00691648,overcuckoo,0.00295313,over_uai,0.000852274,over_uai,0.000570243,over_utai,0.0104443,over_utai,0.0102132,over_ai,0.00824212,over_ai,0.0118011,countIP,4.77229e+10,countIP0,5.0799e+10,keysum,4.72565e+10,pktSum,2.08849e+11,aggrSum,3.26849e+08,blackkey_num,622054724,feedback,31,feedsumportion,0.707815,finger0,11,finger,15,time,310058,runTime,1173.91
line,19515267,total,0.00985971,total0,0.0749421,false,0.00159062,over,0.00527829,false0,0.0213438,over0,0.0708268,overaggr,0.0069096,overcuckoo,0.00295011,over_uai,0.000567003,over_uai,0.000720044,over_utai,0.010434,over_utai,0.010205,over_ai,0.00823336,over_ai,0.0117896,countIP,4.77717e+10,countIP0,5.08504e+10,keysum,4.73052e+10,pktSum,2.09026e+11,aggrSum,3.2686e+08,blackkey_num,623279613,feedback,31,feedsumportion,0.707815,finger0,11,finger,15,time,310058,runTime,1174.91
line,19532544,total,0.00985067,total0,0.0749295,false,0.00158565,over,0.00525966,false0,0.021342,over0,0.0707921,overaggr,0.00690331,overcuckoo,0.00294736,over_uai,0.000741069,over_uai,0.000888698,over_utai,0.0104252,over_utai,0.0101963,over_ai,0.00822626,over_ai,0.0117772,countIP,4.78168e+10,countIP0,5.08983e+10,keysum,4.73504e+10,pktSum,2.09205e+11,aggrSum,3.26874e+08,blackkey_num,624344374,feedback,31,feedsumportion,0.707815,finger0,11,finger,15,time,310058,runTime,1175.91
line,19549359,total,0.00984057,total0,0.0749491,false,0.00158106,over,0.00523942,false0,0.0213914,over0,0.070888,overaggr,0.00689625,overcuckoo,0.00294431,over_uai,0.000381792,over_uai,0.00135776,over_utai,0.0104146,over_utai,0.0101873,over_ai,0.00821799,over_ai,0.0117641,countIP,4.78686e+10,countIP0,5.09549e+10,keysum,4.74021e+10,pktSum,2.0939e+11,aggrSum,3.26897e+08,blackkey_num,625484748,feedback,31,feedsumportion,0.42613,finger0,11,finger,15,time,306945,runTime,1176.91
line,19566038,total,0.00983237,total0,0.0750148,false,0.00157641,over,0.00522339,false0,0.0214769,over0,0.0711632,overaggr,0.00689061,overcuckoo,0.00294177,over_uai,0.00062305,over_uai,0.00172716,over_utai,0.010406,over_utai,0.0101802,over_ai,0.00821106,over_ai,0.0117538,countIP,4.79114e+10,countIP0,5.1004e+10,keysum,4.74449e+10,pktSum,2.0957e+11,aggrSum,3.26924e+08,blackkey_num,626998966,feedback,31,feedsumportion,0.42613,finger0,11,finger,15,time,306945,runTime,1177.91
line,19583019,total,0.00982408,total0,0.0750349,false,0.00157197,over,0.00520737,false0,0.0215105,over0,0.0712565,overaggr,0.00688483,overcuckoo,0.00293925,over_uai,0.000647823,over_uai,0.00178383,over_utai,0.0103967,over_utai,0.0101725,over_ai,0.00820421,over_ai,0.0117427,countIP,4.79551e+10,countIP0,5.10519e+10,keysum,4.74886e+10,pktSum,2.09749e+11,aggrSum,3.26951e+08,blackkey_num,628195581,feedback,31,feedsumportion,0.42613,finger0,11,finger,15,time,306945,runTime,1178.91
line,19599846,total,0.00981606,total0,0.075026,false,0.00156727,over,0.00519208,false0,0.0215029,over0,0.0712351,overaggr,0.0068792,overcuckoo,0.00293686,over_uai,0.000675904,over_uai,0.00153473,over_utai,0.0103875,over_utai,0.0101649,over_ai,0.0081968,over_ai,0.0117333,countIP,4.79979e+10,countIP0,5.10974e+10,keysum,4.75313e+10,pktSum,2.09935e+11,aggrSum,3.26977e+08,blackkey_num,629349470,feedback,31,feedsumportion,0.42613,finger0,11,finger,15,time,306945,runTime,1179.91
line,19616878,total,0.0098076,total0,0.075027,false,0.00156251,over,0.00517561,false0,0.021511,over0,0.0712526,overaggr,0.00687322,overcuckoo,0.00293437,over_uai,0.00052048,over_uai,0.00104179,over_utai,0.0103784,over_utai,0.0101559,over_ai,0.00818984,over_ai,0.0117222,countIP,4.80419e+10,countIP0,5.11447e+10,keysum,4.75753e+10,pktSum,2.10119e+11,aggrSum,3.26995e+08,blackkey_num,630397283,feedback,31,feedsumportion,0.42613,finger0,11,finger,15,time,306945,runTime,1180.91
line,19633653,total,0.00979915,total0,0.0750462,false,0.00155754,over,0.00515903,false0,0.0215384,over0,0.0713414,overaggr,0.00686726,overcuckoo,0.00293189,over_uai,0.000776513,over_uai,0.000897432,over_utai,0.0103691,over_utai,0.0101479,over_ai,0.00818254,over_ai,0.0117119,countIP,4.80853e+10,countIP0,5.11923e+10,keysum,4.76187e+10,pktSum,2.10305e+11,aggrSum,3.2701e+08,blackkey_num,631368229,feedback,29,feedsumportion,0.668569,finger0,11,finger,15,time,308350,runTime,1181.91
line,19650085,total,0.00979274,total0,0.0750732,false,0.00155322,over,0.00514851,false0,0.0215579,over0,0.0714587,overaggr,0.00686213,overcuckoo,0.00293062,over_uai,0.000680309,over_uai,0.00283935,over_utai,0.010361,over_utai,0.0101419,over_ai,0.00817664,over_ai,0.0117043,countIP,4.81236e+10,countIP0,5.12346e+10,keysum,4.76569e+10,pktSum,2.105e+11,aggrSum,3.27027e+08,blackkey_num,632319103,feedback,29,feedsumportion,0.668569,finger0,11,finger,15,time,308350,runTime,1182.91
line,19666607,total,0.00978527,total0,0.0750848,false,0.00154816,over,0.00513397,false0,0.0215657,over0,0.0715155,overaggr,0.00685687,overcuckoo,0.0029284,over_uai,0.000665077,over_uai,0.000957962,over_utai,0.0103524,over_utai,0.0101349,over_ai,0.00817021,over_ai,0.0116952,countIP,4.81621e+10,countIP0,5.12766e+10,keysum,4.76954e+10,pktSum,2.10684e+11,aggrSum,3.27041e+08,blackkey_num,633748864,feedback,29,feedsumportion,0.668569,finger0,11,finger,15,time,308350,runTime,1183.91
line,19683685,total,0.00977765,total0,0.0750926,false,0.00154327,over,0.00511922,false0,0.0215722,over0,0.0715574,overaggr,0.00685157,overcuckoo,0.00292608,over_uai,0.000823126,over_uai,0.000815356,over_utai,0.0103438,over_utai,0.0101281,over_ai,0.00816352,over_ai,0.0116863,countIP,4.82014e+10,countIP0,5.13192e+10,keysum,4.77347e+10,pktSum,2.10865e+11,aggrSum,3.27058e+08,blackkey_num,634685764,feedback,29,feedsumportion,0.668569,finger0,11,finger,15,time,308350,runTime,1184.91
line,19700506,total,0.0097696,total0,0.0751361,false,0.00153821,over,0.0051036,false0,0.0216217,over0,0.0717383,overaggr,0.00684599,overcuckoo,0.00292361,over_uai,0.000758931,over_uai,0.000616736,over_utai,0.0103348,over_utai,0.0101201,over_ai,0.00815708,over_ai,0.0116754,countIP,4.82428e+10,countIP0,5.13657e+10,keysum,4.7776e+10,pktSum,2.11053e+11,aggrSum,3.27074e+08,blackkey_num,635643520,feedback,29,feedsumportion,0.668569,finger0,11,finger,15,time,308350,runTime,1185.91
line,19717271,total,0.00976106,total0,0.0751349,false,0.00153313,over,0.00508694,false0,0.021623,over0,0.0717455,overaggr,0.00684003,overcuckoo,0.00292103,over_uai,0.000522272,over_uai,0.000706873,over_utai,0.0103257,over_utai,0.0101124,over_ai,0.00814972,over_ai,0.011665,countIP,4.82862e+10,countIP0,5.14124e+10,keysum,4.78195e+10,pktSum,2.11242e+11,aggrSum,3.27087e+08,blackkey_num,636515010,feedback,30,feedsumportion,0.593293,finger0,11,finger,15,time,308401,runTime,1186.91
line,19734258,total,0.00975261,total0,0.075126,false,0.00152853,over,0.00507066,false0,0.0216206,over0,0.071723,overaggr,0.0068341,overcuckoo,0.00291851,over_uai,0.000488416,over_uai,0.000844599,over_utai,0.0103162,over_utai,0.0101044,over_ai,0.00814218,over_ai,0.011655,countIP,4.83297e+10,countIP0,5.14587e+10,keysum,4.78629e+10,pktSum,2.11421e+11,aggrSum,3.271e+08,blackkey_num,637754995,feedback,30,feedsumportion,0.593293,finger0,11,finger,15,time,308401,runTime,1187.91
line,19751461,total,0.00974427,total0,0.0751147,false,0.00152394,over,0.00505451,false0,0.0216149,over0,0.0716909,overaggr,0.00682828,overcuckoo,0.00291599,over_uai,0.000502005,over_uai,0.000664175,over_utai,0.0103066,over_utai,0.0100968,over_ai,0.00813478,over_ai,0.0116453,countIP,4.83721e+10,countIP0,5.15037e+10,keysum,4.79053e+10,pktSum,2.11597e+11,aggrSum,3.27111e+08,blackkey_num,639109402,feedback,30,feedsumportion,0.593293,finger0,11,finger,15,time,308401,runTime,1188.91
line,19768601,total,0.00973646,total0,0.0751259,false,0.00151895,over,0.00503946,false0,0.0216247,over0,0.0717449,overaggr,0.00682281,overcuckoo,0.00291365,over_uai,0.000516539,over_uai,0.000772958,over_utai,0.0102978,over_utai,0.0100883,over_ai,0.00812826,over_ai,0.0116352,countIP,4.8412e+10,countIP0,5.15471e+10,keysum,4.79452e+10,pktSum,2.11781e+11,aggrSum,3.27121e+08,blackkey_num,640409344,feedback,30,feedsumportion,0.593293,finger0,11,finger,15,time,308401,runTime,1189.91
line,19785339,total,0.00972876,total0,0.075121,false,0.00151393,over,0.00502498,false0,0.021613,over0,0.0717371,overaggr,0.00681747,overcuckoo,0.00291129,over_uai,0.000477,over_uai,0.00102218,over_utai,0.010289,over_utai,0.010081,over_ai,0.00812145,over_ai,0.0116261,countIP,4.84522e+10,countIP0,5.15901e+10,keysum,4.79853e+10,pktSum,2.11973e+11,aggrSum,3.27139e+08,blackkey_num,641651071,feedback,30,feedsumportion,0.593293,finger0,11,finger,15,time,308401,runTime,1190.91
line,19802253,total,0.00972372,total0,0.0751132,false,0.00151308,over,0.00502223,false0,0.0216073,over0,0.0717191,overaggr,0.00681444,overcuckoo,0.00290928,over_uai,0.000448999,over_uai,0.00666914,over_utai,0.0102799,over_utai,0.0100773,over_ai,0.00811454,over_ai,0.0116229,countIP,4.84965e+10,countIP0,5.16371e+10,keysum,4.80294e+10,pktSum,2.12164e+11,aggrSum,3.27294e+08,blackkey_num,642403130,feedback,30,feedsumportion,0.411024,finger0,11,finger,15,time,307822,runTime,1191.91
line,19819162,total,0.00971951,total0,0.0751064,false,0.00151333,over,0.00502237,false0,0.021606,over0,0.071705,overaggr,0.00681128,overcuckoo,0.00290823,over_uai,0.000670106,over_uai,0.00769336,over_utai,0.0102713,over_utai,0.010075,over_ai,0.0081085,over_ai,0.0116207,countIP,4.85401e+10,countIP0,5.16834e+10,keysum,4.80728e+10,pktSum,2.12345e+11,aggrSum,3.27438e+08,blackkey_num,643500371,feedback,30,feedsumportion,0.411024,finger0,11,finger,15,time,307822,runTime,1192.91
line,19835843,total,0.00971442,total0,0.0750996,false,0.00151202,over,0.00501839,false0,0.0216,over0,0.0716903,overaggr,0.00680792,overcuckoo,0.0029065,over_uai,0.000776804,over_uai,0.0058927,over_utai,0.0102635,over_utai,0.0100709,over_ai,0.00810239,over_ai,0.0116163,countIP,4.85817e+10,countIP0,5.17276e+10,keysum,4.81143e+10,pktSum,2.12527e+11,aggrSum,3.27558e+08,blackkey_num,644523601,feedback,30,feedsumportion,0.411024,finger0,11,finger,15,time,307822,runTime,1193.91
line,19852605,total,0.00970967,total0,0.0750976,false,0.00151064,over,0.00501529,false0,0.0215945,over0,0.0716932,overaggr,0.00680486,overcuckoo,0.00290481,over_uai,0.00045793,over_uai,0.00635825,over_utai,0.0102554,over_utai,0.0100673,over_ai,0.00809607,over_ai,0.0116132,countIP,4.86223e+10,countIP0,5.1771e+10,keysum,4.81547e+10,pktSum,2.12714e+11,aggrSum,3.27686e+08,blackkey_num,645395153,feedback,30,feedsumportion,0.411024,finger0,11,finger,15,time,307822,runTime,1194.91
line,19869460,total,0.00970458,total0,0.0750864,false,0.00150919,over,0.0050111,false0,0.0215824,over0,0.071662,overaggr,0.00680148,overcuckoo,0.0029031,over_uai,0.000664049,over_uai,0.00569039,over_utai,0.010247,over_utai,0.010063,over_ai,0.00808959,over_ai,0.0116095,countIP,4.86633e+10,countIP0,5.18144e+10,keysum,4.81955e+10,pktSum,2.12896e+11,aggrSum,3.27801e+08,blackkey_num,646382702,feedback,30,feedsumportion,0.411024,finger0,11,finger,15,time,307822,runTime,1195.91
line,19886043,total,0.00970032,total0,0.0750859,false,0.00151015,over,0.00501263,false0,0.0215928,over0,0.0716729,overaggr,0.00679984,overcuckoo,0.00290048,over_uai,0.000551516,over_uai,0.00869137,over_utai,0.010237,over_utai,0.0100615,over_ai,0.008081,over_ai,0.0116119,countIP,4.87115e+10,countIP0,5.18659e+10,keysum,4.82435e+10,pktSum,2.13089e+11,aggrSum,3.28048e+08,blackkey_num,647272754,feedback,34,feedsumportion,0.873856,finger0,11,finger,15,time,314072,runTime,1196.91
line,19898057,total,0.00970184,total0,0.0750934,false,0.00151365,over,0.00502548,false0,0.0215976,over0,0.0717064,overaggr,0.00680218,overcuckoo,0.00289966,over_uai,0.00047907,over_uai,0.0205663,over_utai,0.010233,over_utai,0.0100657,over_ai,0.00807799,over_ai,0.0116202,countIP,4.87311e+10,countIP0,5.18871e+10,keysum,4.82629e+10,pktSum,2.13183e+11,aggrSum,3.28293e+08,blackkey_num,647908547,feedback,34,feedsumportion,0.873856,finger0,11,finger,15,time,314072,runTime,1197.43
line,19915160,total,0.00970391,total0,0.075122,false,0.00334761,over,0.0122924,false0,0.0301807,over0,0.110823,overaggr,0.00680617,overcuckoo,0.00289774,over_uai,0.000696383,over_uai,0.0204269,over_utai,0.0102247,over_utai,0.0100733,over_ai,0.00807152,over_ai,0.0116345,countIP,4.87703e+10,countIP0,5.193e+10,keysum,4.83015e+10,pktSum,2.13364e+11,aggrSum,3.28749e+08,blackkey_num,1044535,feedback,34,feedsumportion,0.873856,finger0,11,finger,15,time,314072,runTime,1198.43
line,19932451,total,0.00969622,total0,0.0751183,false,0.00182521,over,0.00637439,false0,0.0257208,over0,0.0898277,overaggr,0.00680041,overcuckoo,0.0028958,over_uai,0.000764357,over_uai,0.00189442,over_utai,0.0102163,over_utai,0.0100658,over_ai,0.00806469,over_ai,0.0116252,countIP,4.88133e+10,countIP0,5.19761e+10,keysum,4.83446e+10,pktSum,2.1355e+11,aggrSum,3.28763e+08,blackkey_num,2039857,feedback,34,feedsumportion,0.873856,finger0,11,finger,15,time,314072,runTime,1199.43
line,19949716,total,0.00968837,total0,0.0751249,false,0.00137765,over,0.00459972,false0,0.0260718,over0,0.0870491,overaggr,0.006795,overcuckoo,0.00289338,over_uai,0.000458628,over_uai,0.00264627,over_utai,0.010207,over_utai,0.0100589,over_ai,0.00805741,over_ai,0.0116162,countIP,4.88594e+10,countIP0,5.20259e+10,keysum,4.83906e+10,pktSum,2.13737e+11,aggrSum,3.28814e+08,blackkey_num,3050408,feedback,34,feedsumportion,0.873856,finger0,11,finger,15,time,314072,runTime,1200.43
line,19966757,total,0.00967939,total0,0.075116,false,0.00109196,over,0.00351904,false0,0.0252364,over0,0.0813287,overaggr,0.00678878,overcuckoo,0.00289061,over_uai,0.000549497,over_uai,0.00110392,over_utai,0.0101981,over_utai,0.0100497,over_ai,0.00805013,over_ai,0.0116042,countIP,4.89076e+10,countIP0,5.20773e+10,keysum,4.84387e+10,pktSum,2.13926e+11,aggrSum,3.2884e+08,blackkey_num,4095974,feedback,28,feedsumportion,0.952405,finger0,11,finger,15,time,384252,runTime,1201.43
line,19984053,total,0.00967352,total0,0.0751044,false,0.0011158,over,0.00353819,false0,0.0244349,over0,0.0774829,overaggr,0.00678558,overcuckoo,0.00288794,over_uai,0.00037548,over_uai,0.0059529,over_utai,0.010188,over_utai,0.0100454,over_ai,0.00804183,over_ai,0.0116018,countIP,4.89547e+10,countIP0,5.21272e+10,keysum,4.84857e+10,pktSum,2.14113e+11,aggrSum,3.29003e+08,blackkey_num,5269248,feedback,28,feedsumportion,0.952405,finger0,11,finger,15,time,384252,runTime,1202.43
line,20001042,total,0.00966816,total0,0.0751064,false,0.00110838,over,0.00354764,false0,0.024205,over0,0.0774737,overaggr,0.0067826,overcuckoo,0.00288556,over_uai,0.000474538,over_uai,0.00632913,over_utai,0.0101789,over_utai,0.0100419,over_ai,0.00803443,over_ai,0.0115993,countIP,4.89977e+10,countIP0,5.21733e+10,keysum,4.85285e+10,pktSum,2.14299e+11,aggrSum,3.29149e+08,blackkey_num,6245632,feedback,28,feedsumportion,0.952405,finger0,11,finger,15,time,384252,runTime,1203.43
line,20018480,total,0.00966266,total0,0.0750919,false,0.00111446,over,0.00355423,false0,0.0234715,over0,0.0748554,overaggr,0.00677949,overcuckoo,0.00288317,over_uai,0.000434613,over_uai,0.00625328,over_utai,0.0101701,over_utai,0.0100384,over_ai,0.00802746,over_ai,0.0115955,countIP,4.90418e+10,countIP0,5.22199e+10,keysum,4.85725e+10,pktSum,2.1448e+11,aggrSum,3.29297e+08,blackkey_num,7337797,feedback,28,feedsumportion,0.952405,finger0,11,finger,15,time,384252,runTime,1204.43
line,20035512,total,0.00965546,total0,0.0750762,false,0.00103881,over,0.00332699,false0,0.0227086,over0,0.0727284,overaggr,0.00677469,overcuckoo,0.00288077,over_uai,0.000468744,over_uai,0.0034255,over_utai,0.0101609,over_utai,0.0100328,over_ai,0.00802023,over_ai,0.0115882,countIP,4.9086e+10,countIP0,5.22666e+10,keysum,4.86166e+10,pktSum,2.1467e+11,aggrSum,3.29362e+08,blackkey_num,8283777,feedback,28,feedsumportion,0.952405,finger0,11,finger,15,time,384252,runTime,1205.43
line,20052498,total,0.00964755,total0,0.0750725,false,0.000953609,over,0.00307182,false0,0.0225199,over0,0.0725424,overaggr,0.00676933,overcuckoo,0.00287823,over_uai,0.000542896,over_uai,0.00242887,over_utai,0.010152,over_utai,0.010026,over_ai,0.00801285,over_ai,0.0115792,countIP,4.91308e+10,countIP0,5.23144e+10,keysum,4.86613e+10,pktSum,2.14865e+11,aggrSum,3.29404e+08,blackkey_num,9252232,feedback,34,feedsumportion,0.890737,finger0,11,finger,15,time,308691,runTime,1206.43
line,20069486,total,0.00964005,total0,0.0750623,false,0.000882379,over,0.00287986,false0,0.0219557,over0,0.0716578,overaggr,0.00676432,overcuckoo,0.00287573,over_uai,0.00038571,over_uai,0.00371151,over_utai,0.0101433,over_utai,0.010021,over_ai,0.00800573,over_ai,0.0115712,countIP,4.91735e+10,countIP0,5.23599e+10,keysum,4.8704e+10,pktSum,2.15064e+11,aggrSum,3.2945e+08,blackkey_num,10405887,feedback,34,feedsumportion,0.890737,finger0,11,finger,15,time,308691,runTime,1207.43
line,20086558,total,0.00963439,total0,0.0750557,false,0.000884089,over,0.0029032,false0,0.0217098,over0,0.0712915,overaggr,0.00676112,overcuckoo,0.00287327,over_uai,0.000532188,over_uai,0.00737343,over_utai,0.0101346,over_utai,0.0100186,over_ai,0.00799855,over_ai,0.0115676,countIP,4.92161e+10,countIP0,5.24052e+10,keysum,4.87465e+10,pktSum,2.15255e+11,aggrSum,3.29581e+08,blackkey_num,11587334,feedback,34,feedsumportion,0.890737,finger0,11,finger,15,time,308691,runTime,1208.43
line,20103841,total,0.00962725,total0,0.0750522,false,0.000835405,over,0.00276918,false0,0.021499,over0,0.0712644,overaggr,0.00675632,overcuckoo,0.00287093,over_uai,0.000513133,over_uai,0.00394537,over_utai,0.010126,over_utai,0.0100137,over_ai,0.00799163,over_ai,0.0115605,countIP,4.92575e+10,countIP0,5.24494e+10,keysum,4.87878e+10,pktSum,2.15448e+11,aggrSum,3.29626e+08,blackkey_num,12661066,feedback,34,feedsumportion,0.890737,finger0,11,finger,15,time,308691,runTime,1209.43
line,20121091,total,0.00961906,total0,0.0750413,false,0.000795733,over,0.00262486,false0,0.0214143,over0,0.0706387,overaggr,0.00675074,overcuckoo,0.00286832,over_uai,0.000526782,over_uai,0.0016806,over_utai,0.0101175,over_utai,0.0100057,over_ai,0.00798485,over_ai,0.0115496,countIP,4.93039e+10,countIP0,5.24987e+10,keysum,4.88341e+10,pktSum,2.15639e+11,aggrSum,3.29666e+08,blackkey_num,13824779,feedback,34,feedsumportion,0.890737,finger0,11,finger,15,time,308691,runTime,1210.43
line,20138150,total,0.00960989,total0,0.0750165,false,0.000755274,over,0.00246309,false0,0.0211703,over0,0.0690405,overaggr,0.00674433,overcuckoo,0.00286556,over_uai,0.000614883,over_uai,0.00193346,over_utai,0.0101084,over_utai,0.00999685,over_ai,0.00797761,over_ai,0.011537,countIP,4.93536e+10,countIP0,5.25509e+10,keysum,4.88838e+10,pktSum,2.15829e+11,aggrSum,3.29689e+08,blackkey_num,14848933,feedback,34,feedsumportion,0.804183,finger0,11,finger,15,time,317763,runTime,1211.43
line,20155266,total,0.00960126,total0,0.0750024,false,0.000722686,over,0.00234642,false0,0.0210797,over0,0.0684416,overaggr,0.00673828,overcuckoo,0.00286298,over_uai,0.000560321,over_uai,0.00369517,over_utai,0.0100989,over_utai,0.00999071,over_ai,0.00796995,over_ai,0.0115264,countIP,4.94018e+10,countIP0,5.2602e+10,keysum,4.8932e+10,pktSum,2.16025e+11,aggrSum,3.29718e+08,blackkey_num,15985106,feedback,34,feedsumportion,0.804183,finger0,11,finger,15,time,317763,runTime,1212.43
line,20172642,total,0.00959332,total0,0.0749857,false,0.000702471,over,0.00226508,false0,0.0209998,over0,0.0677129,overaggr,0.00673281,overcuckoo,0.00286051,over_uai,0.000514121,over_uai,0.00302054,over_utai,0.0100892,over_utai,0.00998459,over_ai,0.00796229,over_ai,0.0115178,countIP,4.94474e+10,countIP0,5.26502e+10,keysum,4.89776e+10,pktSum,2.16203e+11,aggrSum,3.29757e+08,blackkey_num,17010899,feedback,34,feedsumportion,0.804183,finger0,11,finger,15,time,317763,runTime,1213.43
line,20189797,total,0.00958622,total0,0.0749827,false,0.000684015,over,0.00221288,false0,0.0209954,over0,0.0679228,overaggr,0.00672812,overcuckoo,0.00285811,over_uai,0.000467253,over_uai,0.00338317,over_utai,0.0100807,over_utai,0.0099778,over_ai,0.00795578,over_ai,0.0115097,countIP,4.94896e+10,countIP0,5.26953e+10,keysum,4.90197e+10,pktSum,2.16388e+11,aggrSum,3.2981e+08,blackkey_num,18087562,feedback,34,feedsumportion,0.804183,finger0,11,finger,15,time,317763,runTime,1214.43
line,20206614,total,0.00957791,total0,0.074965,false,0.000664907,over,0.00214119,false0,0.0208863,over0,0.0672596,overaggr,0.00672246,overcuckoo,0.00285545,over_uai,0.000626362,over_uai,0.00224264,over_utai,0.0100723,over_utai,0.00996907,over_ai,0.00794889,over_ai,0.0114987,countIP,4.95371e+10,countIP0,5.27455e+10,keysum,4.90672e+10,pktSum,2.16578e+11,aggrSum,3.29852e+08,blackkey_num,19108750,feedback,34,feedsumportion,0.804183,finger0,11,finger,15,time,317763,runTime,1215.43
line,20223484,total,0.00956951,total0,0.0749506,false,0.000642632,over,0.00206207,false0,0.0208323,over0,0.0668466,overaggr,0.00671656,overcuckoo,0.00285296,over_uai,0.000542871,over_uai,0.00133594,over_utai,0.0100636,over_utai,0.0099604,over_ai,0.00794188,over_ai,0.0114877,countIP,4.95836e+10,countIP0,5.27947e+10,keysum,4.91136e+10,pktSum,2.16764e+11,aggrSum,3.29874e+08,blackkey_num,20106214,feedback,32,feedsumportion,0.701752,finger0,11,finger,15,time,311063,runTime,1216.43
line,20240565,total,0.00956199,total0,0.0749412,false,0.000628013,over,0.00201549,false0,0.0207927,over0,0.0667302,overaggr,0.00671134,overcuckoo,0.00285065,over_uai,0.000405571,over_uai,0.00209035,over_utai,0.0100544,over_utai,0.00995337,over_ai,0.00793513,over_ai,0.0114788,countIP,4.96273e+10,countIP0,5.28412e+10,keysum,4.91573e+10,pktSum,2.16948e+11,aggrSum,3.29911e+08,blackkey_num,21301818,feedback,32,feedsumportion,0.701752,finger0,11,finger,15,time,311063,runTime,1217.43
line,20257889,total,0.00955379,total0,0.0749338,false,0.000610034,over,0.00195021,false0,0.0208762,over0,0.0667388,overaggr,0.00670554,overcuckoo,0.00284825,over_uai,0.000569806,over_uai,0.00114099,over_utai,0.0100456,over_utai,0.00994507,over_ai,0.00792809,over_ai,0.0114684,countIP,4.96727e+10,countIP0,5.28895e+10,keysum,4.92026e+10,pktSum,2.17127e+11,aggrSum,3.2993e+08,blackkey_num,22474060,feedback,32,feedsumportion,0.701752,finger0,11,finger,15,time,311063,runTime,1218.43
line,20274574,total,0.00954523,total0,0.0749101,false,0.00060664,over,0.00192046,false0,0.0208437,over0,0.0659856,overaggr,0.00669885,overcuckoo,0.00284639,over_uai,0.000558642,over_uai,0.00217566,over_utai,0.010037,over_utai,0.00993585,over_ai,0.00792123,over_ai,0.0114564,countIP,4.97243e+10,countIP0,5.29438e+10,keysum,4.92542e+10,pktSum,2.17313e+11,aggrSum,3.29946e+08,blackkey_num,23825745,feedback,32,feedsumportion,0.701752,finger0,11,finger,15,time,311063,runTime,1219.43
line,20291230,total,0.00954427,total0,0.0748755,false,0.000722868,over,0.00226628,false0,0.0206725,over0,0.0648107,overaggr,0.00669209,overcuckoo,0.00285218,over_uai,0.000421074,over_uai,0.0141671,over_utai,0.0100278,over_utai,0.00994004,over_ai,0.00791376,over_ai,0.0114638,countIP,4.97784e+10,countIP0,5.29997e+10,keysum,4.93078e+10,pktSum,2.17504e+11,aggrSum,3.29972e+08,blackkey_num,25714525,feedback,32,feedsumportion,0.701752,finger0,11,finger,15,time,311063,runTime,1220.43
line,20308205,total,0.00954921,total0,0.0748442,false,0.000910103,over,0.00283001,false0,0.0205411,over0,0.0638737,overaggr,0.00669928,overcuckoo,0.00284993,over_uai,0.0213788,over_uai,0.00184819,over_utai,0.0100379,over_utai,0.00993144,over_ai,0.00792972,over_ai,0.0114522,countIP,4.98305e+10,countIP0,5.30534e+10,keysum,4.93592e+10,pktSum,2.17689e+11,aggrSum,3.30671e+08,blackkey_num,26448978,feedback,31,feedsumportion,0.607089,finger0,11,finger,15,time,303480,runTime,1221.43
line,20325039,total,0.00955813,total0,0.0748329,false,0.00112298,over,0.00348736,false0,0.0205538,over0,0.0638288,overaggr,0.00671032,overcuckoo,0.00284781,over_uai,0.0267721,over_uai,0.00163577,over_utai,0.0100527,over_utai,0.00992339,over_ai,0.00795136,over_ai,0.0114426,countIP,4.98776e+10,countIP0,5.31025e+10,keysum,4.94054e+10,pktSum,2.17874e+11,aggrSum,3.31526e+08,blackkey_num,26761099,feedback,31,feedsumportion,0.607089,finger0,11,finger,15,time,303480,runTime,1222.43
line,20341827,total,0.00958842,total0,0.0748199,false,0.00161813,over,0.0050002,false0,0.020632,over0,0.0637552,overaggr,0.00672172,overcuckoo,0.0028667,over_uai,0.0278542,over_uai,0.0348055,over_utai,0.0100684,over_utai,0.00994836,over_ai,0.00797441,over_ai,0.0114828,countIP,4.99301e+10,countIP0,5.31562e+10,keysum,4.94559e+10,pktSum,2.18063e+11,aggrSum,3.32429e+08,blackkey_num,27072545,feedback,31,feedsumportion,0.607089,finger0,11,finger,15,time,303480,runTime,1223.43
line,20358458,total,0.00959303,total0,0.074796,false,0.00175193,over,0.00537983,false0,0.0206073,over0,0.0632809,overaggr,0.00672859,overcuckoo,0.00286443,over_uai,0.0202557,over_uai,0.00157919,over_utai,0.010078,over_utai,0.00993839,over_ai,0.00799007,over_ai,0.0114703,countIP,4.99843e+10,countIP0,5.32124e+10,keysum,4.95093e+10,pktSum,2.18257e+11,aggrSum,3.33128e+08,blackkey_num,27355571,feedback,31,feedsumportion,0.607089,finger0,11,finger,15,time,303480,runTime,1224.43
line,20374821,total,0.00959497,total0,0.0747639,false,0.00185131,over,0.0056368,false0,0.020547,over0,0.0625607,overaggr,0.0067337,overcuckoo,0.00286127,over_uai,0.021425,over_uai,0.000575244,over_utai,0.0100874,over_utai,0.0099242,over_ai,0.00800471,over_ai,0.0114521,countIP,5.00416e+10,countIP0,5.32717e+10,keysum,4.9566e+10,pktSum,2.18454e+11,aggrSum,3.33763e+08,blackkey_num,27697674,feedback,31,feedsumportion,0.607089,finger0,11,finger,15,time,303480,runTime,1225.43
line,20391275,total,0.00958754,total0,0.0747332,false,0.00183365,over,0.00552915,false0,0.0205423,over0,0.0619426,overaggr,0.00672945,overcuckoo,0.00285808,over_uai,0.000868057,over_uai,0.00427876,over_utai,0.0100786,over_utai,0.00991747,over_ai,0.00799783,over_ai,0.0114426,countIP,5.0098e+10,countIP0,5.33306e+10,keysum,4.96222e+10,pktSum,2.18642e+11,aggrSum,3.3393e+08,blackkey_num,28627497,feedback,41,feedsumportion,0.967591,finger0,11,finger,15,time,305721,runTime,1226.43
line,20407598,total,0.00958444,total0,0.0747076,false,0.00185306,over,0.00556526,false0,0.0204776,over0,0.0615002,overaggr,0.00672904,overcuckoo,0.00285541,over_uai,0.00411816,over_uai,0.00643261,over_utai,0.0100727,over_utai,0.00991385,over_ai,0.00799432,over_ai,0.0114397,countIP,5.01487e+10,countIP0,5.33835e+10,keysum,4.96726e+10,pktSum,2.18827e+11,aggrSum,3.34249e+08,blackkey_num,29624041,feedback,41,feedsumportion,0.967591,finger0,11,finger,15,time,305721,runTime,1227.43
line,20424453,total,0.00957834,total0,0.0746907,false,0.00183331,over,0.00548895,false0,0.020493,over0,0.0613562,overaggr,0.00672564,overcuckoo,0.0028527,over_uai,0.000747783,over_uai,0.00501412,over_utai,0.0100639,over_utai,0.0099092,over_ai,0.00798778,over_ai,0.0114337,countIP,5.01967e+10,countIP0,5.34341e+10,keysum,4.97204e+10,pktSum,2.19005e+11,aggrSum,3.34402e+08,blackkey_num,30559108,feedback,41,feedsumportion,0.967591,finger0,11,finger,15,time,305721,runTime,1228.43
line,20441000,total,0.00956972,total0,0.0746749,false,0.0017902,over,0.00533943,false0,0.0205444,over0,0.0612755,overaggr,0.0067198,overcuckoo,0.00284992,over_uai,0.00107651,over_uai,0.000949282,over_utai,0.0100564,over_utai,0.00989935,over_ai,0.00798218,over_ai,0.0114195,countIP,5.02465e+10,countIP0,5.34868e+10,keysum,4.97702e+10,pktSum,2.19186e+11,aggrSum,3.34446e+08,blackkey_num,31579106,feedback,41,feedsumportion,0.967591,finger0,11,finger,15,time,305721,runTime,1229.43
line,20457625,total,0.00956126,total0,0.0747027,false,0.00174494,over,0.00519907,false0,0.0210036,over0,0.0625806,overaggr,0.00671404,overcuckoo,0.00284722,over_uai,0.000796377,over_uai,0.000909431,over_utai,0.0100475,over_utai,0.00988967,over_ai,0.00797561,over_ai,0.0114077,countIP,5.02945e+10,countIP0,5.35398e+10,keysum,4.98182e+10,pktSum,2.19373e+11,aggrSum,3.34481e+08,blackkey_num,32620962,feedback,41,feedsumportion,0.967591,finger0,11,finger,15,time,305721,runTime,1230.43
line,20474227,total,0.00955377,total0,0.0747061,false,0.00172329,over,0.00510881,false0,0.021278,over0,0.0630802,overaggr,0.0067088,overcuckoo,0.00284497,over_uai,0.000610426,over_uai,0.00327754,over_utai,0.0100388,over_utai,0.0098815,over_ai,0.00796899,over_ai,0.0113975,countIP,5.03471e+10,countIP0,5.35963e+10,keysum,4.98706e+10,pktSum,2.19557e+11,aggrSum,3.34572e+08,blackkey_num,33562201,feedback,38,feedsumportion,0.88301,finger0,11,finger,15,time,302847,runTime,1231.43
line,20490762,total,0.00954901,total0,0.0747003,false,0.00173642,over,0.00511427,false0,0.0214896,over0,0.0632933,overaggr,0.00670528,overcuckoo,0.00284373,over_uai,0.000633452,over_uai,0.00860361,over_utai,0.0100295,over_utai,0.00987986,over_ai,0.00796158,over_ai,0.0113956,countIP,5.04029e+10,countIP0,5.36557e+10,keysum,4.99262e+10,pktSum,2.19745e+11,aggrSum,3.34769e+08,blackkey_num,34445194,feedback,38,feedsumportion,0.88301,finger0,11,finger,15,time,302847,runTime,1232.43
line,20507117,total,0.00954547,total0,0.074696,false,0.00175363,over,0.00514874,false0,0.0216355,over0,0.0635228,overaggr,0.00670338,overcuckoo,0.00284209,over_uai,0.00170022,over_uai,0.00839532,over_utai,0.0100212,over_utai,0.00987801,over_ai,0.00795597,over_ai,0.0113938,countIP,5.04564e+10,countIP0,5.37126e+10,keysum,4.99794e+10,pktSum,2.19939e+11,aggrSum,3.3503e+08,blackkey_num,35452326,feedback,38,feedsumportion,0.88301,finger0,11,finger,15,time,302847,runTime,1233.43
line,20523789,total,0.00953961,total0,0.0746786,false,0.00173799,over,0.00510218,false0,0.0215738,over0,0.0633335,overaggr,0.00669944,overcuckoo,0.00284017,over_uai,0.000639046,over_uai,0.00564657,over_utai,0.0100127,over_utai,0.00987413,over_ai,0.00794921,over_ai,0.0113888,countIP,5.05046e+10,countIP0,5.37634e+10,keysum,5.00274e+10,pktSum,2.20128e+11,aggrSum,3.35155e+08,blackkey_num,36938178,feedback,38,feedsumportion,0.88301,finger0,11,finger,15,time,302847,runTime,1234.43
line,20540547,total,0.00953249,total0,0.0746622,false,0.00171703,over,0.00502972,false0,0.0215739,over0,0.0631969,overaggr,0.00669434,overcuckoo,0.00283815,over_uai,0.00063877,over_uai,0.00313015,over_utai,0.010005,over_utai,0.00986516,over_ai,0.00794309,over_ai,0.011379,countIP,5.05554e+10,countIP0,5.3817e+10,keysum,5.00781e+10,pktSum,2.20316e+11,aggrSum,3.35239e+08,blackkey_num,38537907,feedback,38,feedsumportion,0.88301,finger0,11,finger,15,time,302847,runTime,1235.43
line,20557169,total,0.00952259,total0,0.0746428,false,0.00167907,over,0.00489316,false0,0.0216202,over0,0.0630058,overaggr,0.00668738,overcuckoo,0.00283521,over_uai,0.000537593,over_uai,0.000465952,over_utai,0.00999647,over_utai,0.00985507,over_ai,0.00793612,over_ai,0.0113644,countIP,5.0609e+10,countIP0,5.38736e+10,keysum,5.01317e+10,pktSum,2.20498e+11,aggrSum,3.35249e+08,blackkey_num,39942178,feedback,39,feedsumportion,0.897488,finger0,11,finger,15,time,305694,runTime,1236.43
line,20574081,total,0.00951318,total0,0.0746198,false,0.0016429,over,0.00477116,false0,0.0215954,over0,0.0627154,overaggr,0.00668082,overcuckoo,0.00283236,over_uai,0.000461947,over_uai,0.00053201,over_utai,0.00998693,over_utai,0.00984657,over_ai,0.00792828,over_ai,0.0113527,countIP,5.06604e+10,countIP0,5.39276e+10,keysum,5.0183e+10,pktSum,2.2068e+11,aggrSum,3.35264e+08,blackkey_num,41587866,feedback,39,feedsumportion,0.897488,finger0,11,finger,15,time,305694,runTime,1237.43
line,20591049,total,0.0095037,total0,0.0746018,false,0.00160899,over,0.00465426,false0,0.0216305,over0,0.0625699,overaggr,0.00667418,overcuckoo,0.00282953,over_uai,0.00051274,over_uai,0.000717705,over_utai,0.00997748,over_utai,0.00983757,over_ai,0.00792065,over_ai,0.01134,countIP,5.07122e+10,countIP0,5.39824e+10,keysum,5.02348e+10,pktSum,2.20859e+11,aggrSum,3.35276e+08,blackkey_num,42793124,feedback,39,feedsumportion,0.897488,finger0,11,finger,15,time,305694,runTime,1238.43
line,20607794,total,0.00949463,total0,0.0745803,false,0.00157766,over,0.00455054,false0,0.0216121,over0,0.0623374,overaggr,0.00666789,overcuckoo,0.00282674,over_uai,0.000578087,over_uai,0.000884227,over_utai,0.00996818,over_utai,0.00982869,over_ai,0.00791328,over_ai,0.0113283,countIP,5.07631e+10,countIP0,5.40359e+10,keysum,5.02856e+10,pktSum,2.2104e+11,aggrSum,3.35299e+08,blackkey_num,44350062,feedback,39,feedsumportion,0.897488,finger0,11,finger,15,time,305694,runTime,1239.43
line,20624733,total,0.00948618,total0,0.0745593,false,0.00154614,over,0.00445851,false0,0.0215383,over0,0.0621088,overaggr,0.00666201,overcuckoo,0.00282417,over_uai,0.000710124,over_uai,0.000690147,over_utai,0.00995927,over_utai,0.00981998,over_ai,0.00790615,over_ai,0.0113175,countIP,5.08105e+10,countIP0,5.40859e+10,keysum,5.03331e+10,pktSum,2.21223e+11,aggrSum,3.3532e+08,blackkey_num,45162845,feedback,39,feedsumportion,0.897488,finger0,11,finger,15,time,305694,runTime,1240.43
line,20641470,total,0.00947621,total0,0.0745451,false,0.00151382,over,0.00435126,false0,0.0216017,over0,0.0620913,overaggr,0.00665503,overcuckoo,0.00282118,over_uai,0.000401797,over_uai,0.000540402,over_utai,0.0099487,over_utai,0.00981049,over_ai,0.00789781,over_ai,0.0113051,countIP,5.08652e+10,countIP0,5.41438e+10,keysum,5.03877e+10,pktSum,2.21416e+11,aggrSum,3.35332e+08,blackkey_num,46360359,feedback,31,feedsumportion,0.389032,finger0,11,finger,15,time,308683,runTime,1241.43
line,20658527,total,0.00946792,total0,0.0745561,false,0.00148256,over,0.00426695,false0,0.0217538,over0,0.0626095,overaggr,0.00664928,overcuckoo,0.00281864,over_uai,0.000323643,over_uai,0.000804929,over_utai,0.00993994,over_utai,0.00980248,over_ai,0.00789105,over_ai,0.0112945,countIP,5.09111e+10,countIP0,5.41937e+10,keysum,5.04336e+10,pktSum,2.21601e+11,aggrSum,3.35347e+08,blackkey_num,47808819,feedback,31,feedsumportion,0.389032,finger0,11,finger,15,time,308683,runTime,1242.43
line,20675356,total,0.00946002,total0,0.0745636,false,0.00145318,over,0.00419088,false0,0.021852,over0,0.0630197,overaggr,0.00664371,overcuckoo,0.00281631,over_uai,0.00057193,over_uai,0.000482551,over_utai,0.00993118,over_utai,0.00979408,over_ai,0.00788428,over_ai,0.0112844,countIP,5.09553e+10,countIP0,5.42416e+10,keysum,5.04778e+10,pktSum,2.21786e+11,aggrSum,3.3536e+08,blackkey_num,49522105,feedback,31,feedsumportion,0.389032,finger0,11,finger,15,time,308683,runTime,1243.43
line,20692326,total,0.00945559,total0,0.0745657,false,0.00145743,over,0.00420216,false0,0.021957,over0,0.0633079,overaggr,0.00663779,overcuckoo,0.00281779,over_uai,0.000529967,over_uai,0.00822402,over_utai,0.00992247,over_utai,0.0097925,over_ai,0.00787716,over_ai,0.0112835,countIP,5.10029e+10,countIP0,5.42926e+10,keysum,5.05252e+10,pktSum,2.21968e+11,aggrSum,3.35376e+08,blackkey_num,50441663,feedback,31,feedsumportion,0.389032,finger0,11,finger,15,time,308683,runTime,1244.43
line,20709321,total,0.00946412,total0,0.0745653,false,0.00155969,over,0.00449684,false0,0.022035,over0,0.0635302,overaggr,0.00663192,overcuckoo,0.0028322,over_uai,0.000491811,over_uai,0.0317043,over_utai,0.00991349,over_utai,0.00981134,over_ai,0.0078699,over_ai,0.0113148,countIP,5.10512e+10,countIP0,5.43435e+10,keysum,5.05726e+10,pktSum,2.22152e+11,aggrSum,3.35393e+08,blackkey_num,51551307,feedback,31,feedsumportion,0.389032,finger0,11,finger,15,time,308683,runTime,1245.43
line,20726030,total,0.00947295,total0,0.0745458,false,0.00166497,over,0.00479338,false0,0.0220049,over0,0.0633513,overaggr,0.0066435,overcuckoo,0.00282945,over_uai,0.0279501,over_uai,0.000521641,over_utai,0.0099297,over_utai,0.00980089,over_ai,0.00789333,over_ai,0.0113022,countIP,5.11031e+10,countIP0,5.43973e+10,keysum,5.06236e+10,pktSum,2.2234e+11,aggrSum,3.36318e+08,blackkey_num,51964553,feedback,28,feedsumportion,0.398573,finger0,11,finger,15,time,312167,runTime,1246.43
line,20742677,total,0.0094785,total0,0.0745202,false,0.00174096,over,0.00500795,false0,0.0219172,over0,0.0630457,overaggr,0.00665183,overcuckoo,0.00282666,over_uai,0.021906,over_uai,0.000679452,over_utai,0.00994107,over_utai,0.00979241,over_ai,0.00791072,over_ai,0.0112908,countIP,5.11543e+10,countIP0,5.44502e+10,keysum,5.0674e+10,pktSum,2.2253e+11,aggrSum,3.37075e+08,blackkey_num,52538641,feedback,28,feedsumportion,0.398573,finger0,11,finger,15,time,312167,runTime,1247.43
line,20759274,total,0.00948561,total0,0.0744989,false,0.00182556,over,0.00524677,false0,0.0218661,over0,0.0628443,overaggr,0.00666174,overcuckoo,0.00282387,over_uai,0.0259258,over_uai,0.000575907,over_utai,0.00995527,over_utai,0.00978316,over_ai,0.00793127,over_ai,0.0112784,countIP,5.12061e+10,countIP0,5.45038e+10,keysum,5.07249e+10,pktSum,2.22721e+11,aggrSum,3.37916e+08,blackkey_num,53028802,feedback,28,feedsumportion,0.398573,finger0,11,finger,15,time,312167,runTime,1248.43
line,20776321,total,0.00949399,total0,0.0744821,false,0.00191343,over,0.00549744,false0,0.021833,over0,0.0627281,overaggr,0.00667273,overcuckoo,0.00282126,over_uai,0.0282604,over_uai,0.000561644,over_utai,0.00997081,over_utai,0.00977493,over_ai,0.00795365,over_ai,0.0112665,countIP,5.12549e+10,countIP0,5.45545e+10,keysum,5.07729e+10,pktSum,2.22905e+11,aggrSum,3.38794e+08,blackkey_num,53302863,feedback,28,feedsumportion,0.398573,finger0,11,finger,15,time,312167,runTime,1249.43
line,20793344,total,0.0095036,total0,0.0744663,false,0.00200458,over,0.00576237,false0,0.0217881,over0,0.062632,overaggr,0.00668485,overcuckoo,0.00281874,over_uai,0.027823,over_uai,0.000653831,over_utai,0.00998691,over_utai,0.00976664,over_ai,0.00797699,over_ai,0.0112562,countIP,5.13033e+10,countIP0,5.46047e+10,keysum,5.08203e+10,pktSum,2.23092e+11,aggrSum,3.39726e+08,blackkey_num,53662644,feedback,28,feedsumportion,0.398573,finger0,11,finger,15,time,312167,runTime,1250.43
line,20810190,total,0.00949484,total0,0.0744492,false,0.00197021,over,0.00566159,false0,0.0217564,over0,0.0625189,overaggr,0.00667869,overcuckoo,0.00281615,over_uai,0.000509993,over_uai,0.0007683,over_utai,0.00997849,over_utai,0.0097576,over_ai,0.00797024,over_ai,0.011244,countIP,5.13521e+10,countIP0,5.46563e+10,keysum,5.08691e+10,pktSum,2.23279e+11,aggrSum,3.39739e+08,blackkey_num,54822469,feedback,32,feedsumportion,0.986588,finger0,11,finger,15,time,312728,runTime,1251.43
line,20826837,total,0.00948599,total0,0.0744354,false,0.00193653,over,0.00556257,false0,0.02175,over0,0.0624754,overaggr,0.00667249,overcuckoo,0.0028135,over_uai,0.000462231,over_uai,0.000570413,over_utai,0.00996999,over_utai,0.0097472,over_ai,0.00796353,over_ai,0.0112315,countIP,5.14011e+10,countIP0,5.47082e+10,keysum,5.09181e+10,pktSum,2.23465e+11,aggrSum,3.3975e+08,blackkey_num,55847448,feedback,32,feedsumportion,0.986588,finger0,11,finger,15,time,312728,runTime,1252.43
line,20843812,total,0.00947758,total0,0.0744225,false,0.00190469,over,0.00547213,false0,0.0217332,over0,0.0624392,overaggr,0.00666658,overcuckoo,0.002811,over_uai,0.000509136,over_uai,0.000795564,over_utai,0.00996135,over_utai,0.00973879,over_ai,0.00795723,over_ai,0.0112194,countIP,5.14481e+10,countIP0,5.4758e+10,keysum,5.09651e+10,pktSum,2.23649e+11,aggrSum,3.39763e+08,blackkey_num,56907646,feedback,32,feedsumportion,0.986588,finger0,11,finger,15,time,312728,runTime,1253.43
line,20860633,total,0.00946981,total0,0.0744469,false,0.00187336,over,0.00539184,false0,0.0219181,over0,0.0630841,overaggr,0.00666114,overcuckoo,0.00280867,over_uai,0.000458779,over_uai,0.000989082,over_utai,0.00995324,over_utai,0.00973076,over_ai,0.00795127,over_ai,0.0112085,countIP,5.1492e+10,countIP0,5.48065e+10,keysum,5.1009e+10,pktSum,2.23833e+11,aggrSum,3.39778e+08,blackkey_num,58074183,feedback,32,feedsumportion,0.986588,finger0,11,finger,15,time,312728,runTime,1254.43
line,20877241,total,0.00948204,total0,0.0744382,false,0.00197639,over,0.00568726,false0,0.0219371,over0,0.0631262,overaggr,0.00665505,overcuckoo,0.002827,over_uai,0.000686884,over_uai,0.0380795,over_utai,0.00994436,over_utai,0.00975546,over_ai,0.00794421,over_ai,0.0112483,countIP,5.15424e+10,countIP0,5.4859e+10,keysum,5.10583e+10,pktSum,2.24023e+11,aggrSum,3.39795e+08,blackkey_num,59123758,feedback,32,feedsumportion,0.986588,finger0,11,finger,15,time,312728,runTime,1255.43
line,20894136,total,0.00947401,total0,0.0744312,false,0.00195304,over,0.00561133,false0,0.0219984,over0,0.063204,overaggr,0.0066497,overcuckoo,0.00282431,over_uai,0.000368618,over_uai,0.00211493,over_utai,0.00993601,over_utai,0.00974643,over_ai,0.00793794,over_ai,0.011237,countIP,5.15937e+10,countIP0,5.49136e+10,keysum,5.11095e+10,pktSum,2.24209e+11,aggrSum,3.39863e+08,blackkey_num,60121581,feedback,29,feedsumportion,0.380956,finger0,11,finger,15,time,309824,runTime,1256.43
line,20911028,total,0.00947586,total0,0.0744361,false,0.00198708,over,0.00570793,false0,0.0220979,over0,0.0634768,overaggr,0.00665404,overcuckoo,0.00282182,over_uai,0.000557135,over_uai,0.0191381,over_utai,0.00992604,over_utai,0.00975426,over_ai,0.00793088,over_ai,0.0112512,countIP,5.16422e+10,countIP0,5.49654e+10,keysum,5.11575e+10,pktSum,2.24393e+11,aggrSum,3.40404e+08,blackkey_num,61014366,feedback,29,feedsumportion,0.380956,finger0,11,finger,15,time,309824,runTime,1257.43
line,20928443,total,0.00947472,total0,0.0744329,false,0.00199681,over,0.00574462,false0,0.0221022,over0,0.0635857,overaggr,0.00665521,overcuckoo,0.0028195,over_uai,0.000497996,over_uai,0.0120367,over_utai,0.00991764,over_utai,0.00975604,over_ai,0.00792454,over_ai,0.0112569,countIP,5.16867e+10,countIP0,5.50126e+10,keysum,5.12016e+10,pktSum,2.24576e+11,aggrSum,3.40757e+08,blackkey_num,62084211,feedback,29,feedsumportion,0.380956,finger0,11,finger,15,time,309824,runTime,1258.43
line,20945487,total,0.00946524,total0,0.0744218,false,0.00196815,over,0.00564946,false0,0.0221536,over0,0.0635907,overaggr,0.00664858,overcuckoo,0.00281666,over_uai,0.000659555,over_uai,0.000948528,over_utai,0.00990766,over_utai,0.00974714,over_ai,0.00791677,over_ai,0.0112446,countIP,5.17406e+10,countIP0,5.507e+10,keysum,5.12554e+10,pktSum,2.24766e+11,aggrSum,3.40776e+08,blackkey_num,62943916,feedback,29,feedsumportion,0.380956,finger0,11,finger,15,time,309824,runTime,1259.43
line,20962631,total,0.00945634,total0,0.0744103,false,0.00194282,over,0.00556715,false0,0.0221909,over0,0.0635879,overaggr,0.00664198,overcuckoo,0.00281436,over_uai,0.0029797,over_uai,0.00179803,over_utai,0.00990022,over_utai,0.00973891,over_ai,0.00790917,over_ai,0.0112332,countIP,5.17946e+10,countIP0,5.51274e+10,keysum,5.13094e+10,pktSum,2.2496e+11,aggrSum,3.40796e+08,blackkey_num,64128640,feedback,29,feedsumportion,0.380956,finger0,11,finger,15,time,309824,runTime,1260.43
line,20979728,total,0.00944708,total0,0.0744165,false,0.00191473,over,0.00547985,false0,0.0223188,over0,0.0638754,overaggr,0.00663548,overcuckoo,0.0028116,over_uai,0.000607751,over_uai,0.000754942,over_utai,0.00989117,over_utai,0.00972897,over_ai,0.00790226,over_ai,0.0112199,countIP,5.18474e+10,countIP0,5.51843e+10,keysum,5.13622e+10,pktSum,2.25153e+11,aggrSum,3.40813e+08,blackkey_num,65233971,feedback,31,feedsumportion,0.949931,finger0,11,finger,15,time,370123,runTime,1261.43
line,20997044,total,0.00943731,total0,0.0743925,false,0.00188795,over,0.00538977,false0,0.0223017,over0,0.0636675,overaggr,0.00662863,overcuckoo,0.00280867,over_uai,0.000539541,over_uai,0.000689295,over_utai,0.00988163,over_utai,0.00971971,over_ai,0.00789465,over_ai,0.0112064,countIP,5.19024e+10,countIP0,5.52422e+10,keysum,5.14172e+10,pktSum,2.25343e+11,aggrSum,3.40826e+08,blackkey_num,66897887,feedback,31,feedsumportion,0.949931,finger0,11,finger,15,time,370123,runTime,1262.43
line,21014374,total,0.00942855,total0,0.0743934,false,0.00186014,over,0.00531096,false0,0.022362,over0,0.0638467,overaggr,0.0066225,overcuckoo,0.00280605,over_uai,0.000552724,over_uai,0.00055591,over_utai,0.00987228,over_utai,0.00971122,over_ai,0.00788751,over_ai,0.0111949,countIP,5.19514e+10,countIP0,5.52949e+10,keysum,5.14661e+10,pktSum,2.25532e+11,aggrSum,3.40835e+08,blackkey_num,68234949,feedback,31,feedsumportion,0.949931,finger0,11,finger,15,time,370123,runTime,1263.43
line,21031433,total,0.0094197,total0,0.0744057,false,0.00183378,over,0.00523598,false0,0.0224877,over0,0.064209,overaggr,0.00661637,overcuckoo,0.00280332,over_uai,0.00060583,over_uai,0.000796428,over_utai,0.00986302,over_utai,0.00970262,over_ai,0.00788031,over_ai,0.0111832,countIP,5.20029e+10,countIP0,5.53509e+10,keysum,5.15177e+10,pktSum,2.25731e+11,aggrSum,3.4086e+08,blackkey_num,69807133,feedback,31,feedsumportion,0.949931,finger0,11,finger,15,time,370123,runTime,1264.43
line,21048595,total,0.00941113,total0,0.0744054,false,0.00180739,over,0.00516389,false0,0.0225243,over0,0.0643541,overaggr,0.00661037,overcuckoo,0.00280076,over_uai,0.000477839,over_uai,0.000906176,over_utai,0.00985496,over_utai,0.00969376,over_ai,0.0078735,over_ai,0.0111716,countIP,5.20516e+10,countIP0,5.54031e+10,keysum,5.15663e+10,pktSum,2.25925e+11,aggrSum,3.40872e+08,blackkey_num,71523756,feedback,31,feedsumportion,0.949931,finger0,11,finger,15,time,370123,runTime,1265.43
line,21065795,total,0.00940282,total0,0.0744127,false,0.00178756,over,0.00510203,false0,0.0226414,over0,0.0646227,overaggr,0.00660472,overcuckoo,0.0027981,over_uai,0.00182264,over_uai,0.000698154,over_utai,0.00984789,over_utai,0.00968377,over_ai,0.00786839,over_ai,0.0111578,countIP,5.21038e+10,countIP0,5.54595e+10,keysum,5.16185e+10,pktSum,2.26116e+11,aggrSum,3.40925e+08,blackkey_num,73139841,feedback,27,feedsumportion,0.447625,finger0,11,finger,15,time,358446,runTime,1266.43
line,21082906,total,0.0093943,total0,0.0744063,false,0.00176442,over,0.00503598,false0,0.0226577,over0,0.0646694,overaggr,0.00659881,overcuckoo,0.00279549,over_uai,0.000986369,over_uai,0.000500587,over_utai,0.00983972,over_utai,0.00967417,over_ai,0.00786239,over_ai,0.0111445,countIP,5.21539e+10,countIP0,5.5513e+10,keysum,5.16685e+10,pktSum,2.26309e+11,aggrSum,3.4095e+08,blackkey_num,74181644,feedback,27,feedsumportion,0.447625,finger0,11,finger,15,time,358446,runTime,1267.43
line,21100140,total,0.00938591,total0,0.0743988,false,0.0017441,over,0.0049749,false0,0.0226829,over0,0.064701,overaggr,0.00659304,overcuckoo,0.00279287,over_uai,0.00120926,over_uai,0.000619947,over_utai,0.00983123,over_utai,0.00966547,over_ai,0.00785551,over_ai,0.0111335,countIP,5.2205e+10,countIP0,5.55675e+10,keysum,5.17196e+10,pktSum,2.265e+11,aggrSum,3.40989e+08,blackkey_num,75320132,feedback,27,feedsumportion,0.447625,finger0,11,finger,15,time,358446,runTime,1268.43
line,21117398,total,0.00937811,total0,0.0744021,false,0.00172391,over,0.00491926,false0,0.0227371,over0,0.0648813,overaggr,0.00658767,overcuckoo,0.00279044,over_uai,0.001387,over_uai,0.000647004,over_utai,0.00982413,over_utai,0.00965629,over_ai,0.00785005,over_ai,0.0111215,countIP,5.22525e+10,countIP0,5.56185e+10,keysum,5.1767e+10,pktSum,2.26687e+11,aggrSum,3.41024e+08,blackkey_num,76451590,feedback,27,feedsumportion,0.447625,finger0,11,finger,15,time,358446,runTime,1269.43
line,21134393,total,0.0093701,total0,0.0743996,false,0.00170379,over,0.00486368,false0,0.022761,over0,0.0649742,overaggr,0.00658219,overcuckoo,0.00278791,over_uai,0.00115679,over_uai,0.000534738,over_utai,0.00981571,over_utai,0.00964756,over_ai,0.00784409,over_ai,0.0111104,countIP,5.23013e+10,countIP0,5.56708e+10,keysum,5.18157e+10,pktSum,2.26878e+11,aggrSum,3.41061e+08,blackkey_num,77535989,feedback,27,feedsumportion,0.447625,finger0,11,finger,15,time,358446,runTime,1270.43
line,21151474,total,0.00936133,total0,0.0743913,false,0.00168323,over,0.00480094,false0,0.022785,over0,0.0649879,overaggr,0.006576,overcuckoo,0.00278532,over_uai,0.000460106,over_uai,0.000618972,over_utai,0.0098079,over_utai,0.00963763,over_ai,0.00783783,over_ai,0.0110973,countIP,5.23521e+10,countIP0,5.57249e+10,keysum,5.18665e+10,pktSum,2.27065e+11,aggrSum,3.41075e+08,blackkey_num,78807608,feedback,29,feedsumportion,0.74182,finger0,11,finger,15,time,307945,runTime,1271.43
line,21168863,total,0.00935242,total0,0.0743764,false,0.0016631,over,0.00473868,false0,0.0227809,over0,0.0649095,overaggr,0.00656973,overcuckoo,0.00278268,over_uai,0.000705046,over_uai,0.000889761,over_utai,0.00979842,over_utai,0.00962833,over_ai,0.00783053,over_ai,0.0110855,countIP,5.24037e+10,countIP0,5.57796e+10,keysum,5.19181e+10,pktSum,2.27253e+11,aggrSum,3.41088e+08,blackkey_num,80604164,feedback,29,feedsumportion,0.74182,finger0,11,finger,15,time,307945,runTime,1272.43
line,21185682,total,0.00934338,total0,0.0743676,false,0.00164285,over,0.00467731,false0,0.0228022,over0,0.0649192,overaggr,0.00656343,overcuckoo,0.00277995,over_uai,0.00050012,over_uai,0.000505967,over_utai,0.00978923,over_utai,0.00961776,over_ai,0.00782375,over_ai,0.0110725,countIP,5.24561e+10,countIP0,5.58355e+10,keysum,5.19706e+10,pktSum,2.27447e+11,aggrSum,3.41105e+08,blackkey_num,81948252,feedback,29,feedsumportion,0.74182,finger0,11,finger,15,time,307945,runTime,1273.43
line,21202810,total,0.00933383,total0,0.0743417,false,0.00162412,over,0.00461397,false0,0.0227744,over0,0.0647001,overaggr,0.00655677,overcuckoo,0.00277706,over_uai,0.000529658,over_uai,0.000663033,over_utai,0.00978026,over_utai,0.0096083,over_ai,0.00781617,over_ai,0.0110598,countIP,5.25115e+10,countIP0,5.58936e+10,keysum,5.20259e+10,pktSum,2.27637e+11,aggrSum,3.41122e+08,blackkey_num,83048864,feedback,29,feedsumportion,0.74182,finger0,11,finger,15,time,307945,runTime,1274.43
line,21220116,total,0.00932414,total0,0.0743125,false,0.00160703,over,0.00455172,false0,0.0227529,over0,0.0644452,overaggr,0.00654993,overcuckoo,0.00277421,over_uai,0.000550084,over_uai,0.000764905,over_utai,0.00977147,over_utai,0.00959879,over_ai,0.00780874,over_ai,0.0110462,countIP,5.25681e+10,countIP0,5.59529e+10,keysum,5.20825e+10,pktSum,2.27822e+11,aggrSum,3.41137e+08,blackkey_num,84186780,feedback,29,feedsumportion,0.74182,finger0,11,finger,15,time,307945,runTime,1275.43
line,21237206,total,0.00931621,total0,0.0742901,false,0.00159201,over,0.00450632,false0,0.0227057,over0,0.0642704,overaggr,0.00654456,overcuckoo,0.00277165,over_uai,0.000548254,over_uai,0.00200429,over_utai,0.00976297,over_utai,0.00959188,over_ai,0.00780186,over_ai,0.0110365,countIP,5.2618e+10,countIP0,5.60053e+10,keysum,5.21324e+10,pktSum,2.28006e+11,aggrSum,3.41183e+08,blackkey_num,85398386,feedback,31,feedsumportion,0.384041,finger0,11,finger,15,time,352577,runTime,1276.43
line,21254251,total,0.00930819,total0,0.0742676,false,0.00157723,over,0.00446162,false0,0.0226603,over0,0.0641009,overaggr,0.0065391,overcuckoo,0.00276909,over_uai,0.000689049,over_uai,0.00183207,over_utai,0.00975439,over_utai,0.00958487,over_ai,0.00779457,over_ai,0.0110273,countIP,5.26687e+10,countIP0,5.60584e+10,keysum,5.21829e+10,pktSum,2.28192e+11,aggrSum,3.4123e+08,blackkey_num,86669068,feedback,31,feedsumportion,0.384041,finger0,11,finger,15,time,352577,runTime,1277.43
line,21271031,total,0.00930036,total0,0.0742578,false,0.0015634,over,0.0044203,false0,0.0226715,over0,0.0641004,overaggr,0.00653384,overcuckoo,0.00276651,over_uai,0.000668713,over_uai,0.00209614,over_utai,0.00974572,over_utai,0.00957827,over_ai,0.00778739,over_ai,0.0110184,countIP,5.27193e+10,countIP0,5.61122e+10,keysum,5.22335e+10,pktSum,2.2838e+11,aggrSum,3.41285e+08,blackkey_num,87507692,feedback,31,feedsumportion,0.384041,finger0,11,finger,15,time,352577,runTime,1278.43
line,21287803,total,0.00929821,total0,0.0742449,false,0.00157466,over,0.00445086,false0,0.0226619,over0,0.0640552,overaggr,0.006534,overcuckoo,0.00276422,over_uai,0.00042826,over_uai,0.0109688,over_utai,0.00973764,over_utai,0.00957919,over_ai,0.00778066,over_ai,0.0110223,countIP,5.27677e+10,countIP0,5.61633e+10,keysum,5.22816e+10,pktSum,2.28561e+11,aggrSum,3.41608e+08,blackkey_num,88686719,feedback,31,feedsumportion,0.384041,finger0,11,finger,15,time,352577,runTime,1279.43
line,21304487,total,0.00929076,total0,0.0742291,false,0.00155902,over,0.00440979,false0,0.0226146,over0,0.063967,overaggr,0.0065289,overcuckoo,0.00276186,over_uai,0.000495737,over_uai,0.0013871,over_utai,0.00972928,over_utai,0.00957129,over_ai,0.00777413,over_ai,0.011013,countIP,5.28138e+10,countIP0,5.62118e+10,keysum,5.23276e+10,pktSum,2.28745e+11,aggrSum,3.41642e+08,blackkey_num,89592404,feedback,31,feedsumportion,0.384041,finger0,11,finger,15,time,352577,runTime,1280.43
line,21321555,total,0.00928221,total0,0.0742071,false,0.00154198,over,0.0043602,false0,0.0225667,over0,0.0638112,overaggr,0.0065229,overcuckoo,0.00275931,over_uai,0.0006598,over_uai,0.000435814,over_utai,0.00972085,over_utai,0.00956179,over_ai,0.00776705,over_ai,0.0110023,countIP,5.28638e+10,countIP0,5.62644e+10,keysum,5.23776e+10,pktSum,2.28933e+11,aggrSum,3.41654e+08,blackkey_num,90601763,feedback,30,feedsumportion,0.869894,finger0,11,finger,15,time,313703,runTime,1281.43
line,21338390,total,0.00927428,total0,0.0741889,false,0.00152565,over,0.00431647,false0,0.0225147,over0,0.0637001,overaggr,0.00651727,overcuckoo,0.00275702,over_uai,0.000698281,over_uai,0.00100334,over_utai,0.00971323,over_utai,0.0095537,over_ai,0.00776093,over_ai,0.0109914,countIP,5.29112e+10,countIP0,5.63144e+10,keysum,5.2425e+10,pktSum,2.29121e+11,aggrSum,3.41668e+08,blackkey_num,91595431,feedback,30,feedsumportion,0.869894,finger0,11,finger,15,time,313703,runTime,1282.43
line,21355079,total,0.00927044,total0,0.0741752,false,0.00152564,over,0.00432131,false0,0.0224688,over0,0.0636417,overaggr,0.0065119,overcuckoo,0.00275854,over_uai,0.00110706,over_uai,0.0069254,over_utai,0.00970574,over_utai,0.00955118,over_ai,0.00775513,over_ai,0.0109901,countIP,5.29563e+10,countIP0,5.63618e+10,keysum,5.24698e+10,pktSum,2.29306e+11,aggrSum,3.41678e+08,blackkey_num,92504449,feedback,30,feedsumportion,0.869894,finger0,11,finger,15,time,313703,runTime,1283.43
line,21371892,total,0.00929026,total0,0.0741578,false,0.00163139,over,0.00462176,false0,0.0224302,over0,0.0635453,overaggr,0.00650659,overcuckoo,0.00278367,over_uai,0.0007795,over_uai,0.0452613,over_utai,0.00969807,over_utai,0.00958619,over_ai,0.00774859,over_ai,0.0110478,countIP,5.30057e+10,countIP0,5.64124e+10,keysum,5.25178e+10,pktSum,2.29492e+11,aggrSum,3.41712e+08,blackkey_num,93380476,feedback,30,feedsumportion,0.869894,finger0,11,finger,15,time,313703,runTime,1284.43
line,21388505,total,0.00928384,total0,0.0741484,false,0.00162188,over,0.00459622,false0,0.0224255,over0,0.0635512,overaggr,0.00650075,overcuckoo,0.00278309,over_uai,0.000920959,over_uai,0.00317541,over_utai,0.00969009,over_utai,0.00957882,over_ai,0.0077419,over_ai,0.0110413,countIP,5.30546e+10,countIP0,5.64643e+10,keysum,5.25666e+10,pktSum,2.29683e+11,aggrSum,3.41722e+08,blackkey_num,94180321,feedback,30,feedsumportion,0.869894,finger0,11,finger,15,time,313703,runTime,1285.43
line,21405418,total,0.00927596,total0,0.0741388,false,0.00160626,over,0.00455204,false0,0.0224247,over0,0.0635502,overaggr,0.00649526,overcuckoo,0.0027807,over_uai,0.000551202,over_uai,0.000706575,over_utai,0.00968166,over_utai,0.00957036,over_ai,0.00773533,over_ai,0.0110309,countIP,5.3102e+10,countIP0,5.65147e+10,keysum,5.2614e+10,pktSum,2.29865e+11,aggrSum,3.41741e+08,blackkey_num,95115451,feedback,28,feedsumportion,0.540023,finger0,11,finger,15,time,346302,runTime,1286.43
line,21422339,total,0.00927027,total0,0.0741294,false,0.00159734,over,0.00453142,false0,0.0223996,over0,0.0635443,overaggr,0.00649099,overcuckoo,0.00277928,over_uai,0.00200803,over_uai,0.00237422,over_utai,0.00967492,over_utai,0.00956438,over_ai,0.00773046,over_ai,0.0110241,countIP,5.31464e+10,countIP0,5.65618e+10,keysum,5.26583e+10,pktSum,2.30048e+11,aggrSum,3.41804e+08,blackkey_num,96333482,feedback,28,feedsumportion,0.540023,finger0,11,finger,15,time,346302,runTime,1287.43
line,21439327,total,0.00926246,total0,0.0741202,false,0.0015822,over,0.00448952,false0,0.0223958,over0,0.0635485,overaggr,0.00648563,overcuckoo,0.00277683,over_uai,0.000974055,over_uai,0.000738003,over_utai,0.00966749,over_utai,0.00955608,over_ai,0.00772454,over_ai,0.0110131,countIP,5.3194e+10,countIP0,5.66124e+10,keysum,5.27058e+10,pktSum,2.30233e+11,aggrSum,3.4183e+08,blackkey_num,97367229,feedback,28,feedsumportion,0.540023,finger0,11,finger,15,time,346302,runTime,1288.43
line,21456343,total,0.00925561,total0,0.0741316,false,0.00156884,over,0.00445577,false0,0.0224586,over0,0.0637863,overaggr,0.00648091,overcuckoo,0.0027747,over_uai,0.00128792,over_uai,0.00095561,over_utai,0.00966013,over_utai,0.00954831,over_ai,0.00771899,over_ai,0.0110042,countIP,5.3238e+10,countIP0,5.66601e+10,keysum,5.27497e+10,pktSum,2.30414e+11,aggrSum,3.41866e+08,blackkey_num,98544353,feedback,28,feedsumportion,0.540023,finger0,11,finger,15,time,346302,runTime,1289.43
line,21473486,total,0.00924834,total0,0.0741302,false,0.00155404,over,0.0044179,false0,0.022467,over0,0.0638704,overaggr,0.0064759,overcuckoo,0.00277244,over_uai,0.000730367,over_uai,0.000825034,over_utai,0.00965194,over_utai,0.00954112,over_ai,0.00771279,over_ai,0.0109951,countIP,5.32823e+10,countIP0,5.67077e+10,keysum,5.2794e+10,pktSum,2.30596e+11,aggrSum,3.41889e+08,blackkey_num,99531540,feedback,28,feedsumportion,0.540023,finger0,11,finger,15,time,346302,runTime,1290.43
line,21490312,total,0.00924165,total0,0.07412,false,0.00154549,over,0.00439324,false0,0.0224669,over0,0.0638648,overaggr,0.00647123,overcuckoo,0.00277042,over_uai,0.00069422,over_uai,0.0034115,over_utai,0.00964413,over_utai,0.00953494,over_ai,0.00770635,over_ai,0.0109875,countIP,5.33321e+10,countIP0,5.67605e+10,keysum,5.28437e+10,pktSum,2.30786e+11,aggrSum,3.41964e+08,blackkey_num,100359877,feedback,33,feedsumportion,0.678559,finger0,11,finger,15,time,358749,runTime,1291.43
line,21507450,total,0.00923537,total0,0.0741115,false,0.00153721,over,0.00437123,false0,0.0224617,over0,0.0638726,overaggr,0.00646673,overcuckoo,0.00276864,over_uai,0.000790687,over_uai,0.00365357,over_utai,0.00963666,over_utai,0.00952946,over_ai,0.00770004,over_ai,0.0109809,countIP,5.33797e+10,countIP0,5.68111e+10,keysum,5.28913e+10,pktSum,2.30973e+11,aggrSum,3.42034e+08,blackkey_num,101368840,feedback,33,feedsumportion,0.678559,finger0,11,finger,15,time,358749,runTime,1292.43
line,21523896,total,0.00922966,total0,0.0741278,false,0.00152794,over,0.00435424,false0,0.0225132,over0,0.0641572,overaggr,0.00646274,overcuckoo,0.00276692,over_uai,0.000671096,over_uai,0.00458989,over_utai,0.00962851,over_utai,0.00952544,over_ai,0.00769336,over_ai,0.0109765,countIP,5.34256e+10,countIP0,5.68612e+10,keysum,5.2937e+10,pktSum,2.31178e+11,aggrSum,3.42119e+08,blackkey_num,102214119,feedback,33,feedsumportion,0.678559,finger0,11,finger,15,time,358749,runTime,1293.43
line,21540474,total,0.00922376,total0,0.0742032,false,0.0015173,over,0.00433331,false0,0.0227936,over0,0.0650972,overaggr,0.00645855,overcuckoo,0.00276521,over_uai,0.000585905,over_uai,0.00379324,over_utai,0.0096207,over_utai,0.00952096,over_ai,0.00768673,over_ai,0.0109716,countIP,5.34697e+10,countIP0,5.69124e+10,keysum,5.2981e+10,pktSum,2.31376e+11,aggrSum,3.4218e+08,blackkey_num,103246860,feedback,33,feedsumportion,0.678559,finger0,11,finger,15,time,358749,runTime,1294.43
line,21556977,total,0.00921794,total0,0.0742494,false,0.00150654,over,0.00431315,false0,0.0229464,over0,0.0656943,overaggr,0.00645446,overcuckoo,0.00276348,over_uai,0.000461863,over_uai,0.00378796,over_utai,0.00961145,over_utai,0.00951646,over_ai,0.00767988,over_ai,0.0109674,countIP,5.35133e+10,countIP0,5.69615e+10,keysum,5.30245e+10,pktSum,2.31577e+11,aggrSum,3.42244e+08,blackkey_num,103954199,feedback,33,feedsumportion,0.678559,finger0,11,finger,15,time,358749,runTime,1295.43
line,21573779,total,0.00921159,total0,0.0742346,false,0.00149704,over,0.00428991,false0,0.0228968,over0,0.0656131,overaggr,0.00645045,overcuckoo,0.00276114,over_uai,0.000256571,over_uai,0.00383351,over_utai,0.00960253,over_utai,0.00951212,over_ai,0.00767301,over_ai,0.0109619,countIP,5.35592e+10,countIP0,5.701e+10,keysum,5.30704e+10,pktSum,2.31767e+11,aggrSum,3.42328e+08,blackkey_num,105130744,feedback,31,feedsumportion,0.884861,finger0,11,finger,15,time,345990,runTime,1296.43
line,21590619,total,0.00920537,total0,0.0742372,false,0.00148668,over,0.0042659,false0,0.022903,over0,0.0657182,overaggr,0.00644641,overcuckoo,0.00275896,over_uai,0.000611687,over_uai,0.00251945,over_utai,0.00959513,over_utai,0.00950634,over_ai,0.00766696,over_ai,0.0109551,countIP,5.36027e+10,countIP0,5.70568e+10,keysum,5.31138e+10,pktSum,2.31953e+11,aggrSum,3.42393e+08,blackkey_num,106211637,feedback,31,feedsumportion,0.884861,finger0,11,finger,15,time,345990,runTime,1297.43
line,21607577,total,0.00920046,total0,0.0742481,false,0.00147944,over,0.00425305,false0,0.0229259,over0,0.0659064,overaggr,0.00644256,overcuckoo,0.00275791,over_uai,0.000569793,over_uai,0.0050883,over_utai,0.00958783,over_utai,0.00950332,over_ai,0.00766113,over_ai,0.0109515,countIP,5.36429e+10,countIP0,5.71005e+10,keysum,5.31539e+10,pktSum,2.32135e+11,aggrSum,3.42447e+08,blackkey_num,107251870,feedback,31,feedsumportion,0.884861,finger0,11,finger,15,time,345990,runTime,1298.43
line,21624306,total,0.00919322,total0,0.0742424,false,0.0014676,over,0.00422113,false0,0.0229202,over0,0.0659233,overaggr,0.00643766,overcuckoo,0.00275557,over_uai,0.000385891,over_uai,0.00166846,over_utai,0.00957933,over_utai,0.00949717,over_ai,0.00765464,over_ai,0.010943,countIP,5.3689e+10,countIP0,5.71496e+10,keysum,5.31999e+10,pktSum,2.3232e+11,aggrSum,3.42483e+08,blackkey_num,108715683,feedback,31,feedsumportion,0.884861,finger0,11,finger,15,time,345990,runTime,1299.43
line,21640936,total,0.00918625,total0,0.0742233,false,0.00145557,over,0.00419144,false0,0.0228485,over0,0.0657942,overaggr,0.00643292,overcuckoo,0.00275332,over_uai,0.000370706,over_uai,0.00177654,over_utai,0.00957003,over_utai,0.00949132,over_ai,0.00764803,over_ai,0.0109357,countIP,5.3734e+10,countIP0,5.71969e+10,keysum,5.32449e+10,pktSum,2.32511e+11,aggrSum,3.4252e+08,blackkey_num,109788064,feedback,31,feedsumportion,0.884861,finger0,11,finger,15,time,345990,runTime,1300.43
line,21657834,total,0.00917767,total0,0.0742067,false,0.00144212,over,0.0041514,false0,0.0228245,over0,0.0657042,overaggr,0.00642692,overcuckoo,0.00275075,over_uai,0.000385775,over_uai,0.000485483,over_utai,0.00956118,over_utai,0.00948285,over_ai,0.00764113,over_ai,0.0109245,countIP,5.37851e+10,countIP0,5.72509e+10,keysum,5.3296e+10,pktSum,2.32705e+11,aggrSum,3.42529e+08,blackkey_num,110876416,feedback,31,feedsumportion,0.838108,finger0,11,finger,15,time,308935,runTime,1301.43
line,21674854,total,0.00916915,total0,0.0742013,false,0.00142986,over,0.0041129,false0,0.0228524,over0,0.0657333,overaggr,0.00642092,overcuckoo,0.00274823,over_uai,0.000368739,over_uai,0.000725125,over_utai,0.00955277,over_utai,0.00947487,over_ai,0.00763426,over_ai,0.0109135,countIP,5.38366e+10,countIP0,5.73059e+10,keysum,5.33475e+10,pktSum,2.32893e+11,aggrSum,3.4254e+08,blackkey_num,111851200,feedback,31,feedsumportion,0.838108,finger0,11,finger,15,time,308935,runTime,1302.43
line,21691326,total,0.00916089,total0,0.0741869,false,0.00141734,over,0.00407613,false0,0.0228333,over0,0.0656665,overaggr,0.00641518,overcuckoo,0.00274571,over_uai,0.000591393,over_uai,0.000633962,over_utai,0.00954461,over_utai,0.00946714,over_ai,0.00762759,over_ai,0.0109027,countIP,5.38866e+10,countIP0,5.73588e+10,keysum,5.33974e+10,pktSum,2.33084e+11,aggrSum,3.42554e+08,blackkey_num,113909810,feedback,31,feedsumportion,0.838108,finger0,11,finger,15,time,308935,runTime,1303.43
line,21708014,total,0.00915378,total0,0.0741825,false,0.00140532,over,0.00404651,false0,0.022815,over0,0.0656943,overaggr,0.00641022,overcuckoo,0.00274356,over_uai,0.000467198,over_uai,0.000932018,over_utai,0.00953667,over_utai,0.00945977,over_ai,0.00762112,over_ai,0.0108946,countIP,5.39311e+10,countIP0,5.74064e+10,keysum,5.34419e+10,pktSum,2.33275e+11,aggrSum,3.42575e+08,blackkey_num,115116997,feedback,31,feedsumportion,0.838108,finger0,11,finger,15,time,308935,runTime,1304.43
line,21725368,total,0.00914589,total0,0.0741762,false,0.00139317,over,0.00401273,false0,0.0228127,over0,0.0657071,overaggr,0.00640471,overcuckoo,0.00274118,over_uai,0.000526983,over_uai,0.000565732,over_utai,0.00952844,over_utai,0.00945153,over_ai,0.00761448,over_ai,0.0108848,countIP,5.39792e+10,countIP0,5.74577e+10,keysum,5.349e+10,pktSum,2.33466e+11,aggrSum,3.42588e+08,blackkey_num,116392016,feedback,31,feedsumportion,0.838108,finger0,11,finger,15,time,308935,runTime,1305.43
line,21742091,total,0.00913815,total0,0.0741742,false,0.00138122,over,0.00397965,false0,0.0228244,over0,0.0657628,overaggr,0.00639933,overcuckoo,0.00273882,over_uai,0.000575496,over_uai,0.000572246,over_utai,0.00952021,over_utai,0.00944442,over_ai,0.00760787,over_ai,0.0108752,countIP,5.4026e+10,countIP0,5.75078e+10,keysum,5.35368e+10,pktSum,2.33653e+11,aggrSum,3.426e+08,blackkey_num,117365146,feedback,27,feedsumportion,0.458474,finger0,11,finger,15,time,376364,runTime,1306.43
line,21758955,total,0.00913071,total0,0.0741689,false,0.00137059,over,0.00394935,false0,0.0228289,over0,0.0657816,overaggr,0.00639413,overcuckoo,0.00273658,over_uai,0.000631414,over_uai,0.000903186,over_utai,0.00951263,over_utai,0.00943732,over_ai,0.00760161,over_ai,0.0108656,countIP,5.4072e+10,countIP0,5.7557e+10,keysum,5.35828e+10,pktSum,2.33833e+11,aggrSum,3.42615e+08,blackkey_num,118540151,feedback,27,feedsumportion,0.458474,finger0,11,finger,15,time,376364,runTime,1307.43
line,21775787,total,0.00912336,total0,0.074162,false,0.00135918,over,0.00391947,false0,0.022812,over0,0.0657829,overaggr,0.00638901,overcuckoo,0.00273435,over_uai,0.000488342,over_uai,0.000755503,over_utai,0.00950414,over_utai,0.00943067,over_ai,0.00759472,over_ai,0.0108579,countIP,5.41172e+10,countIP0,5.76051e+10,keysum,5.36279e+10,pktSum,2.34019e+11,aggrSum,3.42629e+08,blackkey_num,119792309,feedback,27,feedsumportion,0.458474,finger0,11,finger,15,time,376364,runTime,1308.43
line,21792811,total,0.00911556,total0,0.0741569,false,0.00134845,over,0.00388828,false0,0.022822,over0,0.0658075,overaggr,0.00638359,overcuckoo,0.00273197,over_uai,0.000334179,over_uai,0.000936705,over_utai,0.00949598,over_utai,0.00942305,over_ai,0.00758813,over_ai,0.010848,countIP,5.41652e+10,countIP0,5.76564e+10,keysum,5.36759e+10,pktSum,2.34205e+11,aggrSum,3.42645e+08,blackkey_num,120708565,feedback,27,feedsumportion,0.458474,finger0,11,finger,15,time,376364,runTime,1309.43
line,21809782,total,0.0091084,total0,0.0741633,false,0.00133779,over,0.00386028,false0,0.0228508,over0,0.0659375,overaggr,0.0063786,overcuckoo,0.0027298,over_uai,0.000411446,over_uai,0.00134886,over_utai,0.00948795,over_utai,0.00941607,over_ai,0.0075815,over_ai,0.0108404,countIP,5.42096e+10,countIP0,5.77044e+10,keysum,5.37203e+10,pktSum,2.34389e+11,aggrSum,3.4266e+08,blackkey_num,121688090,feedback,27,feedsumportion,0.458474,finger0,11,finger,15,time,376364,runTime,1310.43
line,21826237,total,0.00910126,total0,0.0741446,false,0.00132799,over,0.00383435,false0,0.0227973,over0,0.0658236,overaggr,0.00637374,overcuckoo,0.00272751,over_uai,0.0010183,over_uai,0.0019531,over_utai,0.00948007,over_utai,0.00940955,over_ai,0.00757531,over_ai,0.0108321,countIP,5.42556e+10,countIP0,5.77527e+10,keysum,5.37662e+10,pktSum,2.34577e+11,aggrSum,3.42692e+08,blackkey_num,122758015,feedback,29,feedsumportion,0.384303,finger0,11,finger,15,time,311363,runTime,1311.43
line,21843167,total,0.00909511,total0,0.0741429,false,0.00131973,over,0.0038148,false0,0.0227881,over0,0.065871,overaggr,0.00636968,overcuckoo,0.00272542,over_uai,0.00131004,over_uai,0.00125506,over_utai,0.00947227,over_utai,0.00940423,over_ai,0.00756962,over_ai,0.0108256,countIP,5.42979e+10,countIP0,5.7798e+10,keysum,5.38085e+10,pktSum,2.34759e+11,aggrSum,3.42743e+08,blackkey_num,123692268,feedback,29,feedsumportion,0.384303,finger0,11,finger,15,time,311363,runTime,1312.43
line,21860104,total,0.00908773,total0,0.074132,false,0.00131093,over,0.00378873,false0,0.0227799,over0,0.0658364,overaggr,0.00636458,overcuckoo,0.00272315,over_uai,0.000859636,over_uai,0.00113736,over_utai,0.00946405,over_utai,0.00939814,over_ai,0.00756288,over_ai,0.0108174,countIP,5.43456e+10,countIP0,5.78487e+10,keysum,5.38562e+10,pktSum,2.34942e+11,aggrSum,3.42772e+08,blackkey_num,124579152,feedback,29,feedsumportion,0.384303,finger0,11,finger,15,time,311363,runTime,1313.43
line,21877122,total,0.00908096,total0,0.0741375,false,0.00130303,over,0.00376635,false0,0.0228184,over0,0.0659556,overaggr,0.00636001,overcuckoo,0.00272095,over_uai,0.00131954,over_uai,0.000973175,over_utai,0.00945668,over_utai,0.00939126,over_ai,0.00755723,over_ai,0.0108091,countIP,5.43907e+10,countIP0,5.78973e+10,keysum,5.39012e+10,pktSum,2.35119e+11,aggrSum,3.42812e+08,blackkey_num,125635580,feedback,29,feedsumportion,0.384303,finger0,11,finger,15,time,311363,runTime,1314.43
line,21894124,total,0.00908746,total0,0.0741285,false,0.00134213,over,0.00387583,false0,0.0228352,over0,0.065944,overaggr,0.00635451,overcuckoo,0.00273294,over_uai,0.000825652,over_uai,0.0283245,over_utai,0.00944816,over_utai,0.00940676,over_ai,0.00755036,over_ai,0.0108349,countIP,5.44427e+10,countIP0,5.79519e+10,keysum,5.39524e+10,pktSum,2.35303e+11,aggrSum,3.42842e+08,blackkey_num,127141833,feedback,29,feedsumportion,0.384303,finger0,11,finger,15,time,311363,runTime,1315.43
line,21910778,total,0.00908008,total0,0.0741276,false,0.00133486,over,0.00385183,false0,0.0228744,over0,0.066006,overaggr,0.0063495,overcuckoo,0.00273058,over_uai,0.00065859,over_uai,0.0021243,over_utai,0.00943923,over_utai,0.00940124,over_ai,0.00754293,over_ai,0.0108278,countIP,5.44928e+10,countIP0,5.80055e+10,keysum,5.40024e+10,pktSum,2.35485e+11,aggrSum,3.42889e+08,blackkey_num,129200190,feedback,34,feedsumportion,0.69221,finger0,11,finger,15,time,311138,runTime,1316.43
line,21927838,total,0.00909909,total0,0.0741282,false,0.00141042,over,0.0040708,false0,0.0228936,over0,0.0660761,overaggr,0.0063557,overcuckoo,0.00274339,over_uai,0.000703368,over_uai,0.0659371,over_utai,0.00943121,over_utai,0.00943721,over_ai,0.00753595,over_ai,0.0108845,countIP,5.454e+10,countIP0,5.80547e+10,keysum,5.40482e+10,pktSum,2.35667e+11,aggrSum,3.43514e+08,blackkey_num,132157354,feedback,34,feedsumportion,0.69221,finger0,11,finger,15,time,311138,runTime,1317.43
line,21945292,total,0.00911504,total0,0.0741316,false,0.00147351,over,0.00425592,false0,0.0229089,over0,0.0661674,overaggr,0.00635729,overcuckoo,0.00275776,over_uai,0.000582403,over_uai,0.0576526,over_utai,0.0094234,over_utai,0.00946749,over_ai,0.00752942,over_ai,0.0109334,countIP,5.45842e+10,countIP0,5.81011e+10,keysum,5.40912e+10,pktSum,2.35845e+11,aggrSum,3.43873e+08,blackkey_num,134544689,feedback,34,feedsumportion,0.69221,finger0,11,finger,15,time,311138,runTime,1318.43
line,21962779,total,0.00910921,total0,0.0741287,false,0.00146772,over,0.00423978,false0,0.0229177,over0,0.0662019,overaggr,0.00635363,overcuckoo,0.00275558,over_uai,0.000806799,over_uai,0.00407133,over_utai,0.0094157,over_utai,0.00946313,over_ai,0.00752286,over_ai,0.0109284,countIP,5.46299e+10,countIP0,5.81498e+10,keysum,5.41367e+10,pktSum,2.36025e+11,aggrSum,3.43965e+08,blackkey_num,135351482,feedback,34,feedsumportion,0.69221,finger0,11,finger,15,time,311138,runTime,1319.43
line,21980413,total,0.00911153,total0,0.0741273,false,0.00149001,over,0.0043018,false0,0.0229489,over0,0.0662555,overaggr,0.00634841,overcuckoo,0.00276313,over_uai,0.000489263,over_uai,0.0211736,over_utai,0.00940685,over_utai,0.00947214,over_ai,0.00751562,over_ai,0.0109448,countIP,5.468e+10,countIP0,5.82029e+10,keysum,5.41863e+10,pktSum,2.36208e+11,aggrSum,3.43996e+08,blackkey_num,136250886,feedback,34,feedsumportion,0.69221,finger0,11,finger,15,time,311138,runTime,1320.43
line,21998066,total,0.00912552,total0,0.074134,false,0.00154712,over,0.0044668,false0,0.0229908,over0,0.0663785,overaggr,0.00634329,overcuckoo,0.00278223,over_uai,0.000566343,over_uai,0.0351383,over_utai,0.00939953,over_utai,0.0094973,over_ai,0.00750958,over_ai,0.0109873,countIP,5.47283e+10,countIP0,5.8254e+10,keysum,5.42334e+10,pktSum,2.36392e+11,aggrSum,3.44018e+08,blackkey_num,137270056,feedback,31,feedsumportion,0.94736,finger0,11,finger,15,time,313368,runTime,1321.43
line,22015881,total,0.00911923,total0,0.0741538,false,0.00153667,over,0.0044414,false0,0.0230459,over0,0.0666093,overaggr,0.00633888,overcuckoo,0.00278035,over_uai,0.000724395,over_uai,0.00100701,over_utai,0.00939226,over_utai,0.00949128,over_ai,0.00750347,over_ai,0.0109811,countIP,5.47688e+10,countIP0,5.82985e+10,keysum,5.42739e+10,pktSum,2.36568e+11,aggrSum,3.44036e+08,blackkey_num,138431835,feedback,31,feedsumportion,0.94736,finger0,11,finger,15,time,313368,runTime,1322.43
line,22033587,total,0.00911254,total0,0.0741697,false,0.00152606,over,0.00441409,false0,0.023096,over0,0.0668048,overaggr,0.0063343,overcuckoo,0.00277824,over_uai,0.000713952,over_uai,0.000963229,over_utai,0.00938473,over_utai,0.00948521,over_ai,0.00749745,over_ai,0.0109732,countIP,5.48112e+10,countIP0,5.83448e+10,keysum,5.43162e+10,pktSum,2.36746e+11,aggrSum,3.44055e+08,blackkey_num,139386373,feedback,31,feedsumportion,0.94736,finger0,11,finger,15,time,313368,runTime,1323.43
line,22051219,total,0.00910579,total0,0.0741717,false,0.00151547,over,0.00438684,false0,0.0231024,over0,0.0668749,overaggr,0.00632966,overcuckoo,0.00277613,over_uai,0.000514962,over_uai,0.000699544,over_utai,0.00937726,over_utai,0.00947824,over_ai,0.00749126,over_ai,0.0109661,countIP,5.48539e+10,countIP0,5.83908e+10,keysum,5.43589e+10,pktSum,2.36926e+11,aggrSum,3.44074e+08,blackkey_num,140529298,feedback,31,feedsumportion,0.94736,finger0,11,finger,15,time,313368,runTime,1324.43
line,22068661,total,0.00909871,total0,0.0741531,false,0.00150501,over,0.0043587,false0,0.0230525,over0,0.0667629,overaggr,0.0063247,overcuckoo,0.002774,over_uai,0.000708046,over_uai,0.00071545,over_utai,0.0093699,over_utai,0.00947091,over_ai,0.00748518,over_ai,0.0109575,countIP,5.4899e+10,countIP0,5.84382e+10,keysum,5.4404e+10,pktSum,2.3711e+11,aggrSum,3.44089e+08,blackkey_num,141444529,feedback,31,feedsumportion,0.94736,finger0,11,finger,15,time,313368,runTime,1325.43
line,22086102,total,0.00909164,total0,0.0741443,false,0.00149453,over,0.00433069,false0,0.0230318,over0,0.0667389,overaggr,0.0063198,overcuckoo,0.00277184,over_uai,0.000536118,over_uai,0.000692385,over_utai,0.0093613,over_utai,0.00946398,over_ai,0.00747877,over_ai,0.0109496,countIP,5.49437e+10,countIP0,5.84857e+10,keysum,5.44486e+10,pktSum,2.37293e+11,aggrSum,3.44105e+08,blackkey_num,142486836,feedback,32,feedsumportion,0.449039,finger0,11,finger,15,time,313610,runTime,1326.43
line,22103794,total,0.00908502,total0,0.0741574,false,0.00148482,over,0.00430551,false0,0.023073,over0,0.0669046,overaggr,0.00631526,overcuckoo,0.00276975,over_uai,0.000553908,over_uai,0.00100703,over_utai,0.00935389,over_utai,0.0094572,over_ai,0.00747276,over_ai,0.0109419,countIP,5.49865e+10,countIP0,5.85324e+10,keysum,5.44915e+10,pktSum,2.37473e+11,aggrSum,3.44128e+08,blackkey_num,143498057,feedback,32,feedsumportion,0.449039,finger0,11,finger,15,time,313610,runTime,1327.43
line,22121477,total,0.00907999,total0,0.0741724,false,0.00147752,over,0.00429068,false0,0.0230991,over0,0.0670789,overaggr,0.00631125,overcuckoo,0.00276873,over_uai,0.000693,over_uai,0.00346387,over_utai,0.00934679,over_utai,0.00945343,over_ai,0.00746715,over_ai,0.0109379,countIP,5.50245e+10,countIP0,5.8574e+10,keysum,5.45294e+10,pktSum,2.37648e+11,aggrSum,3.44149e+08,blackkey_num,144495275,feedback,32,feedsumportion,0.449039,finger0,11,finger,15,time,313610,runTime,1328.43
line,22138993,total,0.0090737,total0,0.0742239,false,0.00146764,over,0.00426718,false0,0.02324,over0,0.0675704,overaggr,0.00630686,overcuckoo,0.00276684,over_uai,0.000529765,over_uai,0.00118064,over_utai,0.00933952,over_utai,0.00944775,over_ai,0.0074613,over_ai,0.0109309,countIP,5.50653e+10,countIP0,5.86205e+10,keysum,5.45701e+10,pktSum,2.37829e+11,aggrSum,3.44166e+08,blackkey_num,145539553,feedback,32,feedsumportion,0.449039,finger0,11,finger,15,time,313610,runTime,1329.43
line,22156795,total,0.00906699,total0,0.0742332,false,0.00145825,over,0.00424251,false0,0.0232688,over0,0.0676962,overaggr,0.00630219,overcuckoo,0.0027648,over_uai,0.000881168,over_uai,0.00077323,over_utai,0.0093326,over_utai,0.00943957,over_ai,0.00745582,over_ai,0.0109221,countIP,5.51089e+10,countIP0,5.86679e+10,keysum,5.46137e+10,pktSum,2.38011e+11,aggrSum,3.44186e+08,blackkey_num,146392406,feedback,32,feedsumportion,0.449039,finger0,11,finger,15,time,313610,runTime,1330.43
line,22174179,total,0.00906108,total0,0.0742352,false,0.00145237,over,0.00422663,false0,0.0232839,over0,0.0677601,overaggr,0.00629846,overcuckoo,0.00276262,over_uai,0.000750554,over_uai,0.00321201,over_utai,0.00932578,over_utai,0.00943423,over_ai,0.00745013,over_ai,0.0109155,countIP,5.51549e+10,countIP0,5.87173e+10,keysum,5.46596e+10,pktSum,2.38196e+11,aggrSum,3.44272e+08,blackkey_num,147487203,feedback,32,feedsumportion,0.453393,finger0,11,finger,15,time,311844,runTime,1331.43
line,22191460,total,0.00905595,total0,0.0742405,false,0.00144826,over,0.00421623,false0,0.0233062,over0,0.0678497,overaggr,0.00629542,overcuckoo,0.00276053,over_uai,0.000568025,over_uai,0.00518901,over_utai,0.00931749,over_utai,0.00943113,over_ai,0.00744364,over_ai,0.0109128,countIP,5.51993e+10,countIP0,5.87652e+10,keysum,5.47039e+10,pktSum,2.38376e+11,aggrSum,3.44384e+08,blackkey_num,148838507,feedback,32,feedsumportion,0.453393,finger0,11,finger,15,time,311844,runTime,1332.43
line,22208594,total,0.00905026,total0,0.0742324,false,0.0014418,over,0.00420036,false0,0.0232808,over0,0.0678234,overaggr,0.00629169,overcuckoo,0.00275857,over_uai,0.000612373,over_uai,0.00325208,over_utai,0.0093102,over_utai,0.00942652,over_ai,0.00743774,over_ai,0.0109072,countIP,5.52424e+10,countIP0,5.8811e+10,keysum,5.4747e+10,pktSum,2.38557e+11,aggrSum,3.44451e+08,blackkey_num,152737972,feedback,32,feedsumportion,0.453393,finger0,11,finger,15,time,311844,runTime,1333.43
line,22225935,total,0.00904494,total0,0.0742304,false,0.00143514,over,0.00418573,false0,0.0232622,over0,0.0678467,overaggr,0.00628818,overcuckoo,0.00275677,over_uai,0.000618933,over_uai,0.00393284,over_utai,0.00930154,over_utai,0.00942298,over_ai,0.00743168,over_ai,0.010903,countIP,5.52829e+10,countIP0,5.88542e+10,keysum,5.47873e+10,pktSum,2.38737e+11,aggrSum,3.44513e+08,blackkey_num,154885504,feedback,32,feedsumportion,0.453393,finger0,11,finger,15,time,311844,runTime,1334.43
line,22243433,total,0.00903925,total0,0.0742261,false,0.00142818,over,0.00416908,false0,0.0232436,over0,0.0678514,overaggr,0.00628434,overcuckoo,0.00275491,over_uai,0.000826161,over_uai,0.00316365,over_utai,0.00929368,over_utai,0.0094191,over_ai,0.00742523,over_ai,0.0108988,countIP,5.53247e+10,countIP0,5.88989e+10,keysum,5.48291e+10,pktSum,2.38917e+11,aggrSum,3.44565e+08,blackkey_num,155941498,feedback,32,feedsumportion,0.453393,finger0,11,finger,15,time,311844,runTime,1335.43
line,22260608,total,0.00903245,total0,0.0742247,false,0.00141853,over,0.00414414,false0,0.0232356,over0,0.0678812,overaggr,0.00627962,overcuckoo,0.00275283,over_uai,0.000591598,over_uai,0.00240801,over_utai,0.00928647,over_utai,0.00941401,over_ai,0.00741922,over_ai,0.010891,countIP,5.53675e+10,countIP0,5.89448e+10,keysum,5.48719e+10,pktSum,2.391e+11,aggrSum,3.44574e+08,blackkey_num,156984921,feedback,34,feedsumportion,0.793207,finger0,11,finger,15,time,314475,runTime,1336.43
line,22277802,total,0.00902502,total0,0.0742338,false,0.00140954,over,0.00411714,false0,0.0232807,over0,0.0680007,overaggr,0.00627447,overcuckoo,0.00275055,over_uai,0.000415251,over_uai,0.000661096,over_utai,0.00927859,over_utai,0.00940802,over_ai,0.00741252,over_ai,0.010883,countIP,5.54142e+10,countIP0,5.89954e+10,keysum,5.49186e+10,pktSum,2.3928e+11,aggrSum,3.44585e+08,blackkey_num,158058355,feedback,34,feedsumportion,0.793207,finger0,11,finger,15,time,314475,runTime,1337.43
line,22294842,total,0.00901851,total0,0.0742422,false,0.00140051,over,0.00409382,false0,0.0232999,over0,0.0681079,overaggr,0.00627,overcuckoo,0.00274852,over_uai,0.000391537,over_uai,0.000865085,over_utai,0.00927056,over_utai,0.00940296,over_ai,0.00740581,over_ai,0.0108775,countIP,5.54553e+10,countIP0,5.90399e+10,keysum,5.49596e+10,pktSum,2.39455e+11,aggrSum,3.44597e+08,blackkey_num,158865079,feedback,34,feedsumportion,0.793207,finger0,11,finger,15,time,314475,runTime,1338.43
line,22311898,total,0.00901275,total0,0.0742565,false,0.00139161,over,0.00407439,false0,0.0233138,over0,0.068259,overaggr,0.00626596,overcuckoo,0.00274679,over_uai,0.000714356,over_uai,0.000930213,over_utai,0.00926301,over_utai,0.009397,over_ai,0.00739991,over_ai,0.0108728,countIP,5.54931e+10,countIP0,5.90813e+10,keysum,5.49974e+10,pktSum,2.39635e+11,aggrSum,3.44612e+08,blackkey_num,160130440,feedback,34,feedsumportion,0.793207,finger0,11,finger,15,time,314475,runTime,1339.43
line,22328810,total,0.00900573,total0,0.0742693,false,0.00138281,over,0.00405016,false0,0.0233542,over0,0.0684029,overaggr,0.00626104,overcuckoo,0.00274468,over_uai,0.000622281,over_uai,0.00108698,over_utai,0.0092551,over_utai,0.00939083,over_ai,0.00739372,over_ai,0.0108649,countIP,5.55381e+10,countIP0,5.91304e+10,keysum,5.50424e+10,pktSum,2.3982e+11,aggrSum,3.44623e+08,blackkey_num,160980665,feedback,34,feedsumportion,0.793207,finger0,11,finger,15,time,314475,runTime,1340.43
line,22345998,total,0.00899919,total0,0.0742964,false,0.00137515,over,0.00402872,false0,0.0234354,over0,0.0686581,overaggr,0.00625659,overcuckoo,0.00274261,over_uai,0.000700908,over_uai,0.00120124,over_utai,0.00924809,over_utai,0.00938477,over_ai,0.0073878,over_ai,0.0108572,countIP,5.55813e+10,countIP0,5.91782e+10,keysum,5.50855e+10,pktSum,2.39994e+11,aggrSum,3.44647e+08,blackkey_num,162130762,feedback,29,feedsumportion,0.435226,finger0,11,finger,15,time,314750,runTime,1341.43
line,22363204,total,0.008992,total0,0.0743163,false,0.00136677,over,0.00400431,false0,0.0235023,over0,0.068856,overaggr,0.00625166,overcuckoo,0.00274034,over_uai,0.000507062,over_uai,0.000891439,over_utai,0.00924051,over_utai,0.0093785,over_ai,0.00738183,over_ai,0.0108481,countIP,5.56273e+10,countIP0,5.92287e+10,keysum,5.51316e+10,pktSum,2.40176e+11,aggrSum,3.44664e+08,blackkey_num,163193528,feedback,29,feedsumportion,0.435226,finger0,11,finger,15,time,314750,runTime,1342.43
line,22380409,total,0.00898466,total0,0.0743256,false,0.00135878,over,0.0039799,false0,0.0235464,over0,0.0689676,overaggr,0.00624662,overcuckoo,0.00273804,over_uai,0.000552127,over_uai,0.00074166,over_utai,0.00923215,over_utai,0.00937186,over_ai,0.0073759,over_ai,0.0108386,countIP,5.56747e+10,countIP0,5.92801e+10,keysum,5.51789e+10,pktSum,2.40357e+11,aggrSum,3.44682e+08,blackkey_num,164381733,feedback,29,feedsumportion,0.435226,finger0,11,finger,15,time,314750,runTime,1343.43
line,22397408,total,0.00897735,total0,0.0743334,false,0.00135121,over,0.00395637,false0,0.0235882,over0,0.0690665,overaggr,0.0062416,overcuckoo,0.00273575,over_uai,0.000476558,over_uai,0.00107635,over_utai,0.00922377,over_utai,0.00936569,over_ai,0.00736955,over_ai,0.0108297,countIP,5.57226e+10,countIP0,5.9332e+10,keysum,5.52268e+10,pktSum,2.40538e+11,aggrSum,3.44704e+08,blackkey_num,165545705,feedback,29,feedsumportion,0.435226,finger0,11,finger,15,time,314750,runTime,1344.43
line,22414218,total,0.00897048,total0,0.0743495,false,0.00134408,over,0.00393512,false0,0.0236456,over0,0.069228,overaggr,0.00623688,overcuckoo,0.0027336,over_uai,0.000816957,over_uai,0.00135613,over_utai,0.00921597,over_utai,0.00936056,over_ai,0.00736286,over_ai,0.010823,countIP,5.57686e+10,countIP0,5.93823e+10,keysum,5.52728e+10,pktSum,2.40716e+11,aggrSum,3.4473e+08,blackkey_num,166713202,feedback,29,feedsumportion,0.435226,finger0,11,finger,15,time,314750,runTime,1345.43
line,22431228,total,0.00896726,total0,0.0743548,false,0.00134601,over,0.00394115,false0,0.0236682,over0,0.0693009,overaggr,0.00623569,overcuckoo,0.00273157,over_uai,0.000625954,over_uai,0.00954501,over_utai,0.00920881,over_utai,0.00936049,over_ai,0.00735665,over_ai,0.0108242,countIP,5.58127e+10,countIP0,5.94297e+10,keysum,5.53166e+10,pktSum,2.40891e+11,aggrSum,3.44937e+08,blackkey_num,167513198,feedback,31,feedsumportion,0.42906,finger0,11,finger,15,time,310330,runTime,1346.43
line,22448277,total,0.00896675,total0,0.0743622,false,0.00135468,over,0.00396815,false0,0.0236891,over0,0.0693904,overaggr,0.00623722,overcuckoo,0.00272952,over_uai,0.000618369,over_uai,0.0172575,over_utai,0.00920113,over_utai,0.00936559,over_ai,0.00735035,over_ai,0.010832,countIP,5.58568e+10,countIP0,5.94772e+10,keysum,5.53604e+10,pktSum,2.41071e+11,aggrSum,3.45295e+08,blackkey_num,168680270,feedback,31,feedsumportion,0.42906,finger0,11,finger,15,time,310330,runTime,1347.43
line,22465617,total,0.00896042,total0,0.0743698,false,0.0013484,over,0.00395041,false0,0.0237157,over0,0.0694801,overaggr,0.006233,overcuckoo,0.00272742,over_uai,0.000590272,over_uai,0.00222896,over_utai,0.0091938,over_utai,0.00936049,over_ai,0.0073442,over_ai,0.0108256,countIP,5.59016e+10,countIP0,5.95256e+10,keysum,5.54052e+10,pktSum,2.4125e+11,aggrSum,3.45341e+08,blackkey_num,169563524,feedback,31,feedsumportion,0.42906,finger0,11,finger,15,time,310330,runTime,1348.43
line,22482520,total,0.00895385,total0,0.0743656,false,0.00134204,over,0.00393157,false0,0.0237167,over0,0.069479,overaggr,0.00622856,overcuckoo,0.00272528,over_uai,0.000564948,over_uai,0.00203779,over_utai,0.00918586,over_utai,0.00935558,over_ai,0.00733749,over_ai,0.0108199,countIP,5.59474e+10,countIP0,5.95746e+10,keysum,5.54509e+10,pktSum,2.41429e+11,aggrSum,3.4538e+08,blackkey_num,170631721,feedback,31,feedsumportion,0.42906,finger0,11,finger,15,time,310330,runTime,1349.43
line,22499755,total,0.00894717,total0,0.0743542,false,0.00133676,over,0.0039135,false0,0.0237136,over0,0.0694236,overaggr,0.0062241,overcuckoo,0.00272307,over_uai,0.000649041,over_uai,0.00227861,over_utai,0.0091783,over_utai,0.00935,over_ai,0.007331,over_ai,0.0108128,countIP,5.59952e+10,countIP0,5.96252e+10,keysum,5.54987e+10,pktSum,2.41602e+11,aggrSum,3.45429e+08,blackkey_num,171597981,feedback,31,feedsumportion,0.42906,finger0,11,finger,15,time,310330,runTime,1350.43
line,22516552,total,0.00898117,total0,0.0743523,false,0.00143389,over,0.00420094,false0,0.0237004,over0,0.0694363,overaggr,0.00625987,overcuckoo,0.0027213,over_uai,0.0665646,over_uai,0.000981547,over_utai,0.00922644,over_utai,0.00934384,over_ai,0.00739301,over_ai,0.010807,countIP,5.60379e+10,countIP0,5.96685e+10,keysum,5.55391e+10,pktSum,2.41777e+11,aggrSum,3.47667e+08,blackkey_num,172815252,feedback,32,feedsumportion,0.914061,finger0,11,finger,15,time,306128,runTime,1351.43
line,22533492,total,0.00897728,total0,0.0743419,false,0.00143347,over,0.00420024,false0,0.0236806,over0,0.069387,overaggr,0.00625803,overcuckoo,0.00271925,over_uai,0.00406963,over_uai,0.00227234,over_utai,0.00922159,over_utai,0.00933817,over_ai,0.00739023,over_ai,0.0108014,countIP,5.60821e+10,countIP0,5.97153e+10,keysum,5.55832e+10,pktSum,2.41953e+11,aggrSum,3.47841e+08,blackkey_num,173613294,feedback,32,feedsumportion,0.914061,finger0,11,finger,15,time,306128,runTime,1352.43
line,22550308,total,0.00897394,total0,0.0743312,false,0.00143432,over,0.00420402,false0,0.0236561,over0,0.0693366,overaggr,0.00625669,overcuckoo,0.00271725,over_uai,0.00443254,over_uai,0.00312783,over_utai,0.00921754,over_utai,0.00933334,over_ai,0.00738827,over_ai,0.0107963,countIP,5.61271e+10,countIP0,5.97628e+10,keysum,5.56279e+10,pktSum,2.42135e+11,aggrSum,3.48047e+08,blackkey_num,174757033,feedback,32,feedsumportion,0.914061,finger0,11,finger,15,time,306128,runTime,1353.43
line,22567456,total,0.00896948,total0,0.0743357,false,0.00143226,over,0.00419874,false0,0.0236733,over0,0.0693996,overaggr,0.00625422,overcuckoo,0.00271525,over_uai,0.00445848,over_uai,0.000890671,over_utai,0.00921354,over_utai,0.00932715,over_ai,0.00738579,over_ai,0.0107891,countIP,5.61711e+10,countIP0,5.98102e+10,keysum,5.56718e+10,pktSum,2.42312e+11,aggrSum,3.48184e+08,blackkey_num,175521889,feedback,32,feedsumportion,0.914061,finger0,11,finger,15,time,306128,runTime,1354.43
line,22584453,total,0.00896708,total0,0.074347,false,0.00143443,over,0.0042073,false0,0.0236993,over0,0.0695121,overaggr,0.00625363,overcuckoo,0.00271345,over_uai,0.00686957,over_uai,0.00137077,over_utai,0.0092113,over_utai,0.0093221,over_ai,0.00738587,over_ai,0.0107837,countIP,5.62128e+10,countIP0,5.98553e+10,keysum,5.57132e+10,pktSum,2.42486e+11,aggrSum,3.48409e+08,blackkey_num,176521934,feedback,32,feedsumportion,0.914061,finger0,11,finger,15,time,306128,runTime,1355.43
line,22601194,total,0.00896055,total0,0.0743411,false,0.00142652,over,0.00418644,false0,0.0236807,over0,0.0694964,overaggr,0.00624919,overcuckoo,0.00271137,over_uai,0.000807111,over_uai,0.000784193,over_utai,0.00920376,over_utai,0.00931582,over_ai,0.00737996,over_ai,0.0107762,countIP,5.62564e+10,countIP0,5.99018e+10,keysum,5.57567e+10,pktSum,2.4267e+11,aggrSum,3.48434e+08,blackkey_num,177274268,feedback,42,feedsumportion,0.954268,finger0,11,finger,15,time,309506,runTime,1356.43
line,22617967,total,0.00895501,total0,0.0743352,false,0.00141984,over,0.0041709,false0,0.0236514,over0,0.0694779,overaggr,0.00624549,overcuckoo,0.00270951,over_uai,0.00170188,over_uai,0.000869103,over_utai,0.00919778,over_utai,0.00931038,over_ai,0.00737533,over_ai,0.0107695,countIP,5.62967e+10,countIP0,5.99448e+10,keysum,5.57971e+10,pktSum,2.4285e+11,aggrSum,3.4848e+08,blackkey_num,180507789,feedback,42,feedsumportion,0.954268,finger0,11,finger,15,time,309506,runTime,1357.43
line,22634923,total,0.00894967,total0,0.0743336,false,0.00141347,over,0.00415642,false0,0.0236319,over0,0.0694916,overaggr,0.00624194,overcuckoo,0.00270773,over_uai,0.00178438,over_uai,0.000889198,over_utai,0.00919135,over_utai,0.00930556,over_ai,0.00737015,over_ai,0.0107643,countIP,5.63361e+10,countIP0,5.99869e+10,keysum,5.58364e+10,pktSum,2.43027e+11,aggrSum,3.48528e+08,blackkey_num,181655025,feedback,42,feedsumportion,0.954268,finger0,11,finger,15,time,309506,runTime,1358.43
line,22652001,total,0.00894526,total0,0.0743318,false,0.00140897,over,0.00414831,false0,0.0236067,over0,0.0695034,overaggr,0.00623869,overcuckoo,0.00270658,over_uai,0.00205056,over_uai,0.00235688,over_utai,0.00918545,over_utai,0.00930088,over_ai,0.00736607,over_ai,0.0107597,countIP,5.63747e+10,countIP0,6.00282e+10,keysum,5.58749e+10,pktSum,2.43207e+11,aggrSum,3.48586e+08,blackkey_num,182789825,feedback,42,feedsumportion,0.954268,finger0,11,finger,15,time,309506,runTime,1359.43
line,22668910,total,0.00893958,total0,0.0743219,false,0.0014048,over,0.00413603,false0,0.023592,over0,0.0694599,overaggr,0.0062348,overcuckoo,0.00270478,over_uai,0.00263264,over_uai,0.00119911,over_utai,0.00918004,over_utai,0.00929399,over_ai,0.00736226,over_ai,0.010751,countIP,5.64215e+10,countIP0,6.00778e+10,keysum,5.59216e+10,pktSum,2.43391e+11,aggrSum,3.4866e+08,blackkey_num,184442230,feedback,42,feedsumportion,0.954268,finger0,11,finger,15,time,309506,runTime,1360.43
line,22685592,total,0.00893235,total0,0.0743231,false,0.00139786,over,0.00411396,false0,0.0236149,over0,0.0694999,overaggr,0.0062297,overcuckoo,0.00270265,over_uai,0.000454651,over_uai,0.0011067,over_utai,0.00917253,over_utai,0.00928672,over_ai,0.00735638,over_ai,0.0107413,countIP,5.64703e+10,countIP0,6.01303e+10,keysum,5.59704e+10,pktSum,2.43574e+11,aggrSum,3.48679e+08,blackkey_num,185452483,feedback,35,feedsumportion,0.730031,finger0,11,finger,15,time,306602,runTime,1361.43
line,22702595,total,0.00892571,total0,0.0743282,false,0.00139098,over,0.00409393,false0,0.0236356,over0,0.0695643,overaggr,0.00622514,overcuckoo,0.00270057,over_uai,0.000610938,over_uai,0.00108035,over_utai,0.00916573,over_utai,0.00928034,over_ai,0.00735076,over_ai,0.0107328,countIP,5.65153e+10,countIP0,6.01789e+10,keysum,5.60154e+10,pktSum,2.43753e+11,aggrSum,3.48704e+08,blackkey_num,186896801,feedback,35,feedsumportion,0.730031,finger0,11,finger,15,time,306602,runTime,1362.43
line,22719761,total,0.0089199,total0,0.0743592,false,0.00138473,over,0.00407777,false0,0.023707,over0,0.0698129,overaggr,0.00622109,overcuckoo,0.00269881,over_uai,0.000754444,over_uai,0.00184725,over_utai,0.00915849,over_utai,0.00927567,over_ai,0.00734477,over_ai,0.0107275,countIP,5.65567e+10,countIP0,6.02251e+10,keysum,5.60567e+10,pktSum,2.43929e+11,aggrSum,3.48734e+08,blackkey_num,188016298,feedback,35,feedsumportion,0.730031,finger0,11,finger,15,time,306602,runTime,1363.43
line,22736537,total,0.00891385,total0,0.0744059,false,0.00137853,over,0.00406134,false0,0.0238183,over0,0.0701721,overaggr,0.00621681,overcuckoo,0.00269704,over_uai,0.000888653,over_uai,0.00141954,over_utai,0.00915123,over_utai,0.00926977,over_ai,0.00733909,over_ai,0.0107208,countIP,5.66002e+10,countIP0,6.02744e+10,keysum,5.61002e+10,pktSum,2.4411e+11,aggrSum,3.48764e+08,blackkey_num,188925357,feedback,35,feedsumportion,0.730031,finger0,11,finger,15,time,306602,runTime,1364.43
line,22753575,total,0.00890843,total0,0.0744398,false,0.00137226,over,0.00404698,false0,0.0238835,over0,0.0704354,overaggr,0.0062129,overcuckoo,0.00269552,over_uai,0.000777109,over_uai,0.00188755,over_utai,0.00914373,over_utai,0.00926525,over_ai,0.00733345,over_ai,0.0107156,countIP,5.66397e+10,countIP0,6.03187e+10,keysum,5.61396e+10,pktSum,2.4429e+11,aggrSum,3.4879e+08,blackkey_num,189648010,feedback,35,feedsumportion,0.730031,finger0,11,finger,15,time,306602,runTime,1365.43
line,22770555,total,0.00890182,total0,0.0744525,false,0.00136573,over,0.00402745,false0,0.023923,over0,0.0705473,overaggr,0.00620831,overcuckoo,0.00269351,over_uai,0.000714625,over_uai,0.000985222,over_utai,0.00913634,over_utai,0.00925955,over_ai,0.00732723,over_ai,0.0107088,countIP,5.66843e+10,countIP0,6.03672e+10,keysum,5.61842e+10,pktSum,2.44464e+11,aggrSum,3.48809e+08,blackkey_num,190679963,feedback,35,feedsumportion,0.576417,finger0,11,finger,15,time,309646,runTime,1366.43
line,22787623,total,0.00889589,total0,0.0744623,false,0.00135901,over,0.00401044,false0,0.0239365,over0,0.0706367,overaggr,0.00620415,overcuckoo,0.00269175,over_uai,0.00068953,over_uai,0.00141915,over_utai,0.00912954,over_utai,0.00925435,over_ai,0.00732155,over_ai,0.0107027,countIP,5.67249e+10,countIP0,6.04114e+10,keysum,5.62248e+10,pktSum,2.44641e+11,aggrSum,3.48827e+08,blackkey_num,191751063,feedback,35,feedsumportion,0.576417,finger0,11,finger,15,time,309646,runTime,1367.43
line,22804690,total,0.00888988,total0,0.0744738,false,0.00135192,over,0.00399275,false0,0.0239511,over0,0.0707371,overaggr,0.00619994,overcuckoo,0.00268994,over_uai,0.000494278,over_uai,0.00108896,over_utai,0.00912228,over_utai,0.00924921,over_ai,0.00731585,over_ai,0.0106964,countIP,5.67653e+10,countIP0,6.04553e+10,keysum,5.62651e+10,pktSum,2.44819e+11,aggrSum,3.4884e+08,blackkey_num,192990781,feedback,35,feedsumportion,0.576417,finger0,11,finger,15,time,309646,runTime,1368.43
line,22821517,total,0.00888394,total0,0.074481,false,0.00134519,over,0.00397542,false0,0.0239591,over0,0.070806,overaggr,0.00619583,overcuckoo,0.00268811,over_uai,0.000761017,over_uai,0.000721931,over_utai,0.00911562,over_utai,0.00924327,over_ai,0.00731063,over_ai,0.0106894,countIP,5.68051e+10,countIP0,6.04985e+10,keysum,5.63049e+10,pktSum,2.44992e+11,aggrSum,3.48855e+08,blackkey_num,194047892,feedback,35,feedsumportion,0.576417,finger0,11,finger,15,time,309646,runTime,1369.43
line,22838199,total,0.00887758,total0,0.0744822,false,0.00133861,over,0.00395737,false0,0.0239602,over0,0.0708341,overaggr,0.00619145,overcuckoo,0.00268612,over_uai,0.000825952,over_uai,0.000662301,over_utai,0.00910873,over_utai,0.00923672,over_ai,0.00730541,over_ai,0.010681,countIP,5.68484e+10,countIP0,6.05451e+10,keysum,5.63482e+10,pktSum,2.45171e+11,aggrSum,3.48877e+08,blackkey_num,195248222,feedback,35,feedsumportion,0.576417,finger0,11,finger,15,time,309646,runTime,1370.43
line,22855489,total,0.00887184,total0,0.074491,false,0.00133268,over,0.003942,false0,0.0239737,over0,0.0709129,overaggr,0.00618748,overcuckoo,0.00268436,over_uai,0.00112216,over_uai,0.00115549,over_utai,0.00910257,over_utai,0.0092311,over_ai,0.00730049,over_ai,0.0106742,countIP,5.68888e+10,countIP0,6.0589e+10,keysum,5.63885e+10,pktSum,2.45344e+11,aggrSum,3.48903e+08,blackkey_num,196190419,feedback,31,feedsumportion,0.401412,finger0,11,finger,15,time,309190,runTime,1371.43
line,22872613,total,0.00886641,total0,0.0744964,false,0.00132668,over,0.00392736,false0,0.0239729,over0,0.0709666,overaggr,0.00618372,overcuckoo,0.00268269,over_uai,0.000860336,over_uai,0.00105994,over_utai,0.00909642,over_utai,0.00922518,over_ai,0.0072955,over_ai,0.0106679,countIP,5.69267e+10,countIP0,6.063e+10,keysum,5.64264e+10,pktSum,2.45513e+11,aggrSum,3.48925e+08,blackkey_num,197488467,feedback,31,feedsumportion,0.401412,finger0,11,finger,15,time,309190,runTime,1372.43
line,22889907,total,0.00886106,total0,0.0744954,false,0.00132056,over,0.00391273,false0,0.0239546,over0,0.0709757,overaggr,0.00618007,overcuckoo,0.00268099,over_uai,0.000693394,over_uai,0.00105068,over_utai,0.00908942,over_utai,0.00921988,over_ai,0.00729043,over_ai,0.0106625,countIP,5.69636e+10,countIP0,6.06696e+10,keysum,5.64633e+10,pktSum,2.45681e+11,aggrSum,3.48947e+08,blackkey_num,198778244,feedback,31,feedsumportion,0.401412,finger0,11,finger,15,time,309190,runTime,1373.43
line,22906734,total,0.0088547,total0,0.074487,false,0.00131409,over,0.00389516,false0,0.0239315,over0,0.0709369,overaggr,0.00617572,overcuckoo,0.00267898,over_uai,0.000522666,over_uai,0.00094958,over_utai,0.00908171,over_utai,0.00921314,over_ai,0.00728454,over_ai,0.0106555,countIP,5.7007e+10,countIP0,6.07157e+10,keysum,5.65067e+10,pktSum,2.45863e+11,aggrSum,3.48969e+08,blackkey_num,201891966,feedback,31,feedsumportion,0.401412,finger0,11,finger,15,time,309190,runTime,1374.43
line,22923367,total,0.00884862,total0,0.074497,false,0.00130748,over,0.00387845,false0,0.0239427,over0,0.0710225,overaggr,0.00617152,overcuckoo,0.0026771,over_uai,0.000710665,over_uai,0.0010643,over_utai,0.00907461,over_utai,0.00920774,over_ai,0.00727873,over_ai,0.0106492,countIP,5.70484e+10,countIP0,6.07607e+10,keysum,5.65481e+10,pktSum,2.46045e+11,aggrSum,3.48987e+08,blackkey_num,202804142,feedback,31,feedsumportion,0.401412,finger0,11,finger,15,time,309190,runTime,1375.43
line,22940417,total,0.00884589,total0,0.074524,false,0.00131079,over,0.0038877,false0,0.0240149,over0,0.0712259,overaggr,0.00617095,overcuckoo,0.00267494,over_uai,0.000930116,over_uai,0.00962913,over_utai,0.00906753,over_utai,0.009208,over_ai,0.00727274,over_ai,0.0106511,countIP,5.70953e+10,countIP0,6.08124e+10,keysum,5.65947e+10,pktSum,2.46227e+11,aggrSum,3.49243e+08,blackkey_num,204093802,feedback,31,feedsumportion,0.399797,finger0,11,finger,15,time,308645,runTime,1376.43
line,22957331,total,0.00885107,total0,0.0745614,false,0.0013308,over,0.00394888,false0,0.0240946,over0,0.0714956,overaggr,0.00617811,overcuckoo,0.00267297,over_uai,0.00062831,over_uai,0.02495,over_utai,0.00905992,over_utai,0.00921967,over_ai,0.00726688,over_ai,0.010672,countIP,5.71401e+10,countIP0,6.08619e+10,keysum,5.66388e+10,pktSum,2.46413e+11,aggrSum,3.49921e+08,blackkey_num,204963549,feedback,31,feedsumportion,0.399797,finger0,11,finger,15,time,308645,runTime,1377.43
line,22974591,total,0.00884613,total0,0.0746223,false,0.00132702,over,0.00393999,false0,0.0242237,over0,0.0719216,overaggr,0.00617504,overcuckoo,0.00267109,over_uai,0.00175981,over_uai,0.00398052,over_utai,0.00905308,over_utai,0.00921612,over_ai,0.00726114,over_ai,0.0106686,countIP,5.71821e+10,countIP0,6.09103e+10,keysum,5.66807e+10,pktSum,2.46594e+11,aggrSum,3.50006e+08,blackkey_num,206173449,feedback,31,feedsumportion,0.399797,finger0,11,finger,15,time,308645,runTime,1378.43
line,22991947,total,0.00884692,total0,0.074658,false,0.00133589,over,0.00396912,false0,0.0242915,over0,0.0721736,overaggr,0.00617258,overcuckoo,0.00267435,over_uai,0.00328988,over_uai,0.0163629,over_utai,0.00904822,over_utai,0.00922089,over_ai,0.00725578,over_ai,0.0106785,countIP,5.72236e+10,countIP0,6.09565e+10,keysum,5.67218e+10,pktSum,2.46775e+11,aggrSum,3.50119e+08,blackkey_num,207201092,feedback,31,feedsumportion,0.399797,finger0,11,finger,15,time,308645,runTime,1379.43
line,23009314,total,0.00886742,total0,0.0746917,false,0.00138916,over,0.00413023,false0,0.0243549,over0,0.0724113,overaggr,0.00616996,overcuckoo,0.00269746,over_uai,0.00109549,over_uai,0.0584423,over_utai,0.00904164,over_utai,0.00925704,over_ai,0.00725021,over_ai,0.0107371,countIP,5.72674e+10,countIP0,6.10039e+10,keysum,5.67641e+10,pktSum,2.4696e+11,aggrSum,3.50232e+08,blackkey_num,208921953,feedback,31,feedsumportion,0.399797,finger0,11,finger,15,time,308645,runTime,1380.43
line,23026474,total,0.00886757,total0,0.0747456,false,0.00139613,over,0.00415481,false0,0.0244564,over0,0.0727812,overaggr,0.00617207,overcuckoo,0.0026955,over_uai,0.000883555,over_uai,0.0139174,over_utai,0.00903435,over_utai,0.00926035,over_ai,0.00724426,over_ai,0.0107464,countIP,5.73103e+10,countIP0,6.10526e+10,keysum,5.68065e+10,pktSum,2.47153e+11,aggrSum,3.50614e+08,blackkey_num,210654603,feedback,30,feedsumportion,0.949972,finger0,11,finger,15,time,310997,runTime,1381.43
line,23043411,total,0.0088631,total0,0.0747882,false,0.00139219,over,0.00414718,false0,0.02453,over0,0.0730724,overaggr,0.00616944,overcuckoo,0.00269367,over_uai,0.00140626,over_uai,0.00350737,over_utai,0.00902835,over_utai,0.00925577,over_ai,0.00723921,over_ai,0.0107429,countIP,5.73504e+10,countIP0,6.1098e+10,keysum,5.68465e+10,pktSum,2.47337e+11,aggrSum,3.50711e+08,blackkey_num,211824953,feedback,30,feedsumportion,0.949972,finger0,11,finger,15,time,310997,runTime,1382.43
line,23060829,total,0.00885756,total0,0.074851,false,0.00138649,over,0.00413273,false0,0.0246567,over0,0.0734944,overaggr,0.00616575,overcuckoo,0.00269181,over_uai,0.00155671,over_uai,0.000889941,over_utai,0.0090219,over_utai,0.00925034,over_ai,0.00723416,over_ai,0.0107371,countIP,5.73909e+10,countIP0,6.1145e+10,keysum,5.6887e+10,pktSum,2.47513e+11,aggrSum,3.50751e+08,blackkey_num,213266539,feedback,30,feedsumportion,0.949972,finger0,11,finger,15,time,310997,runTime,1383.43
line,23078494,total,0.0088608,total0,0.0749062,false,0.00140102,over,0.00417774,false0,0.0247705,over0,0.0738639,overaggr,0.00616148,overcuckoo,0.00269932,over_uai,0.00108717,over_uai,0.0225847,over_utai,0.00901529,over_utai,0.00925931,over_ai,0.00722858,over_ai,0.0107531,countIP,5.7435e+10,countIP0,6.1195e+10,keysum,5.69305e+10,pktSum,2.47697e+11,aggrSum,3.50776e+08,blackkey_num,214633136,feedback,30,feedsumportion,0.949972,finger0,11,finger,15,time,310997,runTime,1384.43
line,23095835,total,0.00887496,total0,0.0749489,false,0.00143911,over,0.00429385,false0,0.0248513,over0,0.0741483,overaggr,0.00615719,overcuckoo,0.00271778,over_uai,0.00105774,over_uai,0.036526,over_utai,0.0090091,over_utai,0.00928377,over_ai,0.00722338,over_ai,0.0107953,countIP,5.74798e+10,countIP0,6.12443e+10,keysum,5.69742e+10,pktSum,2.47886e+11,aggrSum,3.50801e+08,blackkey_num,216129484,feedback,30,feedsumportion,0.949972,finger0,11,finger,15,time,310997,runTime,1385.43
line,23112940,total,0.00886907,total0,0.0749697,false,0.00143315,over,0.00427814,false0,0.0248859,over0,0.0742877,overaggr,0.00615328,overcuckoo,0.00271579,over_uai,0.000834852,over_uai,0.00242642,over_utai,0.00900241,over_utai,0.00927843,over_ai,0.00721815,over_ai,0.0107884,countIP,5.75231e+10,countIP0,6.1292e+10,keysum,5.70175e+10,pktSum,2.48071e+11,aggrSum,3.50844e+08,blackkey_num,217934107,feedback,28,feedsumportion,0.888857,finger0,11,finger,15,time,312337,runTime,1386.43
line,23130428,total,0.00886391,total0,0.0750102,false,0.00142732,over,0.00426513,false0,0.0249493,over0,0.0745538,overaggr,0.00614981,overcuckoo,0.00271409,over_uai,0.00131146,over_uai,0.00395146,over_utai,0.00899694,over_utai,0.00927422,over_ai,0.0072135,over_ai,0.0107823,countIP,5.75625e+10,countIP0,6.13366e+10,keysum,5.70568e+10,pktSum,2.48255e+11,aggrSum,3.50888e+08,blackkey_num,219651627,feedback,28,feedsumportion,0.888857,finger0,11,finger,15,time,312337,runTime,1387.43
line,23147848,total,0.00885928,total0,0.0750603,false,0.001423,over,0.0042554,false0,0.0250394,over0,0.0748793,overaggr,0.00614614,overcuckoo,0.00271314,over_uai,0.00154053,over_uai,0.00238302,over_utai,0.00899082,over_utai,0.00926929,over_ai,0.00720881,over_ai,0.010778,countIP,5.76013e+10,countIP0,6.13811e+10,keysum,5.70955e+10,pktSum,2.48429e+11,aggrSum,3.50917e+08,blackkey_num,220822445,feedback,28,feedsumportion,0.888857,finger0,11,finger,15,time,312337,runTime,1388.43
line,23164870,total,0.00885809,total0,0.0751157,false,0.00142481,over,0.00426664,false0,0.0251248,over0,0.0752369,overaggr,0.00614265,overcuckoo,0.00271544,over_uai,0.00815759,over_uai,0.00265909,over_utai,0.00898998,over_utai,0.00926475,over_ai,0.00720982,over_ai,0.0107739,countIP,5.7638e+10,countIP0,6.14235e+10,keysum,5.71319e+10,pktSum,2.48611e+11,aggrSum,3.50942e+08,blackkey_num,223473670,feedback,28,feedsumportion,0.888857,finger0,11,finger,15,time,312337,runTime,1389.43
line,23182112,total,0.00885223,total0,0.0751516,false,0.00141881,over,0.00425097,false0,0.025188,over0,0.0754667,overaggr,0.00613842,overcuckoo,0.00271381,over_uai,0.00168187,over_uai,0.00192722,over_utai,0.00898386,over_utai,0.00925897,over_ai,0.00720432,over_ai,0.0107679,countIP,5.76807e+10,countIP0,6.14713e+10,keysum,5.71745e+10,pktSum,2.48796e+11,aggrSum,3.50961e+08,blackkey_num,225248631,feedback,28,feedsumportion,0.888857,finger0,11,finger,15,time,312337,runTime,1390.43
line,23199471,total,0.00884597,total0,0.0752146,false,0.0014123,over,0.00423341,false0,0.0253101,over0,0.0758679,overaggr,0.00613408,overcuckoo,0.00271189,over_uai,0.000985175,over_uai,0.00140246,over_utai,0.00897671,over_utai,0.00925273,over_ai,0.0071982,over_ai,0.0107619,countIP,5.77243e+10,countIP0,6.15217e+10,keysum,5.72181e+10,pktSum,2.48982e+11,aggrSum,3.50981e+08,blackkey_num,226407443,feedback,33,feedsumportion,0.644783,finger0,11,finger,15,time,304978,runTime,1391.43
line,23217069,total,0.00883993,total0,0.0752652,false,0.00140663,over,0.00421763,false0,0.0254092,over0,0.0761867,overaggr,0.00612981,overcuckoo,0.00271012,over_uai,0.00126346,over_uai,0.00153347,over_utai,0.00896988,over_utai,0.00924702,over_ai,0.00719242,over_ai,0.0107558,countIP,5.77686e+10,countIP0,6.15723e+10,keysum,5.72624e+10,pktSum,2.49167e+11,aggrSum,3.51008e+08,blackkey_num,227492401,feedback,33,feedsumportion,0.644783,finger0,11,finger,15,time,304978,runTime,1392.43
line,23234539,total,0.00883466,total0,0.0753146,false,0.00140158,over,0.0042051,false0,0.0254963,over0,0.0764956,overaggr,0.00612588,overcuckoo,0.00270879,over_uai,0.00155312,over_uai,0.00251392,over_utai,0.00896408,over_utai,0.0092418,over_ai,0.00718708,over_ai,0.0107506,countIP,5.78094e+10,countIP0,6.16189e+10,keysum,5.73031e+10,pktSum,2.49347e+11,aggrSum,3.51032e+08,blackkey_num,228727355,feedback,33,feedsumportion,0.644783,finger0,11,finger,15,time,304978,runTime,1393.43
line,23251922,total,0.00882849,total0,0.0753606,false,0.00139576,over,0.00418851,false0,0.025586,over0,0.0767803,overaggr,0.00612164,overcuckoo,0.00270685,over_uai,0.00129396,over_uai,0.00113551,over_utai,0.00895769,over_utai,0.0092361,over_ai,0.00718157,over_ai,0.0107437,countIP,5.78533e+10,countIP0,6.16688e+10,keysum,5.73471e+10,pktSum,2.49528e+11,aggrSum,3.51058e+08,blackkey_num,229773008,feedback,33,feedsumportion,0.644783,finger0,11,finger,15,time,304978,runTime,1394.43
line,23268969,total,0.00882277,total0,0.0754037,false,0.00138968,over,0.00417338,false0,0.0256549,over0,0.0770449,overaggr,0.00611776,overcuckoo,0.002705,over_uai,0.00157628,over_uai,0.00195023,over_utai,0.00895185,over_utai,0.00923106,over_ai,0.00717628,over_ai,0.0107373,countIP,5.78944e+10,countIP0,6.17154e+10,keysum,5.73881e+10,pktSum,2.49713e+11,aggrSum,3.51087e+08,blackkey_num,230989150,feedback,33,feedsumportion,0.644783,finger0,11,finger,15,time,304978,runTime,1395.43
line,23286137,total,0.00881685,total0,0.0754445,false,0.00138378,over,0.00415764,false0,0.0257252,over0,0.0772928,overaggr,0.00611373,overcuckoo,0.00270312,over_uai,0.000840748,over_uai,0.00155457,over_utai,0.00894512,over_utai,0.00922628,over_ai,0.0071705,over_ai,0.0107314,countIP,5.79365e+10,countIP0,6.1763e+10,keysum,5.74302e+10,pktSum,2.49894e+11,aggrSum,3.51113e+08,blackkey_num,232105800,feedback,36,feedsumportion,0.441391,finger0,11,finger,15,time,306004,runTime,1396.43
line,23302958,total,0.00881122,total0,0.0754901,false,0.00137776,over,0.00414283,false0,0.0257971,over0,0.0775698,overaggr,0.00610981,overcuckoo,0.00270141,over_uai,0.000789967,over_uai,0.00111844,over_utai,0.0089387,over_utai,0.00922121,over_ai,0.00716503,over_ai,0.0107257,countIP,5.79767e+10,countIP0,6.18088e+10,keysum,5.74703e+10,pktSum,2.50077e+11,aggrSum,3.51133e+08,blackkey_num,233239495,feedback,36,feedsumportion,0.441391,finger0,11,finger,15,time,306004,runTime,1397.43
line,23319951,total,0.00880514,total0,0.0755354,false,0.00137167,over,0.00412682,false0,0.0258729,over0,0.0778412,overaggr,0.00610563,overcuckoo,0.00269951,over_uai,0.000921841,over_uai,0.000965265,over_utai,0.00893145,over_utai,0.00921502,over_ai,0.0071596,over_ai,0.0107186,countIP,5.80199e+10,countIP0,6.18578e+10,keysum,5.75135e+10,pktSum,2.50266e+11,aggrSum,3.51156e+08,blackkey_num,234132169,feedback,36,feedsumportion,0.441391,finger0,11,finger,15,time,306004,runTime,1398.43
line,23337085,total,0.00879982,total0,0.0755701,false,0.00136573,over,0.00411317,false0,0.0259146,over0,0.0780469,overaggr,0.00610192,overcuckoo,0.0026979,over_uai,0.000684474,over_uai,0.00112246,over_utai,0.00892351,over_utai,0.0092102,over_ai,0.00715408,over_ai,0.0107142,countIP,5.80583e+10,countIP0,6.1901e+10,keysum,5.75518e+10,pktSum,2.50448e+11,aggrSum,3.51177e+08,blackkey_num,235281532,feedback,36,feedsumportion,0.441391,finger0,11,finger,15,time,306004,runTime,1399.43
line,23354314,total,0.00879418,total0,0.0756024,false,0.00136012,over,0.00409867,false0,0.0259619,over0,0.0782354,overaggr,0.00609807,overcuckoo,0.00269611,over_uai,0.000805389,over_uai,0.000923728,over_utai,0.0089158,over_utai,0.00920378,over_ai,0.00714848,over_ai,0.0107087,countIP,5.80987e+10,countIP0,6.19464e+10,keysum,5.75922e+10,pktSum,2.50626e+11,aggrSum,3.51201e+08,blackkey_num,236442214,feedback,36,feedsumportion,0.441391,finger0,11,finger,15,time,306004,runTime,1400.43
line,23371390,total,0.00878866,total0,0.0756484,false,0.00135446,over,0.00408482,false0,0.0260318,over0,0.0785076,overaggr,0.00609432,overcuckoo,0.00269433,over_uai,0.000801802,over_uai,0.00154738,over_utai,0.00890815,over_utai,0.00919903,over_ai,0.00714309,over_ai,0.0107036,countIP,5.81389e+10,countIP0,6.19922e+10,keysum,5.76324e+10,pktSum,2.5081e+11,aggrSum,3.51231e+08,blackkey_num,237321205,feedback,35,feedsumportion,0.399691,finger0,11,finger,15,time,306960,runTime,1401.43
line,23388727,total,0.00878282,total0,0.0756806,false,0.00134901,over,0.00407019,false0,0.0260813,over0,0.0786917,overaggr,0.00609037,overcuckoo,0.00269244,over_uai,0.00101945,over_uai,0.00114553,over_utai,0.00890108,over_utai,0.00919254,over_ai,0.00713805,over_ai,0.0106961,countIP,5.81813e+10,countIP0,6.20396e+10,keysum,5.76748e+10,pktSum,2.50992e+11,aggrSum,3.51261e+08,blackkey_num,238221238,feedback,35,feedsumportion,0.399691,finger0,11,finger,15,time,306960,runTime,1402.43
line,23405908,total,0.00877683,total0,0.0757186,false,0.00134348,over,0.00405514,false0,0.0261432,over0,0.0789102,overaggr,0.00608622,overcuckoo,0.00269061,over_uai,0.0011369,over_uai,0.00113231,over_utai,0.0088943,over_utai,0.00918603,over_ai,0.00713282,over_ai,0.0106886,countIP,5.82245e+10,countIP0,6.20882e+10,keysum,5.77179e+10,pktSum,2.51177e+11,aggrSum,3.51284e+08,blackkey_num,239621994,feedback,35,feedsumportion,0.399691,finger0,11,finger,15,time,306960,runTime,1403.43
line,23423192,total,0.00877145,total0,0.0757791,false,0.00133769,over,0.00404142,false0,0.0262364,over0,0.0792651,overaggr,0.00608252,overcuckoo,0.00268894,over_uai,0.000961471,over_uai,0.0010384,over_utai,0.00888743,over_utai,0.00918123,over_ai,0.00712761,over_ai,0.0106833,countIP,5.82627e+10,countIP0,6.21328e+10,keysum,5.77561e+10,pktSum,2.51357e+11,aggrSum,3.51302e+08,blackkey_num,242382236,feedback,35,feedsumportion,0.399691,finger0,11,finger,15,time,306960,runTime,1404.43
line,23440398,total,0.00876575,total0,0.0758192,false,0.00133242,over,0.00402771,false0,0.0262972,over0,0.0794929,overaggr,0.00607858,overcuckoo,0.00268717,over_uai,0.00125933,over_uai,0.00143172,over_utai,0.00888107,over_utai,0.00917603,over_ai,0.00712186,over_ai,0.0106781,countIP,5.83048e+10,countIP0,6.21803e+10,keysum,5.77981e+10,pktSum,2.51542e+11,aggrSum,3.5133e+08,blackkey_num,243675068,feedback,35,feedsumportion,0.399691,finger0,11,finger,15,time,306960,runTime,1405.43
line,23457902,total,0.00875978,total0,0.0758625,false,0.00132746,over,0.00401332,false0,0.0263742,over0,0.0797375,overaggr,0.00607449,overcuckoo,0.00268529,over_uai,0.00101144,over_uai,0.000849107,over_utai,0.00887411,over_utai,0.00916983,over_ai,0.00711644,over_ai,0.0106714,countIP,5.83486e+10,countIP0,6.223e+10,keysum,5.78419e+10,pktSum,2.51723e+11,aggrSum,3.5136e+08,blackkey_num,244876826,feedback,38,feedsumportion,0.502806,finger0,11,finger,15,time,342235,runTime,1406.43
line,23474931,total,0.00875425,total0,0.0759182,false,0.00132163,over,0.0039998,false0,0.0264526,over0,0.0800566,overaggr,0.00607063,overcuckoo,0.00268361,over_uai,0.00109297,over_uai,0.000951432,over_utai,0.00886774,over_utai,0.00916242,over_ai,0.00711103,over_ai,0.0106656,countIP,5.83887e+10,countIP0,6.22763e+10,keysum,5.7882e+10,pktSum,2.51914e+11,aggrSum,3.5138e+08,blackkey_num,246143874,feedback,38,feedsumportion,0.502806,finger0,11,finger,15,time,342235,runTime,1407.43
line,23491533,total,0.00874879,total0,0.07596,false,0.00131617,over,0.00398726,false0,0.026503,over0,0.0802896,overaggr,0.00606675,overcuckoo,0.00268203,over_uai,0.00126071,over_uai,0.000972173,over_utai,0.0088614,over_utai,0.00915311,over_ai,0.00710595,over_ai,0.0106593,countIP,5.84298e+10,countIP0,6.23229e+10,keysum,5.7923e+10,pktSum,2.52108e+11,aggrSum,3.51405e+08,blackkey_num,246973380,feedback,38,feedsumportion,0.502806,finger0,11,finger,15,time,342235,runTime,1408.43
line,23508420,total,0.00874342,total0,0.076025,false,0.00131051,over,0.00397428,false0,0.0265978,over0,0.0806609,overaggr,0.00606295,overcuckoo,0.00268046,over_uai,0.00057881,over_uai,0.00130073,over_utai,0.00885212,over_utai,0.0091462,over_ai,0.00709763,over_ai,0.0106539,countIP,5.84687e+10,countIP0,6.23685e+10,keysum,5.7962e+10,pktSum,2.52296e+11,aggrSum,3.51421e+08,blackkey_num,248070233,feedback,38,feedsumportion,0.502806,finger0,11,finger,15,time,342235,runTime,1409.43
line,23525210,total,0.00873768,total0,0.0760664,false,0.00130506,over,0.00396076,false0,0.026652,over0,0.0808869,overaggr,0.0060589,overcuckoo,0.00267878,over_uai,0.00123609,over_uai,0.000754482,over_utai,0.00884242,over_utai,0.0091389,over_ai,0.00708827,over_ai,0.0106467,countIP,5.8511e+10,countIP0,6.24163e+10,keysum,5.80042e+10,pktSum,2.52489e+11,aggrSum,3.51441e+08,blackkey_num,249121418,feedback,38,feedsumportion,0.502806,finger0,11,finger,15,time,342235,runTime,1410.43
line,23541961,total,0.00873374,total0,0.076109,false,0.00130282,over,0.00395709,false0,0.0267076,over0,0.0811201,overaggr,0.00605505,overcuckoo,0.00267869,over_uai,0.00465171,over_uai,0.000833428,over_utai,0.00883446,over_utai,0.00913152,over_ai,0.00708054,over_ai,0.0106403,countIP,5.85514e+10,countIP0,6.24622e+10,keysum,5.80445e+10,pktSum,2.52675e+11,aggrSum,3.51462e+08,blackkey_num,250176583,feedback,33,feedsumportion,0.427046,finger0,11,finger,15,time,336480,runTime,1411.43
line,23558895,total,0.00872816,total0,0.0761762,false,0.00129752,over,0.00394374,false0,0.0268132,over0,0.0814971,overaggr,0.00605122,overcuckoo,0.00267695,over_uai,0.000886148,over_uai,0.000825414,over_utai,0.00882422,over_utai,0.00912438,over_ai,0.00707063,over_ai,0.0106339,countIP,5.85918e+10,countIP0,6.25096e+10,keysum,5.80849e+10,pktSum,2.52859e+11,aggrSum,3.51484e+08,blackkey_num,251020304,feedback,33,feedsumportion,0.427046,finger0,11,finger,15,time,336480,runTime,1412.43
line,23575757,total,0.00872268,total0,0.0762178,false,0.00129198,over,0.0039305,false0,0.0268621,over0,0.081721,overaggr,0.00604745,overcuckoo,0.00267522,over_uai,0.0011199,over_uai,0.00168272,over_utai,0.00881511,over_utai,0.00911852,over_ai,0.00706169,over_ai,0.0106277,countIP,5.86312e+10,countIP0,6.25543e+10,keysum,5.81242e+10,pktSum,2.53045e+11,aggrSum,3.51503e+08,blackkey_num,251996991,feedback,33,feedsumportion,0.427046,finger0,11,finger,15,time,336480,runTime,1413.43
line,23592614,total,0.008716,total0,0.076251,false,0.00128714,over,0.00391457,false0,0.0269257,over0,0.0818889,overaggr,0.00604286,overcuckoo,0.00267314,over_uai,0.00225115,over_uai,0.00117118,over_utai,0.00880555,over_utai,0.00911203,over_ai,0.00705122,over_ai,0.0106193,countIP,5.86793e+10,countIP0,6.2608e+10,keysum,5.81723e+10,pktSum,2.5323e+11,aggrSum,3.51527e+08,blackkey_num,252849897,feedback,33,feedsumportion,0.427046,finger0,11,finger,15,time,336480,runTime,1414.43
line,23609453,total,0.00870988,total0,0.0762882,false,0.00128207,over,0.00389996,false0,0.0269834,over0,0.0820817,overaggr,0.00603871,overcuckoo,0.00267117,over_uai,0.00147717,over_uai,0.00140383,over_utai,0.00879652,over_utai,0.00910561,over_ai,0.00704204,over_ai,0.0106114,countIP,5.87233e+10,countIP0,6.26574e+10,keysum,5.82162e+10,pktSum,2.53414e+11,aggrSum,3.51551e+08,blackkey_num,253930626,feedback,33,feedsumportion,0.427046,finger0,11,finger,15,time,336480,runTime,1415.43
line,23626111,total,0.00870392,total0,0.0762898,false,0.00127723,over,0.00388607,false0,0.0269725,over0,0.0820658,overaggr,0.00603457,overcuckoo,0.00266936,over_uai,0.000802114,over_uai,0.00116806,over_utai,0.00878628,over_utai,0.00910003,over_ai,0.00703167,over_ai,0.010606,countIP,5.87666e+10,countIP0,6.27041e+10,keysum,5.82595e+10,pktSum,2.53595e+11,aggrSum,3.51571e+08,blackkey_num,254641966,feedback,37,feedsumportion,0.455629,finger0,11,finger,15,time,354631,runTime,1416.43
line,23643138,total,0.00869855,total0,0.0762913,false,0.00127264,over,0.0038741,false0,0.0269539,over0,0.0820518,overaggr,0.00603087,overcuckoo,0.00266768,over_uai,0.000942081,over_uai,0.0013244,over_utai,0.00877747,over_utai,0.00909485,over_ai,0.0070228,over_ai,0.0105999,countIP,5.88067e+10,countIP0,6.27473e+10,keysum,5.82996e+10,pktSum,2.53773e+11,aggrSum,3.51597e+08,blackkey_num,255574477,feedback,37,feedsumportion,0.455629,finger0,11,finger,15,time,354631,runTime,1417.43
line,23660074,total,0.00869259,total0,0.0762849,false,0.00126788,over,0.00386033,false0,0.0269287,over0,0.08199,overaggr,0.00602677,overcuckoo,0.00266583,over_uai,0.00105632,over_uai,0.000810282,over_utai,0.00876869,over_utai,0.00908735,over_ai,0.00701382,over_ai,0.0105928,countIP,5.885e+10,countIP0,6.27935e+10,keysum,5.83429e+10,pktSum,2.53954e+11,aggrSum,3.51619e+08,blackkey_num,256741288,feedback,37,feedsumportion,0.455629,finger0,11,finger,15,time,354631,runTime,1418.43
line,23676905,total,0.00868741,total0,0.0762754,false,0.00126381,over,0.00385019,false0,0.0268874,over0,0.0819118,overaggr,0.00602329,overcuckoo,0.00266413,over_uai,0.000970895,over_uai,0.002187,over_utai,0.00876243,over_utai,0.00908271,over_ai,0.00700863,over_ai,0.0105876,countIP,5.88914e+10,countIP0,6.28375e+10,keysum,5.83842e+10,pktSum,2.54139e+11,aggrSum,3.51665e+08,blackkey_num,259940699,feedback,37,feedsumportion,0.455629,finger0,11,finger,15,time,354631,runTime,1419.43
line,23693679,total,0.00868185,total0,0.0762834,false,0.00125926,over,0.00383809,false0,0.0268824,over0,0.0819345,overaggr,0.00601944,overcuckoo,0.00266241,over_uai,0.00120229,over_uai,0.00140691,over_utai,0.00875695,over_utai,0.00907719,over_ai,0.00700365,over_ai,0.010581,countIP,5.89332e+10,countIP0,6.28829e+10,keysum,5.8426e+10,pktSum,2.54322e+11,aggrSum,3.51692e+08,blackkey_num,261323670,feedback,37,feedsumportion,0.455629,finger0,11,finger,15,time,354631,runTime,1420.43
line,23710309,total,0.00867595,total0,0.0763018,false,0.00125413,over,0.00382466,false0,0.0268935,over0,0.082016,overaggr,0.00601537,overcuckoo,0.00266058,over_uai,0.000843307,over_uai,0.00100381,over_utai,0.00875073,over_utai,0.00907164,over_ai,0.00699853,over_ai,0.0105741,countIP,5.89762e+10,countIP0,6.29302e+10,keysum,5.84689e+10,pktSum,2.54514e+11,aggrSum,3.51712e+08,blackkey_num,262685888,feedback,35,feedsumportion,0.523507,finger0,11,finger,15,time,306516,runTime,1421.43
line,23727116,total,0.00867028,total0,0.0762898,false,0.0012493,over,0.00381168,false0,0.0268514,over0,0.0819249,overaggr,0.00601143,overcuckoo,0.00265885,over_uai,0.00103478,over_uai,0.000953467,over_utai,0.00874483,over_utai,0.00906625,over_ai,0.00699356,over_ai,0.010567,countIP,5.90172e+10,countIP0,6.29736e+10,keysum,5.85099e+10,pktSum,2.54694e+11,aggrSum,3.51728e+08,blackkey_num,263900359,feedback,35,feedsumportion,0.523507,finger0,11,finger,15,time,306516,runTime,1422.43
line,23744145,total,0.00866458,total0,0.0762771,false,0.00124447,over,0.00379911,false0,0.0268046,over0,0.0818293,overaggr,0.00600753,overcuckoo,0.00265705,over_uai,0.00128161,over_uai,0.000849999,over_utai,0.00873903,over_utai,0.00905943,over_ai,0.00698809,over_ai,0.0105606,countIP,5.90592e+10,countIP0,6.30181e+10,keysum,5.85519e+10,pktSum,2.54883e+11,aggrSum,3.51752e+08,blackkey_num,265081813,feedback,35,feedsumportion,0.523507,finger0,11,finger,15,time,306516,runTime,1423.43
line,23761220,total,0.0086598,total0,0.076273,false,0.00124076,over,0.00379056,false0,0.0267707,over0,0.0817851,overaggr,0.00600395,overcuckoo,0.00265585,over_uai,0.00101956,over_uai,0.00248445,over_utai,0.00873301,over_utai,0.00905517,over_ai,0.00698325,over_ai,0.0105558,countIP,5.90987e+10,countIP0,6.30603e+10,keysum,5.85913e+10,pktSum,2.55066e+11,aggrSum,3.5178e+08,blackkey_num,266080344,feedback,35,feedsumportion,0.523507,finger0,11,finger,15,time,306516,runTime,1424.43
line,23778228,total,0.00865402,total0,0.0762819,false,0.00123644,over,0.00377808,false0,0.0267745,over0,0.0818125,overaggr,0.00599992,overcuckoo,0.0026541,over_uai,0.000942082,over_uai,0.000980824,over_utai,0.00872702,over_utai,0.00904865,over_ai,0.00697835,over_ai,0.0105479,countIP,5.91418e+10,countIP0,6.31071e+10,keysum,5.86344e+10,pktSum,2.55246e+11,aggrSum,3.51802e+08,blackkey_num,266950001,feedback,35,feedsumportion,0.523507,finger0,11,finger,15,time,306516,runTime,1425.43
line,23795083,total,0.00864874,total0,0.0762831,false,0.0012332,over,0.00376906,false0,0.0267627,over0,0.0817955,overaggr,0.00599616,overcuckoo,0.00265258,over_uai,0.000953092,over_uai,0.00249379,over_utai,0.00872095,over_utai,0.009043,over_ai,0.00697311,over_ai,0.0105421,countIP,5.91862e+10,countIP0,6.31549e+10,keysum,5.86787e+10,pktSum,2.55433e+11,aggrSum,3.51847e+08,blackkey_num,267906157,feedback,36,feedsumportion,0.453124,finger0,11,finger,15,time,306499,runTime,1426.43
line,23812234,total,0.00864536,total0,0.0762692,false,0.00123298,over,0.00376959,false0,0.0267215,over0,0.0816958,overaggr,0.00599439,overcuckoo,0.00265096,over_uai,0.00120262,over_uai,0.00613478,over_utai,0.0087154,over_utai,0.00904055,over_ai,0.00696812,over_ai,0.0105405,countIP,5.92282e+10,countIP0,6.31991e+10,keysum,5.87205e+10,pktSum,2.55613e+11,aggrSum,3.51994e+08,blackkey_num,268733171,feedback,36,feedsumportion,0.453124,finger0,11,finger,15,time,306499,runTime,1427.43
line,23829237,total,0.00864054,total0,0.0762541,false,0.00122973,over,0.00376171,false0,0.0266722,over0,0.0815898,overaggr,0.00599071,overcuckoo,0.00264983,over_uai,0.00117968,over_uai,0.0023206,over_utai,0.00871025,over_utai,0.00903472,over_ai,0.00696352,over_ai,0.010535,countIP,5.92693e+10,countIP0,6.32424e+10,keysum,5.87616e+10,pktSum,2.55797e+11,aggrSum,3.52024e+08,blackkey_num,270052704,feedback,36,feedsumportion,0.453124,finger0,11,finger,15,time,306499,runTime,1428.43
line,23846094,total,0.00863613,total0,0.0762789,false,0.0012266,over,0.00375515,false0,0.0266897,over0,0.0817085,overaggr,0.00598735,overcuckoo,0.00264878,over_uai,0.0011448,over_uai,0.0027679,over_utai,0.00870472,over_utai,0.0090305,over_ai,0.00695873,over_ai,0.0105311,countIP,5.93084e+10,countIP0,6.32858e+10,keysum,5.88006e+10,pktSum,2.55981e+11,aggrSum,3.52059e+08,blackkey_num,271287965,feedback,36,feedsumportion,0.453124,finger0,11,finger,15,time,306499,runTime,1429.43
line,23863013,total,0.0086324,total0,0.0763121,false,0.0012255,over,0.00375369,false0,0.0267293,over0,0.0818718,overaggr,0.0059837,overcuckoo,0.0026487,over_uai,0.00420544,over_uai,0.00153131,over_utai,0.00870119,over_utai,0.00902448,over_ai,0.00695646,over_ai,0.0105248,countIP,5.93503e+10,countIP0,6.33327e+10,keysum,5.88423e+10,pktSum,2.56168e+11,aggrSum,3.52095e+08,blackkey_num,272303180,feedback,36,feedsumportion,0.453124,finger0,11,finger,15,time,306499,runTime,1430.43
line,23880361,total,0.00862713,total0,0.0763517,false,0.00122138,over,0.00374312,false0,0.0267795,over0,0.0820703,overaggr,0.00598015,overcuckoo,0.00264698,over_uai,0.00157686,over_uai,0.00180513,over_utai,0.00869586,over_utai,0.00901962,over_ai,0.00695144,over_ai,0.0105194,countIP,5.9391e+10,countIP0,6.33788e+10,keysum,5.8883e+10,pktSum,2.5635e+11,aggrSum,3.52129e+08,blackkey_num,273312022,feedback,36,feedsumportion,0.761734,finger0,11,finger,15,time,306899,runTime,1431.43
line,23897355,total,0.00862173,total0,0.0763877,false,0.00121715,over,0.0037319,false0,0.0268247,over0,0.082247,overaggr,0.00597653,overcuckoo,0.00264521,over_uai,0.00169171,over_uai,0.00138661,over_utai,0.00869108,over_utai,0.00901396,over_ai,0.00694679,over_ai,0.0105128,countIP,5.94316e+10,countIP0,6.34246e+10,keysum,5.89236e+10,pktSum,2.56531e+11,aggrSum,3.52158e+08,blackkey_num,274308456,feedback,36,feedsumportion,0.761734,finger0,11,finger,15,time,306899,runTime,1432.43
line,23914408,total,0.00861539,total0,0.0764046,false,0.00121265,over,0.00371787,false0,0.0268486,over0,0.0823152,overaggr,0.00597212,overcuckoo,0.00264327,over_uai,0.00128679,over_uai,0.000809524,over_utai,0.00868487,over_utai,0.00900761,over_ai,0.00694145,over_ai,0.010505,countIP,5.94775e+10,countIP0,6.34749e+10,keysum,5.89694e+10,pktSum,2.56715e+11,aggrSum,3.52172e+08,blackkey_num,277301144,feedback,36,feedsumportion,0.761734,finger0,11,finger,15,time,306899,runTime,1433.43
line,23931023,total,0.00860979,total0,0.0764518,false,0.00120824,over,0.00370621,false0,0.0269122,over0,0.0825513,overaggr,0.00596827,overcuckoo,0.00264152,over_uai,0.00235249,over_uai,0.0012765,over_utai,0.00867994,over_utai,0.00900217,over_ai,0.00693652,over_ai,0.0104981,countIP,5.95194e+10,countIP0,6.35228e+10,keysum,5.90113e+10,pktSum,2.56902e+11,aggrSum,3.52195e+08,blackkey_num,278896805,feedback,36,feedsumportion,0.761734,finger0,11,finger,15,time,306899,runTime,1434.43
line,23947885,total,0.00860536,total0,0.0764805,false,0.0012062,over,0.00370127,false0,0.0269459,over0,0.0826843,overaggr,0.00596558,overcuckoo,0.00263978,over_uai,0.00158613,over_uai,0.00372231,over_utai,0.00867463,over_utai,0.00899812,over_ai,0.00693174,over_ai,0.0104936,countIP,5.9562e+10,countIP0,6.35702e+10,keysum,5.90538e+10,pktSum,2.57086e+11,aggrSum,3.5229e+08,blackkey_num,280014299,feedback,36,feedsumportion,0.761734,finger0,11,finger,15,time,306899,runTime,1435.43
line,23964656,total,0.00860072,total0,0.0765194,false,0.00120179,over,0.00369226,false0,0.0269753,over0,0.082876,overaggr,0.00596235,overcuckoo,0.00263837,over_uai,0.00122748,over_uai,0.00131861,over_utai,0.00866921,over_utai,0.00899268,over_ai,0.00692729,over_ai,0.0104891,countIP,5.9598e+10,countIP0,6.36113e+10,keysum,5.90898e+10,pktSum,2.57274e+11,aggrSum,3.52314e+08,blackkey_num,281697015,feedback,35,feedsumportion,0.676503,finger0,11,finger,15,time,359250,runTime,1436.43
line,23981661,total,0.00859515,total0,0.0765442,false,0.00119748,over,0.00368112,false0,0.0269956,over0,0.082986,overaggr,0.00595844,overcuckoo,0.00263671,over_uai,0.000723927,over_uai,0.00158254,over_utai,0.00866284,over_utai,0.00898743,over_ai,0.00692221,over_ai,0.010483,countIP,5.96404e+10,countIP0,6.36584e+10,keysum,5.91322e+10,pktSum,2.57465e+11,aggrSum,3.52336e+08,blackkey_num,283046052,feedback,35,feedsumportion,0.676503,finger0,11,finger,15,time,359250,runTime,1437.43
line,23998771,total,0.00859016,total0,0.0765887,false,0.00119384,over,0.00367233,false0,0.0270488,over0,0.0832036,overaggr,0.00595512,overcuckoo,0.00263504,over_uai,0.00110899,over_uai,0.00274391,over_utai,0.00865686,over_utai,0.00898363,over_ai,0.00691705,over_ai,0.0104785,countIP,5.96811e+10,countIP0,6.37048e+10,keysum,5.91728e+10,pktSum,2.57653e+11,aggrSum,3.52381e+08,blackkey_num,283785789,feedback,35,feedsumportion,0.676503,finger0,11,finger,15,time,359250,runTime,1438.43
line,24016135,total,0.00858492,total0,0.0766363,false,0.00118951,over,0.00366221,false0,0.0271007,over0,0.0834366,overaggr,0.00595156,overcuckoo,0.00263336,over_uai,0.00100867,over_uai,0.0014572,over_utai,0.00865141,over_utai,0.00897759,over_ai,0.00691242,over_ai,0.010472,countIP,5.97216e+10,countIP0,6.37511e+10,keysum,5.92133e+10,pktSum,2.57847e+11,aggrSum,3.52411e+08,blackkey_num,285105461,feedback,35,feedsumportion,0.676503,finger0,11,finger,15,time,359250,runTime,1439.43
line,24033415,total,0.0085801,total0,0.0766565,false,0.00118669,over,0.00365539,false0,0.0271136,over0,0.0835187,overaggr,0.00594851,overcuckoo,0.00263159,over_uai,0.000945157,over_uai,0.00322316,over_utai,0.00864584,over_utai,0.00897304,over_ai,0.0069074,over_ai,0.0104674,countIP,5.97645e+10,countIP0,6.37985e+10,keysum,5.92561e+10,pktSum,2.58039e+11,aggrSum,3.52486e+08,blackkey_num,286111415,feedback,35,feedsumportion,0.676503,finger0,11,finger,15,time,359250,runTime,1440.43
line,24050453,total,0.0085756,total0,0.0766816,false,0.00118416,over,0.00364984,false0,0.0271322,over0,0.0836276,overaggr,0.00594575,overcuckoo,0.00262985,over_uai,0.000764063,over_uai,0.00412894,over_utai,0.00864038,over_utai,0.00896933,over_ai,0.00690277,over_ai,0.0104629,countIP,5.98064e+10,countIP0,6.38449e+10,keysum,5.92978e+10,pktSum,2.5823e+11,aggrSum,3.5257e+08,blackkey_num,287105190,feedback,31,feedsumportion,0.734654,finger0,11,finger,15,time,308952,runTime,1441.43
line,24067911,total,0.00857138,total0,0.0767131,false,0.00118124,over,0.00364393,false0,0.0271564,over0,0.0837731,overaggr,0.00594307,overcuckoo,0.00262831,over_uai,0.00116134,over_uai,0.0033971,over_utai,0.0086351,over_utai,0.00896596,over_ai,0.0068982,over_ai,0.0104591,countIP,5.98439e+10,countIP0,6.38872e+10,keysum,5.93354e+10,pktSum,2.58413e+11,aggrSum,3.52634e+08,blackkey_num,288208847,feedback,31,feedsumportion,0.734654,finger0,11,finger,15,time,308952,runTime,1442.43
line,24085123,total,0.00856562,total0,0.0767305,false,0.00117746,over,0.00363286,false0,0.0271729,over0,0.0838378,overaggr,0.00593919,overcuckoo,0.00262643,over_uai,0.00117577,over_uai,0.00196261,over_utai,0.00862957,over_utai,0.00896064,over_ai,0.00689331,over_ai,0.0104516,countIP,5.98885e+10,countIP0,6.39361e+10,keysum,5.93798e+10,pktSum,2.586e+11,aggrSum,3.52668e+08,blackkey_num,289470938,feedback,31,feedsumportion,0.734654,finger0,11,finger,15,time,308952,runTime,1443.43
line,24102775,total,0.00856067,total0,0.0767545,false,0.00117453,over,0.00362526,false0,0.0271947,over0,0.0839385,overaggr,0.00593586,overcuckoo,0.00262481,over_uai,0.00106338,over_uai,0.00304301,over_utai,0.00862389,over_utai,0.00895601,over_ai,0.00688846,over_ai,0.0104458,countIP,5.99309e+10,countIP0,6.39831e+10,keysum,5.94222e+10,pktSum,2.58787e+11,aggrSum,3.52722e+08,blackkey_num,290651325,feedback,31,feedsumportion,0.734654,finger0,11,finger,15,time,308952,runTime,1444.43
line,24120355,total,0.00855629,total0,0.0767896,false,0.00117215,over,0.00362002,false0,0.0272308,over0,0.0840985,overaggr,0.00593309,overcuckoo,0.0026232,over_uai,0.00117563,over_uai,0.00449908,over_utai,0.0086187,over_utai,0.00895272,over_ai,0.00688423,over_ai,0.0104405,countIP,5.99719e+10,countIP0,6.40293e+10,keysum,5.94631e+10,pktSum,2.58974e+11,aggrSum,3.528e+08,blackkey_num,291921939,feedback,31,feedsumportion,0.734654,finger0,11,finger,15,time,308952,runTime,1445.43
line,24137435,total,0.00855114,total0,0.076828,false,0.00116794,over,0.00361002,false0,0.0272658,over0,0.0842764,overaggr,0.00592957,overcuckoo,0.00262157,over_uai,0.0010402,over_uai,0.000909793,over_utai,0.00861341,over_utai,0.00894606,over_ai,0.00687978,over_ai,0.0104341,countIP,6.00113e+10,countIP0,6.40739e+10,keysum,5.95025e+10,pktSum,2.59164e+11,aggrSum,3.52824e+08,blackkey_num,294344536,feedback,35,feedsumportion,0.757724,finger0,11,finger,15,time,309571,runTime,1446.43
line,24154744,total,0.00854616,total0,0.0768704,false,0.00116453,over,0.0036012,false0,0.0273164,over0,0.0844736,overaggr,0.00592617,overcuckoo,0.00261999,over_uai,0.00117934,over_uai,0.00164442,over_utai,0.00860824,over_utai,0.00894105,over_ai,0.00687534,over_ai,0.0104279,countIP,6.00512e+10,countIP0,6.41194e+10,keysum,5.95423e+10,pktSum,2.59344e+11,aggrSum,3.52858e+08,blackkey_num,296745854,feedback,35,feedsumportion,0.757724,finger0,11,finger,15,time,309571,runTime,1447.43
line,24171719,total,0.00854102,total0,0.0769012,false,0.00116021,over,0.00359091,false0,0.0273373,over0,0.0846105,overaggr,0.00592261,overcuckoo,0.00261842,over_uai,0.00109925,over_uai,0.00100746,over_utai,0.00860343,over_utai,0.00893555,over_ai,0.00687108,over_ai,0.010421,countIP,6.00895e+10,countIP0,6.41625e+10,keysum,5.95807e+10,pktSum,2.5953e+11,aggrSum,3.52873e+08,blackkey_num,297904631,feedback,35,feedsumportion,0.757724,finger0,11,finger,15,time,309571,runTime,1448.43
line,24188775,total,0.00853592,total0,0.0769302,false,0.00115673,over,0.00358163,false0,0.0273663,over0,0.0847353,overaggr,0.00591919,overcuckoo,0.00261673,over_uai,0.001116,over_uai,0.00171445,over_utai,0.0085985,over_utai,0.00893007,over_ai,0.00686677,over_ai,0.0104142,countIP,6.01298e+10,countIP0,6.42075e+10,keysum,5.96209e+10,pktSum,2.5971e+11,aggrSum,3.52907e+08,blackkey_num,298781087,feedback,35,feedsumportion,0.757724,finger0,11,finger,15,time,309571,runTime,1449.43
line,24205855,total,0.00853019,total0,0.0769769,false,0.00115298,over,0.00357061,false0,0.027431,over0,0.0849498,overaggr,0.00591527,overcuckoo,0.00261491,over_uai,0.00149339,over_uai,0.000932126,over_utai,0.00859371,over_utai,0.00892287,over_ai,0.00686255,over_ai,0.0104057,countIP,6.01735e+10,countIP0,6.42573e+10,keysum,5.96645e+10,pktSum,2.59894e+11,aggrSum,3.52932e+08,blackkey_num,299822437,feedback,35,feedsumportion,0.757724,finger0,11,finger,15,time,309571,runTime,1450.43
line,24222783,total,0.00852435,total0,0.0770035,false,0.00114933,over,0.00355963,false0,0.0274633,over0,0.0850572,overaggr,0.00591136,overcuckoo,0.00261299,over_uai,0.001048,over_uai,0.00115399,over_utai,0.00858842,over_utai,0.00891568,over_ai,0.00685807,over_ai,0.0103974,countIP,6.02185e+10,countIP0,6.43073e+10,keysum,5.97095e+10,pktSum,2.60082e+11,aggrSum,3.52964e+08,blackkey_num,300751274,feedback,33,feedsumportion,0.520378,finger0,11,finger,15,time,345947,runTime,1451.43
line,24239872,total,0.00851935,total0,0.0770434,false,0.00114578,over,0.00355061,false0,0.027506,over0,0.0852372,overaggr,0.00590796,overcuckoo,0.00261139,over_uai,0.00081777,over_uai,0.00154436,over_utai,0.00858283,over_utai,0.00891032,over_ai,0.00685346,over_ai,0.0103918,countIP,6.02577e+10,countIP0,6.4352e+10,keysum,5.97487e+10,pktSum,2.60262e+11,aggrSum,3.52993e+08,blackkey_num,301700716,feedback,33,feedsumportion,0.520378,finger0,11,finger,15,time,345947,runTime,1452.43
line,24256847,total,0.00851377,total0,0.0770465,false,0.00114235,over,0.00354042,false0,0.0274977,over0,0.0852224,overaggr,0.00590417,overcuckoo,0.00260961,over_uai,0.000967787,over_uai,0.00129106,over_utai,0.00857704,over_utai,0.0089045,over_ai,0.00684841,over_ai,0.0103855,countIP,6.03013e+10,countIP0,6.4399e+10,keysum,5.97922e+10,pktSum,2.60445e+11,aggrSum,3.53023e+08,blackkey_num,303477851,feedback,33,feedsumportion,0.520378,finger0,11,finger,15,time,345947,runTime,1453.43
line,24274029,total,0.00850885,total0,0.0770818,false,0.00113889,over,0.00353172,false0,0.027532,over0,0.0853773,overaggr,0.00590074,overcuckoo,0.0026081,over_uai,0.00131642,over_uai,0.00295664,over_utai,0.00857192,over_utai,0.00890053,over_ai,0.00684405,over_ai,0.0103795,countIP,6.03403e+10,countIP0,6.44431e+10,keysum,5.98312e+10,pktSum,2.60625e+11,aggrSum,3.53049e+08,blackkey_num,304801860,feedback,33,feedsumportion,0.520378,finger0,11,finger,15,time,345947,runTime,1454.43
line,24290755,total,0.00850327,total0,0.0771151,false,0.00113517,over,0.0035215,false0,0.0275672,over0,0.0855182,overaggr,0.00589696,overcuckoo,0.0026063,over_uai,0.00121296,over_uai,0.00176182,over_utai,0.00856619,over_utai,0.00889559,over_ai,0.00683927,over_ai,0.0103722,countIP,6.03837e+10,countIP0,6.44918e+10,keysum,5.98746e+10,pktSum,2.60817e+11,aggrSum,3.53078e+08,blackkey_num,306258468,feedback,33,feedsumportion,0.520378,finger0,11,finger,15,time,345947,runTime,1455.43
line,24307816,total,0.00849798,total0,0.0771426,false,0.001132,over,0.0035127,false0,0.0275946,over0,0.0856288,overaggr,0.00589343,overcuckoo,0.00260455,over_uai,0.000963598,over_uai,0.00193739,over_utai,0.00856011,over_utai,0.00889116,over_ai,0.00683404,over_ai,0.0103669,countIP,6.04267e+10,countIP0,6.45397e+10,keysum,5.99175e+10,pktSum,2.61003e+11,aggrSum,3.5312e+08,blackkey_num,307559376,feedback,33,feedsumportion,0.478103,finger0,11,finger,15,time,308033,runTime,1456.43
line,24324765,total,0.00849332,total0,0.0771756,false,0.00112925,over,0.0035061,false0,0.0276243,over0,0.0857683,overaggr,0.00589041,overcuckoo,0.00260291,over_uai,0.00102298,over_uai,0.00301642,over_utai,0.00855429,over_utai,0.00888787,over_ai,0.00682898,over_ai,0.0103633,countIP,6.04674e+10,countIP0,6.45854e+10,keysum,5.99581e+10,pktSum,2.6119e+11,aggrSum,3.53178e+08,blackkey_num,308906033,feedback,33,feedsumportion,0.478103,finger0,11,finger,15,time,308033,runTime,1457.43
line,24341282,total,0.0084888,total0,0.077211,false,0.00112636,over,0.00349999,false0,0.0276507,over0,0.0859201,overaggr,0.00588744,overcuckoo,0.00260136,over_uai,0.000905541,over_uai,0.00289499,over_utai,0.00854842,over_utai,0.00888396,over_ai,0.00682423,over_ai,0.0103592,countIP,6.05074e+10,countIP0,6.46306e+10,keysum,5.99981e+10,pktSum,2.61384e+11,aggrSum,3.53235e+08,blackkey_num,310173650,feedback,33,feedsumportion,0.478103,finger0,11,finger,15,time,308033,runTime,1458.43
line,24357796,total,0.0084845,total0,0.0772413,false,0.00112312,over,0.00349399,false0,0.0276592,over0,0.0860467,overaggr,0.00588446,overcuckoo,0.00260004,over_uai,0.000869025,over_uai,0.00257659,over_utai,0.00854342,over_utai,0.00887985,over_ai,0.00681991,over_ai,0.0103548,countIP,6.0545e+10,countIP0,6.46729e+10,keysum,6.00356e+10,pktSum,2.61581e+11,aggrSum,3.53278e+08,blackkey_num,311295655,feedback,33,feedsumportion,0.478103,finger0,11,finger,15,time,308033,runTime,1459.43
line,24374666,total,0.00847965,total0,0.0772513,false,0.00112061,over,0.00348718,false0,0.0276575,over0,0.0860661,overaggr,0.00588114,overcuckoo,0.00259852,over_uai,0.000877418,over_uai,0.00268514,over_utai,0.00853776,over_utai,0.00887516,over_ai,0.00681507,over_ai,0.0103497,countIP,6.05873e+10,countIP0,6.4719e+10,keysum,6.00779e+10,pktSum,2.61765e+11,aggrSum,3.53326e+08,blackkey_num,314435306,feedback,33,feedsumportion,0.478103,finger0,11,finger,15,time,308033,runTime,1460.43
line,24391493,total,0.00847461,total0,0.0772703,false,0.00111745,over,0.00347851,false0,0.0276696,over0,0.0861324,overaggr,0.00587766,overcuckoo,0.00259695,over_uai,0.00130144,over_uai,0.00162098,over_utai,0.00853263,over_utai,0.00886957,over_ai,0.00681059,over_ai,0.0103435,countIP,6.06275e+10,countIP0,6.47634e+10,keysum,6.0118e+10,pktSum,2.61942e+11,aggrSum,3.53354e+08,blackkey_num,315731893,feedback,33,feedsumportion,0.700346,finger0,11,finger,15,time,308424,runTime,1461.43
line,24408638,total,0.00846997,total0,0.0772799,false,0.00111492,over,0.00347183,false0,0.0276659,over0,0.0861511,overaggr,0.00587463,overcuckoo,0.00259535,over_uai,0.000855417,over_uai,0.00238459,over_utai,0.00852741,over_utai,0.00886514,over_ai,0.00680617,over_ai,0.0103381,countIP,6.06675e+10,countIP0,6.4807e+10,keysum,6.0158e+10,pktSum,2.6212e+11,aggrSum,3.53406e+08,blackkey_num,316429434,feedback,33,feedsumportion,0.700346,finger0,11,finger,15,time,308424,runTime,1462.43
line,24425838,total,0.0084649,total0,0.077295,false,0.00111173,over,0.00346347,false0,0.0276682,over0,0.086197,overaggr,0.00587125,overcuckoo,0.00259365,over_uai,0.000861165,over_uai,0.00159733,over_utai,0.00852183,over_utai,0.0088596,over_ai,0.00680185,over_ai,0.0103314,countIP,6.07087e+10,countIP0,6.48522e+10,keysum,6.01991e+10,pktSum,2.62305e+11,aggrSum,3.53444e+08,blackkey_num,317300662,feedback,33,feedsumportion,0.700346,finger0,11,finger,15,time,308424,runTime,1463.43
line,24442746,total,0.00846065,total0,0.0772762,false,0.00111077,over,0.00346022,false0,0.0276295,over0,0.08607,overaggr,0.00586874,overcuckoo,0.0025919,over_uai,0.000889823,over_uai,0.00473954,over_utai,0.00851555,over_utai,0.00885659,over_ai,0.00679693,over_ai,0.0103277,countIP,6.07522e+10,countIP0,6.48979e+10,keysum,6.02426e+10,pktSum,2.62481e+11,aggrSum,3.53548e+08,blackkey_num,318170255,feedback,33,feedsumportion,0.700346,finger0,11,finger,15,time,308424,runTime,1464.43
line,24459895,total,0.00846341,total0,0.0772687,false,0.00112074,over,0.00349169,false0,0.0276041,over0,0.0860016,overaggr,0.00587318,overcuckoo,0.00259023,over_uai,0.000830214,over_uai,0.018757,over_utai,0.00850957,over_utai,0.00886392,over_ai,0.00679232,over_ai,0.0103412,countIP,6.07952e+10,countIP0,6.49431e+10,keysum,6.02849e+10,pktSum,2.62661e+11,aggrSum,3.54065e+08,blackkey_num,318844650,feedback,33,feedsumportion,0.700346,finger0,11,finger,15,time,308424,runTime,1465.43
line,24476775,total,0.00845899,total0,0.0772582,false,0.00111827,over,0.00348582,false0,0.0275639,over0,0.0859205,overaggr,0.00587009,overcuckoo,0.0025889,over_uai,0.00196758,over_uai,0.0018245,over_utai,0.00850351,over_utai,0.00885967,over_ai,0.00678799,over_ai,0.0103361,countIP,6.08346e+10,countIP0,6.49848e+10,keysum,6.03243e+10,pktSum,2.62842e+11,aggrSum,3.54109e+08,blackkey_num,319663833,feedback,34,feedsumportion,0.88871,finger0,11,finger,15,time,307573,runTime,1466.43
line,24493684,total,0.00845281,total0,0.0772366,false,0.00111572,over,0.00347603,false0,0.0275319,over0,0.0857763,overaggr,0.00586584,overcuckoo,0.00258698,over_uai,0.00126776,over_uai,0.00122647,over_utai,0.008495,over_utai,0.00885465,over_ai,0.00678142,over_ai,0.010331,countIP,6.08858e+10,countIP0,6.50387e+10,keysum,6.03755e+10,pktSum,2.63033e+11,aggrSum,3.54153e+08,blackkey_num,320668731,feedback,34,feedsumportion,0.88871,finger0,11,finger,15,time,307573,runTime,1467.43
line,24510651,total,0.00844662,total0,0.0772164,false,0.00111321,over,0.00346634,false0,0.027503,over0,0.0856396,overaggr,0.00586163,overcuckoo,0.00258499,over_uai,0.00143939,over_uai,0.00109787,over_utai,0.00848702,over_utai,0.00884931,over_ai,0.00677472,over_ai,0.010326,countIP,6.09373e+10,countIP0,6.50929e+10,keysum,6.04269e+10,pktSum,2.63224e+11,aggrSum,3.542e+08,blackkey_num,321637555,feedback,34,feedsumportion,0.88871,finger0,11,finger,15,time,307573,runTime,1468.43
line,24527601,total,0.00844118,total0,0.0772054,false,0.0011104,over,0.00345766,false0,0.0274751,over0,0.0855544,overaggr,0.00585797,overcuckoo,0.0025832,over_uai,0.00131373,over_uai,0.00103979,over_utai,0.00848022,over_utai,0.00884483,over_ai,0.0067694,over_ai,0.0103206,countIP,6.09822e+10,countIP0,6.51405e+10,keysum,6.04718e+10,pktSum,2.63409e+11,aggrSum,3.54242e+08,blackkey_num,322626652,feedback,34,feedsumportion,0.88871,finger0,11,finger,15,time,307573,runTime,1469.43
line,24544556,total,0.00843597,total0,0.0771879,false,0.00110832,over,0.00345044,false0,0.0274432,over0,0.0854368,overaggr,0.00585459,overcuckoo,0.00258138,over_uai,0.00231267,over_uai,0.00145576,over_utai,0.0084745,over_utai,0.00884024,over_ai,0.0067642,over_ai,0.010315,countIP,6.10278e+10,countIP0,6.51885e+10,keysum,6.05173e+10,pktSum,2.63588e+11,aggrSum,3.54303e+08,blackkey_num,323777210,feedback,34,feedsumportion,0.88871,finger0,11,finger,15,time,307573,runTime,1470.43
line,24561856,total,0.00843129,total0,0.0771907,false,0.00110563,over,0.00344365,false0,0.0274263,over0,0.0854238,overaggr,0.00585139,overcuckoo,0.00257991,over_uai,0.00130574,over_uai,0.00328221,over_utai,0.0084692,over_utai,0.00883631,over_ai,0.00675961,over_ai,0.0103098,countIP,6.10679e+10,countIP0,6.52318e+10,keysum,6.05573e+10,pktSum,2.63771e+11,aggrSum,3.54344e+08,blackkey_num,324746761,feedback,41,feedsumportion,0.601687,finger0,11,finger,15,time,307187,runTime,1471.43
line,24579069,total,0.00842638,total0,0.0771811,false,0.00110272,over,0.0034359,false0,0.027392,over0,0.0853495,overaggr,0.00584807,overcuckoo,0.00257831,over_uai,0.00106539,over_uai,0.00242206,over_utai,0.00846352,over_utai,0.00883192,over_ai,0.0067549,over_ai,0.0103047,countIP,6.11085e+10,countIP0,6.52749e+10,keysum,6.05979e+10,pktSum,2.63952e+11,aggrSum,3.5438e+08,blackkey_num,327810538,feedback,41,feedsumportion,0.601687,finger0,11,finger,15,time,307187,runTime,1472.43
line,24596167,total,0.00842128,total0,0.0771753,false,0.00109979,over,0.0034274,false0,0.0273694,over0,0.085294,overaggr,0.00584447,overcuckoo,0.00257681,over_uai,0.00075476,over_uai,0.00217445,over_utai,0.00845793,over_utai,0.00882738,over_ai,0.00675007,over_ai,0.0102992,countIP,6.11494e+10,countIP0,6.53185e+10,keysum,6.06387e+10,pktSum,2.64127e+11,aggrSum,3.54401e+08,blackkey_num,328746432,feedback,41,feedsumportion,0.601687,finger0,11,finger,15,time,307187,runTime,1473.43
line,24613188,total,0.00841693,total0,0.0771732,false,0.00109783,over,0.00342222,false0,0.0273502,over0,0.0852577,overaggr,0.00584124,overcuckoo,0.00257569,over_uai,0.00113268,over_uai,0.0054061,over_utai,0.00845244,over_utai,0.00882473,over_ai,0.00674524,over_ai,0.0102954,countIP,6.11895e+10,countIP0,6.53615e+10,keysum,6.06787e+10,pktSum,2.64303e+11,aggrSum,3.54439e+08,blackkey_num,329779213,feedback,41,feedsumportion,0.601687,finger0,11,finger,15,time,307187,runTime,1474.43
line,24630309,total,0.00841181,total0,0.0771714,false,0.00109505,over,0.00341401,false0,0.0273351,over0,0.085222,overaggr,0.0058377,overcuckoo,0.00257411,over_uai,0.000978849,over_uai,0.00234779,over_utai,0.00844664,over_utai,0.00882004,over_ai,0.00674037,over_ai,0.0102897,countIP,6.12312e+10,countIP0,6.54063e+10,keysum,6.07204e+10,pktSum,2.6448e+11,aggrSum,3.54468e+08,blackkey_num,331007370,feedback,41,feedsumportion,0.601687,finger0,11,finger,15,time,307187,runTime,1475.43
line,24647546,total,0.00840701,total0,0.077168,false,0.00109207,over,0.00340611,false0,0.0273108,over0,0.0851808,overaggr,0.00583435,overcuckoo,0.00257267,over_uai,0.000849375,over_uai,0.0013361,over_utai,0.00844071,over_utai,0.00881516,over_ai,0.00673545,over_ai,0.0102851,countIP,6.12698e+10,countIP0,6.54477e+10,keysum,6.0759e+10,pktSum,2.64654e+11,aggrSum,3.54489e+08,blackkey_num,332373308,feedback,39,feedsumportion,0.472873,finger0,11,finger,15,time,339663,runTime,1476.43
line,24664846,total,0.00840209,total0,0.0771557,false,0.00108925,over,0.00339814,false0,0.0272767,over0,0.0850953,overaggr,0.00583099,overcuckoo,0.0025711,over_uai,0.000824642,over_uai,0.00173086,over_utai,0.00843462,over_utai,0.00881116,over_ai,0.00673023,over_ai,0.0102809,countIP,6.13098e+10,countIP0,6.54899e+10,keysum,6.0799e+10,pktSum,2.64828e+11,aggrSum,3.54518e+08,blackkey_num,333473562,feedback,39,feedsumportion,0.472873,finger0,11,finger,15,time,339663,runTime,1477.43
line,24682343,total,0.00839764,total0,0.0771559,false,0.00108609,over,0.00339072,false0,0.0272502,over0,0.0850739,overaggr,0.00582782,overcuckoo,0.00256982,over_uai,0.000796471,over_uai,0.00136864,over_utai,0.00842914,over_utai,0.00880671,over_ai,0.00672596,over_ai,0.0102764,countIP,6.13452e+10,countIP0,6.5528e+10,keysum,6.08343e+10,pktSum,2.65002e+11,aggrSum,3.54532e+08,blackkey_num,334654809,feedback,39,feedsumportion,0.472873,finger0,11,finger,15,time,339663,runTime,1478.43
line,24699452,total,0.0083926,total0,0.0771446,false,0.00108289,over,0.00338224,false0,0.0272125,over0,0.0849943,overaggr,0.00582437,overcuckoo,0.00256823,over_uai,0.000994666,over_uai,0.00117785,over_utai,0.00842317,over_utai,0.00880053,over_ai,0.0067212,over_ai,0.010271,countIP,6.13852e+10,countIP0,6.55704e+10,keysum,6.08743e+10,pktSum,2.65185e+11,aggrSum,3.54554e+08,blackkey_num,335743855,feedback,39,feedsumportion,0.472873,finger0,11,finger,15,time,339663,runTime,1479.43
line,24716284,total,0.00838841,total0,0.0771383,false,0.00108151,over,0.00337857,false0,0.0271895,over0,0.0849382,overaggr,0.00582086,overcuckoo,0.00256755,over_uai,0.00104983,over_uai,0.00391479,over_utai,0.00841774,over_utai,0.00879699,over_ai,0.00671641,over_ai,0.0102675,countIP,6.1427e+10,countIP0,6.5615e+10,keysum,6.0916e+10,pktSum,2.65364e+11,aggrSum,3.54584e+08,blackkey_num,336948841,feedback,39,feedsumportion,0.472873,finger0,11,finger,15,time,339663,runTime,1480.43
line,24733562,total,0.00838577,total0,0.0771373,false,0.00108272,over,0.00338242,false0,0.0271792,over0,0.0849075,overaggr,0.00581719,overcuckoo,0.00256857,over_uai,0.00100012,over_uai,0.0362636,over_utai,0.00841256,over_utai,0.00881529,over_ai,0.00671194,over_ai,0.0102673,countIP,6.14691e+10,countIP0,6.566e+10,keysum,6.09579e+10,pktSum,2.65537e+11,aggrSum,3.54604e+08,blackkey_num,339775981,feedback,35,feedsumportion,0.4727,finger0,11,finger,15,time,307977,runTime,1481.43
line,24750575,total,0.0083805,total0,0.0771243,false,0.00107999,over,0.00337382,false0,0.0271514,over0,0.0848194,overaggr,0.0058136,overcuckoo,0.0025669,over_uai,0.000871942,over_uai,0.0331418,over_utai,0.00840693,over_utai,0.00883086,over_ai,0.00670732,over_ai,0.0102606,countIP,6.15114e+10,countIP0,6.57048e+10,keysum,6.10002e+10,pktSum,2.65711e+11,aggrSum,3.54631e+08,blackkey_num,340969774,feedback,35,feedsumportion,0.4727,finger0,11,finger,15,time,307977,runTime,1482.43
line,24767703,total,0.00837612,total0,0.0771273,false,0.00107775,over,0.00336779,false0,0.027141,over0,0.0848108,overaggr,0.0058103,overcuckoo,0.00256582,over_uai,0.000999744,over_uai,0.0314267,over_utai,0.0084019,over_utai,0.00884314,over_ai,0.00670282,over_ai,0.0102562,countIP,6.15495e+10,countIP0,6.5746e+10,keysum,6.10383e+10,pktSum,2.6588e+11,aggrSum,3.54651e+08,blackkey_num,341882739,feedback,35,feedsumportion,0.4727,finger0,11,finger,15,time,307977,runTime,1483.43
line,24784791,total,0.00837139,total0,0.0771082,false,0.00107531,over,0.00336083,false0,0.0270989,over0,0.0846959,overaggr,0.00580672,overcuckoo,0.00256467,over_uai,0.00122489,over_uai,0.0311219,over_utai,0.00839674,over_utai,0.00885645,over_ai,0.00669813,over_ai,0.0102516,countIP,6.15894e+10,countIP0,6.57877e+10,keysum,6.10781e+10,pktSum,2.66052e+11,aggrSum,3.54663e+08,blackkey_num,342927355,feedback,35,feedsumportion,0.4727,finger0,11,finger,15,time,307977,runTime,1484.43
line,24801913,total,0.0083668,total0,0.0770983,false,0.00107234,over,0.00335326,false0,0.0270631,over0,0.0846277,overaggr,0.00580352,overcuckoo,0.00256329,over_uai,0.000877893,over_uai,0.0345901,over_utai,0.00839178,over_utai,0.00887033,over_ai,0.0066937,over_ai,0.0102472,countIP,6.16259e+10,countIP0,6.58264e+10,keysum,6.11146e+10,pktSum,2.66223e+11,aggrSum,3.5468e+08,blackkey_num,344065534,feedback,35,feedsumportion,0.4727,finger0,11,finger,15,time,307977,runTime,1485.43
line,24819056,total,0.00836238,total0,0.0771043,false,0.00106989,over,0.00334691,false0,0.0270547,over0,0.084634,overaggr,0.00580051,overcuckoo,0.00256187,over_uai,0.00127301,over_uai,0.0039107,over_utai,0.00838702,over_utai,0.00886704,over_ai,0.00668964,over_ai,0.0102426,countIP,6.16636e+10,countIP0,6.58673e+10,keysum,6.11522e+10,pktSum,2.66394e+11,aggrSum,3.54714e+08,blackkey_num,345257199,feedback,32,feedsumportion,0.453682,finger0,11,finger,15,time,307847,runTime,1486.43
line,24836465,total,0.00835838,total0,0.0771084,false,0.00106754,over,0.00334182,false0,0.0270359,over0,0.0846328,overaggr,0.00579792,overcuckoo,0.00256047,over_uai,0.000976446,over_uai,0.0817759,over_utai,0.00838186,over_utai,0.00890616,over_ai,0.00668543,over_ai,0.0102391,countIP,6.16993e+10,countIP0,6.5906e+10,keysum,6.11879e+10,pktSum,2.66568e+11,aggrSum,3.54762e+08,blackkey_num,346226410,feedback,32,feedsumportion,0.453682,finger0,11,finger,15,time,307847,runTime,1487.43
line,24853808,total,0.00835373,total0,0.0770957,false,0.00106452,over,0.0033343,false0,0.0269938,over0,0.0845507,overaggr,0.00579469,overcuckoo,0.00255903,over_uai,0.000798749,over_uai,0.00978665,over_utai,0.00837661,over_utai,0.0089065,over_ai,0.00668094,over_ai,0.0102347,countIP,6.17368e+10,countIP0,6.59455e+10,keysum,6.12253e+10,pktSum,2.66747e+11,aggrSum,3.54782e+08,blackkey_num,347074171,feedback,32,feedsumportion,0.453682,finger0,11,finger,15,time,307847,runTime,1488.43
line,24870876,total,0.00834869,total0,0.0770754,false,0.00106167,over,0.00332659,false0,0.0269461,over0,0.0844316,overaggr,0.00579117,overcuckoo,0.00255753,over_uai,0.000905989,over_uai,0.00312469,over_utai,0.00837132,over_utai,0.00890229,over_ai,0.00667629,over_ai,0.010229,countIP,6.17783e+10,countIP0,6.59889e+10,keysum,6.12668e+10,pktSum,2.66933e+11,aggrSum,3.54806e+08,blackkey_num,348155623,feedback,32,feedsumportion,0.453682,finger0,11,finger,15,time,307847,runTime,1489.43
line,24887930,total,0.00834308,total0,0.0770588,false,0.00105962,over,0.00331887,false0,0.026923,over0,0.0843263,overaggr,0.00578732,overcuckoo,0.00255576,over_uai,0.00101886,over_uai,0.00357448,over_utai,0.00836545,over_utai,0.00889774,over_ai,0.00667134,over_ai,0.0102221,countIP,6.18268e+10,countIP0,6.60401e+10,keysum,6.13152e+10,pktSum,2.67117e+11,aggrSum,3.54851e+08,blackkey_num,349147058,feedback,32,feedsumportion,0.453682,finger0,11,finger,15,time,307847,runTime,1490.43
line,24905066,total,0.00833895,total0,0.0770394,false,0.00105888,over,0.00331646,false0,0.0268869,over0,0.0842109,overaggr,0.00578425,overcuckoo,0.00255469,over_uai,0.000978611,over_uai,0.00462103,over_utai,0.00835994,over_utai,0.00889469,over_ai,0.00666642,over_ai,0.0102192,countIP,6.18711e+10,countIP0,6.60865e+10,keysum,6.13594e+10,pktSum,2.67299e+11,aggrSum,3.54918e+08,blackkey_num,352054739,feedback,35,feedsumportion,0.621581,finger0,11,finger,15,time,308161,runTime,1491.43
line,24922134,total,0.00833449,total0,0.0770333,false,0.00105771,over,0.00331261,false0,0.0268714,over0,0.0841578,overaggr,0.00578103,overcuckoo,0.00255345,over_uai,0.00153692,over_uai,0.00400383,over_utai,0.00835466,over_utai,0.00889092,over_ai,0.00666179,over_ai,0.0102145,countIP,6.19156e+10,countIP0,6.6134e+10,keysum,6.14039e+10,pktSum,2.6748e+11,aggrSum,3.54978e+08,blackkey_num,352978049,feedback,35,feedsumportion,0.621581,finger0,11,finger,15,time,308161,runTime,1492.43
line,24939476,total,0.00833099,total0,0.077018,false,0.00105773,over,0.00331299,false0,0.0268385,over0,0.0840629,overaggr,0.00577868,overcuckoo,0.0025523,over_uai,0.0016744,over_uai,0.00684659,over_utai,0.00834939,over_utai,0.00888958,over_ai,0.00665661,over_ai,0.0102137,countIP,6.19596e+10,countIP0,6.61802e+10,keysum,6.14477e+10,pktSum,2.67665e+11,aggrSum,3.55087e+08,blackkey_num,353772524,feedback,35,feedsumportion,0.621581,finger0,11,finger,15,time,308161,runTime,1493.43
line,24956404,total,0.00833277,total0,0.0770035,false,0.00106548,over,0.00333763,false0,0.0268068,over0,0.0839726,overaggr,0.00578166,overcuckoo,0.00255111,over_uai,0.00158002,over_uai,0.0185621,over_utai,0.00834408,over_utai,0.00889526,over_ai,0.00665139,over_ai,0.0102254,countIP,6.20032e+10,countIP0,6.62258e+10,keysum,6.14908e+10,pktSum,2.67848e+11,aggrSum,3.55519e+08,blackkey_num,354669994,feedback,35,feedsumportion,0.621581,finger0,11,finger,15,time,308161,runTime,1494.43
line,24971490,total,0.00832963,total0,0.0769971,false,0.00106441,over,0.00333546,false0,0.0267823,over0,0.0839256,overaggr,0.00577926,overcuckoo,0.00255037,over_uai,0.00155229,over_uai,0.00425341,over_utai,0.00833956,over_utai,0.00889281,over_ai,0.00664701,over_ai,0.0102244,countIP,6.20362e+10,countIP0,6.62608e+10,keysum,6.15237e+10,pktSum,2.67999e+11,aggrSum,3.55562e+08,blackkey_num,355605431,feedback,35,feedsumportion,0.621581,finger0,11,finger,15,time,308161,runTime,1495.25
line,24988741,total,0.00832502,total0,0.0769868,false,0.000316303,over,0.00115032,false0,0.0167386,over0,0.0608743,overaggr,0.00577608,overcuckoo,0.00254894,over_uai,0.00167562,over_uai,0.00450729,over_utai,0.00833426,over_utai,0.00888997,over_ai,0.00664187,over_ai,0.0102209,countIP,6.20757e+10,countIP0,6.63028e+10,keysum,6.15632e+10,pktSum,2.68182e+11,aggrSum,3.55594e+08,blackkey_num,1102221,feedback,36,feedsumportion,0.895363,finger0,11,finger,15,time,304530,runTime,1496.25
line,25006051,total,0.00832037,total0,0.0769771,false,0.000327452,over,0.00117802,false0,0.0171115,over0,0.0615589,overaggr,0.00577279,overcuckoo,0.00254758,over_uai,0.00379539,over_uai,0.00373278,over_utai,0.00833062,over_utai,0.00888695,over_ai,0.0066373,over_ai,0.0102164,countIP,6.2116e+10,countIP0,6.63455e+10,keysum,6.16035e+10,pktSum,2.68365e+11,aggrSum,3.55624e+08,blackkey_num,2181901,feedback,36,feedsumportion,0.895363,finger0,11,finger,15,time,304530,runTime,1497.25
line,25023567,total,0.00831625,total0,0.0769745,false,0.000368006,over,0.00134469,false0,0.017839,over0,0.0651837,overaggr,0.00576998,overcuckoo,0.00254628,over_uai,0.003519,over_uai,0.00432904,over_utai,0.00832709,over_utai,0.00888378,over_ai,0.00663313,over_ai,0.0102119,countIP,6.21544e+10,countIP0,6.63866e+10,keysum,6.16417e+10,pktSum,2.68548e+11,aggrSum,3.55671e+08,blackkey_num,3015598,feedback,36,feedsumportion,0.895363,finger0,11,finger,15,time,304530,runTime,1498.25
line,25040983,total,0.00831199,total0,0.0769706,false,0.000447411,over,0.00159682,false0,0.0187365,over0,0.0668706,overaggr,0.00576729,overcuckoo,0.0025447,over_uai,0.00118028,over_uai,0.0052261,over_utai,0.0083215,over_utai,0.00888105,over_ai,0.00662817,over_ai,0.0102083,countIP,6.2198e+10,countIP0,6.64333e+10,keysum,6.16853e+10,pktSum,2.68737e+11,aggrSum,3.55757e+08,blackkey_num,4151503,feedback,36,feedsumportion,0.895363,finger0,11,finger,15,time,304530,runTime,1499.25
line,25058335,total,0.00830694,total0,0.0769518,false,0.000427853,over,0.00150663,false0,0.017998,over0,0.0633776,overaggr,0.00576369,overcuckoo,0.00254324,over_uai,0.00102889,over_uai,0.00332829,over_utai,0.0083156,over_utai,0.00887691,over_ai,0.00662336,over_ai,0.0102028,countIP,6.22418e+10,countIP0,6.64792e+10,keysum,6.1729e+10,pktSum,2.68927e+11,aggrSum,3.55787e+08,blackkey_num,6056153,feedback,36,feedsumportion,0.895363,finger0,11,finger,15,time,304530,runTime,1500.25
line,25075753,total,0.00830216,total0,0.0769499,false,0.000402558,over,0.00142679,false0,0.0183806,over0,0.0651466,overaggr,0.00576042,overcuckoo,0.00254174,over_uai,0.00183985,over_uai,0.00139709,over_utai,0.00831044,over_utai,0.00887123,over_ai,0.00661933,over_ai,0.0101967,countIP,6.22824e+10,countIP0,6.65227e+10,keysum,6.17695e+10,pktSum,2.69116e+11,aggrSum,3.55819e+08,blackkey_num,7355402,feedback,35,feedsumportion,0.698997,finger0,11,finger,15,time,305648,runTime,1501.25
line,25093099,total,0.00829825,total0,0.0769458,false,0.000415798,over,0.00150217,false0,0.0182216,over0,0.0658302,overaggr,0.00575784,overcuckoo,0.00254041,over_uai,0.00250092,over_uai,0.00347576,over_utai,0.00830626,over_utai,0.00886735,over_ai,0.00661555,over_ai,0.0101919,countIP,6.23206e+10,countIP0,6.65636e+10,keysum,6.18077e+10,pktSum,2.69309e+11,aggrSum,3.55879e+08,blackkey_num,10691762,feedback,35,feedsumportion,0.698997,finger0,11,finger,15,time,305648,runTime,1502.25
line,25110479,total,0.00829445,total0,0.0769344,false,0.000449368,over,0.00162683,false0,0.017966,over0,0.0650413,overaggr,0.00575549,overcuckoo,0.00253896,over_uai,0.00120248,over_uai,0.00551616,over_utai,0.00830087,over_utai,0.00886478,over_ai,0.00661136,over_ai,0.0101884,countIP,6.23613e+10,countIP0,6.66065e+10,keysum,6.18483e+10,pktSum,2.69498e+11,aggrSum,3.55967e+08,blackkey_num,11714904,feedback,35,feedsumportion,0.698997,finger0,11,finger,15,time,305648,runTime,1503.25
line,25127986,total,0.00829051,total0,0.0769258,false,0.000472499,over,0.00170584,false0,0.0179817,over0,0.0649187,overaggr,0.00575265,overcuckoo,0.00253786,over_uai,0.00374123,over_uai,0.00360209,over_utai,0.00829716,over_utai,0.00886105,over_ai,0.00660711,over_ai,0.0101844,countIP,6.24023e+10,countIP0,6.66501e+10,keysum,6.18892e+10,pktSum,2.69684e+11,aggrSum,3.56027e+08,blackkey_num,12826074,feedback,35,feedsumportion,0.698997,finger0,11,finger,15,time,305648,runTime,1504.25
line,25145222,total,0.00828558,total0,0.0769157,false,0.000478196,over,0.00170245,false0,0.0181854,over0,0.0647428,overaggr,0.00574956,overcuckoo,0.00253602,over_uai,0.000867049,over_uai,0.00311715,over_utai,0.00829037,over_utai,0.00885617,over_ai,0.00660186,over_ai,0.0101799,countIP,6.24485e+10,countIP0,6.66991e+10,keysum,6.19353e+10,pktSum,2.69876e+11,aggrSum,3.56101e+08,blackkey_num,13822216,feedback,35,feedsumportion,0.698997,finger0,11,finger,15,time,305648,runTime,1505.25
line,25162572,total,0.00828074,total0,0.0769015,false,0.000478267,over,0.00168799,false0,0.0181352,over0,0.0640064,overaggr,0.00574618,overcuckoo,0.00253456,over_uai,0.001234,over_uai,0.0193316,over_utai,0.00828435,over_utai,0.00886457,over_ai,0.00659743,over_ai,0.0101745,countIP,6.24932e+10,countIP0,6.67463e+10,keysum,6.19799e+10,pktSum,2.70065e+11,aggrSum,3.56148e+08,blackkey_num,15092311,feedback,37,feedsumportion,0.76437,finger0,11,finger,15,time,338442,runTime,1506.25
line,25179743,total,0.00827625,total0,0.0768939,false,0.000476763,over,0.00168178,false0,0.0181857,over0,0.06415,overaggr,0.00574272,overcuckoo,0.00253353,over_uai,0.00153468,over_uai,0.020913,over_utai,0.00827914,over_utai,0.00887353,over_ai,0.00659297,over_ai,0.0101697,countIP,6.2535e+10,countIP0,6.67908e+10,keysum,6.20217e+10,pktSum,2.70253e+11,aggrSum,3.56173e+08,blackkey_num,16931120,feedback,37,feedsumportion,0.76437,finger0,11,finger,15,time,338442,runTime,1507.25
line,25197244,total,0.00827211,total0,0.0768941,false,0.000481608,over,0.00170373,false0,0.0184128,over0,0.0651369,overaggr,0.00574006,overcuckoo,0.00253206,over_uai,0.0013621,over_uai,0.0252234,over_utai,0.00827354,over_utai,0.00888511,over_ai,0.00658817,over_ai,0.0101667,countIP,6.25758e+10,countIP0,6.68347e+10,keysum,6.20624e+10,pktSum,2.70443e+11,aggrSum,3.56242e+08,blackkey_num,18351086,feedback,37,feedsumportion,0.76437,finger0,11,finger,15,time,338442,runTime,1508.25
line,25214493,total,0.00826727,total0,0.0769205,false,0.000484475,over,0.0016999,false0,0.0196242,over0,0.068856,overaggr,0.00573693,overcuckoo,0.00253035,over_uai,0.000979469,over_uai,0.0184728,over_utai,0.00826773,over_utai,0.00889323,over_ai,0.00658357,over_ai,0.0101611,countIP,6.26213e+10,countIP0,6.68852e+10,keysum,6.21079e+10,pktSum,2.70632e+11,aggrSum,3.56308e+08,blackkey_num,19473758,feedback,37,feedsumportion,0.76437,finger0,11,finger,15,time,338442,runTime,1509.25
line,25230894,total,0.00826162,total0,0.0769226,false,0.000469336,over,0.00163718,false0,0.0199705,over0,0.0696627,overaggr,0.00573301,overcuckoo,0.00252861,over_uai,0.00132151,over_uai,0.0226758,over_utai,0.00826211,over_utai,0.00890397,over_ai,0.00657883,over_ai,0.0101534,countIP,6.26688e+10,countIP0,6.69364e+10,keysum,6.21553e+10,pktSum,2.70833e+11,aggrSum,3.56337e+08,blackkey_num,20624357,feedback,37,feedsumportion,0.76437,finger0,11,finger,15,time,338442,runTime,1510.25
line,25247760,total,0.00825722,total0,0.0769172,false,0.000467516,over,0.00163349,false0,0.0199231,over0,0.0696109,overaggr,0.00572968,overcuckoo,0.00252754,over_uai,0.00144145,over_uai,0.00646051,over_utai,0.00825624,over_utai,0.00890213,over_ai,0.00657423,over_ai,0.0101493,countIP,6.27098e+10,countIP0,6.69802e+10,keysum,6.21962e+10,pktSum,2.71021e+11,aggrSum,3.56365e+08,blackkey_num,22232040,feedback,35,feedsumportion,0.65931,finger0,11,finger,15,time,306900,runTime,1511.25
line,25265056,total,0.00825251,total0,0.0769184,false,0.000454397,over,0.00159091,false0,0.0200286,over0,0.070123,overaggr,0.00572642,overcuckoo,0.00252609,over_uai,0.0012998,over_uai,0.00207589,over_utai,0.00825066,over_utai,0.00889785,over_ai,0.00657007,over_ai,0.0101435,countIP,6.27495e+10,countIP0,6.7023e+10,keysum,6.22359e+10,pktSum,2.71204e+11,aggrSum,3.56389e+08,blackkey_num,25527573,feedback,35,feedsumportion,0.65931,finger0,11,finger,15,time,306900,runTime,1512.25
line,25282108,total,0.00824796,total0,0.0769017,false,0.000448785,over,0.0015731,false0,0.019716,over0,0.0691094,overaggr,0.00572321,overcuckoo,0.00252475,over_uai,0.00127033,over_uai,0.00337787,over_utai,0.0082454,over_utai,0.00889349,over_ai,0.00656568,over_ai,0.0101385,countIP,6.27902e+10,countIP0,6.70657e+10,keysum,6.22765e+10,pktSum,2.7139e+11,aggrSum,3.56421e+08,blackkey_num,27471739,feedback,35,feedsumportion,0.65931,finger0,11,finger,15,time,306900,runTime,1513.25
line,25298912,total,0.0082434,total0,0.0768932,false,0.000437093,over,0.00153636,false0,0.0195778,over0,0.0688151,overaggr,0.00572008,overcuckoo,0.00252333,over_uai,0.00114739,over_uai,0.00308069,over_utai,0.00824033,over_utai,0.00888979,over_ai,0.00656128,over_ai,0.0101335,countIP,6.28284e+10,countIP0,6.71063e+10,keysum,6.23147e+10,pktSum,2.7157e+11,aggrSum,3.56445e+08,blackkey_num,28520088,feedback,35,feedsumportion,0.65931,finger0,11,finger,15,time,306900,runTime,1514.25
line,25315464,total,0.00823898,total0,0.0768839,false,0.000431069,over,0.00152056,false0,0.0194182,over0,0.0684959,overaggr,0.00571706,overcuckoo,0.00252192,over_uai,0.00165352,over_uai,0.00253728,over_utai,0.00823582,over_utai,0.00888544,over_ai,0.00655735,over_ai,0.0101278,countIP,6.28676e+10,countIP0,6.71479e+10,keysum,6.23538e+10,pktSum,2.71757e+11,aggrSum,3.5648e+08,blackkey_num,29637477,feedback,35,feedsumportion,0.65931,finger0,11,finger,15,time,306900,runTime,1515.25
line,25332247,total,0.0082341,total0,0.0768737,false,0.00042414,over,0.00149274,false0,0.0193677,over0,0.0681634,overaggr,0.00571376,overcuckoo,0.00252034,over_uai,0.00108612,over_uai,0.00236769,over_utai,0.0082305,over_utai,0.00888155,over_ai,0.00655258,over_ai,0.0101229,countIP,6.29093e+10,countIP0,6.71921e+10,keysum,6.23955e+10,pktSum,2.71939e+11,aggrSum,3.56513e+08,blackkey_num,30666613,feedback,39,feedsumportion,0.46341,finger0,11,finger,15,time,308883,runTime,1516.25
line,25348997,total,0.00822963,total0,0.0768642,false,0.000418204,over,0.00147452,false0,0.0192537,over0,0.0678855,overaggr,0.00571071,overcuckoo,0.00251892,over_uai,0.000874199,over_uai,0.00242674,over_utai,0.00822523,over_utai,0.00887777,over_ai,0.00654807,over_ai,0.0101186,countIP,6.29483e+10,countIP0,6.72334e+10,keysum,6.24344e+10,pktSum,2.7212e+11,aggrSum,3.56545e+08,blackkey_num,31624223,feedback,39,feedsumportion,0.46341,finger0,11,finger,15,time,308883,runTime,1517.25
line,25365862,total,0.00822517,total0,0.0768478,false,0.000416364,over,0.00146853,false0,0.0190505,over0,0.0671917,overaggr,0.00570759,overcuckoo,0.00251759,over_uai,0.00118229,over_uai,0.00236142,over_utai,0.00822021,over_utai,0.00887294,over_ai,0.00654388,over_ai,0.0101135,countIP,6.29887e+10,countIP0,6.72759e+10,keysum,6.24748e+10,pktSum,2.72304e+11,aggrSum,3.5658e+08,blackkey_num,32872844,feedback,39,feedsumportion,0.46341,finger0,11,finger,15,time,308883,runTime,1518.25
line,25382833,total,0.00822058,total0,0.0768382,false,0.000417387,over,0.00147002,false0,0.0190233,over0,0.0669995,overaggr,0.00570436,overcuckoo,0.00251622,over_uai,0.000917544,over_uai,0.00303492,over_utai,0.00821516,over_utai,0.00886858,over_ai,0.00653982,over_ai,0.0101077,countIP,6.30315e+10,countIP0,6.73213e+10,keysum,6.25176e+10,pktSum,2.72493e+11,aggrSum,3.56623e+08,blackkey_num,33904319,feedback,39,feedsumportion,0.46341,finger0,11,finger,15,time,308883,runTime,1519.25
line,25399910,total,0.00821625,total0,0.0768275,false,0.000413024,over,0.00145715,false0,0.0189113,over0,0.0667191,overaggr,0.00570143,overcuckoo,0.00251482,over_uai,0.000815853,over_uai,0.00320198,over_utai,0.00820981,over_utai,0.00886524,over_ai,0.00653566,over_ai,0.0101029,countIP,6.30697e+10,countIP0,6.73618e+10,keysum,6.25558e+10,pktSum,2.72672e+11,aggrSum,3.56657e+08,blackkey_num,35669867,feedback,39,feedsumportion,0.46341,finger0,11,finger,15,time,308883,runTime,1520.25
line,25416776,total,0.00821126,total0,0.0768226,false,0.000406645,over,0.00143144,false0,0.018984,over0,0.0668262,overaggr,0.00569799,overcuckoo,0.00251327,over_uai,0.00246358,over_uai,0.0698929,over_utai,0.00820554,over_utai,0.00890924,over_ai,0.00653137,over_ai,0.0100962,countIP,6.31119e+10,countIP0,6.74068e+10,keysum,6.25979e+10,pktSum,2.72854e+11,aggrSum,3.56682e+08,blackkey_num,37340174,feedback,36,feedsumportion,0.545827,finger0,11,finger,15,time,309051,runTime,1521.25
line,25433791,total,0.00820631,total0,0.0768038,false,0.000402485,over,0.00141271,false0,0.0188477,over0,0.0661547,overaggr,0.00569447,overcuckoo,0.00251184,over_uai,0.00384755,over_uai,0.106587,over_utai,0.00820168,over_utai,0.00896782,over_ai,0.00652642,over_ai,0.0100914,countIP,6.31546e+10,countIP0,6.74516e+10,keysum,6.26405e+10,pktSum,2.73035e+11,aggrSum,3.56705e+08,blackkey_num,38822136,feedback,36,feedsumportion,0.545827,finger0,11,finger,15,time,309051,runTime,1522.25
line,25450745,total,0.00820225,total0,0.0767915,false,0.000412455,over,0.00144474,false0,0.0188088,over0,0.0658832,overaggr,0.00569187,overcuckoo,0.00251039,over_uai,0.00308506,over_uai,0.0637708,over_utai,0.00819745,over_utai,0.00901194,over_ai,0.00652196,over_ai,0.0100875,countIP,6.31975e+10,countIP0,6.7497e+10,keysum,6.26834e+10,pktSum,2.7322e+11,aggrSum,3.56786e+08,blackkey_num,39774983,feedback,36,feedsumportion,0.545827,finger0,11,finger,15,time,309051,runTime,1523.25
line,25467249,total,0.00820106,total0,0.0767803,false,0.000460891,over,0.00161412,false0,0.0187531,over0,0.0656764,overaggr,0.00569203,overcuckoo,0.00250902,over_uai,0.00221037,over_uai,0.0564726,over_utai,0.00819256,over_utai,0.00904227,over_ai,0.00651723,over_ai,0.0100921,countIP,6.3239e+10,countIP0,6.75406e+10,keysum,6.27246e+10,pktSum,2.73405e+11,aggrSum,3.57031e+08,blackkey_num,40782110,feedback,36,feedsumportion,0.545827,finger0,11,finger,15,time,309051,runTime,1524.25
line,25483959,total,0.00819721,total0,0.0767809,false,0.000463813,over,0.0016252,false0,0.0188504,over0,0.0660519,overaggr,0.00568918,overcuckoo,0.00250803,over_uai,0.00517009,over_uai,0.0231391,over_utai,0.00819043,over_utai,0.00905214,over_ai,0.00651339,over_ai,0.010088,countIP,6.32778e+10,countIP0,6.75824e+10,keysum,6.27633e+10,pktSum,2.73582e+11,aggrSum,3.57072e+08,blackkey_num,42059823,feedback,36,feedsumportion,0.545827,finger0,11,finger,15,time,309051,runTime,1525.25
line,25500412,total,0.00819238,total0,0.0767684,false,0.000458465,over,0.00160292,false0,0.0188173,over0,0.0657904,overaggr,0.00568568,overcuckoo,0.0025067,over_uai,0.000646949,over_uai,0.00143684,over_utai,0.00818497,over_utai,0.00904575,over_ai,0.00650942,over_ai,0.0100814,countIP,6.33197e+10,countIP0,6.76266e+10,keysum,6.28052e+10,pktSum,2.7376e+11,aggrSum,3.5709e+08,blackkey_num,43089731,feedback,32,feedsumportion,0.829521,finger0,11,finger,15,time,308974,runTime,1526.25
line,25516494,total,0.0081874,total0,0.0767548,false,0.00045359,over,0.00158301,false0,0.0187695,over0,0.0655048,overaggr,0.00568199,overcuckoo,0.00250541,over_uai,0.000925614,over_uai,0.00128865,over_utai,0.00818053,over_utai,0.00903852,over_ai,0.006506,over_ai,0.0100736,countIP,6.33632e+10,countIP0,6.76726e+10,keysum,6.28486e+10,pktSum,2.73947e+11,aggrSum,3.57105e+08,blackkey_num,44203866,feedback,32,feedsumportion,0.829521,finger0,11,finger,15,time,308974,runTime,1527.25
line,25532756,total,0.00818273,total0,0.0767498,false,0.000449281,over,0.00156687,false0,0.0188138,over0,0.065613,overaggr,0.00567867,overcuckoo,0.00250406,over_uai,0.000835782,over_uai,0.00155132,over_utai,0.00817538,over_utai,0.00903259,over_ai,0.0065019,over_ai,0.0100678,countIP,6.34044e+10,countIP0,6.77165e+10,keysum,6.28898e+10,pktSum,2.74129e+11,aggrSum,3.5713e+08,blackkey_num,45816078,feedback,32,feedsumportion,0.829521,finger0,11,finger,15,time,308974,runTime,1528.25
line,25549183,total,0.0081788,total0,0.0767477,false,0.000445403,over,0.00156018,false0,0.0187862,over0,0.0658052,overaggr,0.00567594,overcuckoo,0.00250286,over_uai,0.000959737,over_uai,0.00208637,over_utai,0.00817036,over_utai,0.0090281,over_ai,0.00649843,over_ai,0.0100626,countIP,6.34404e+10,countIP0,6.77551e+10,keysum,6.29257e+10,pktSum,2.74312e+11,aggrSum,3.57163e+08,blackkey_num,50337561,feedback,32,feedsumportion,0.829521,finger0,11,finger,15,time,308974,runTime,1529.25
line,25565758,total,0.00817469,total0,0.0767467,false,0.000444838,over,0.00155793,false0,0.0188609,over0,0.0660555,overaggr,0.00567283,overcuckoo,0.00250186,over_uai,0.000773739,over_uai,0.00228667,over_utai,0.00816549,over_utai,0.00902344,over_ai,0.00649485,over_ai,0.0100572,countIP,6.34791e+10,countIP0,6.77967e+10,keysum,6.29644e+10,pktSum,2.74485e+11,aggrSum,3.57186e+08,blackkey_num,52275128,feedback,32,feedsumportion,0.829521,finger0,11,finger,15,time,308974,runTime,1530.25
line,25582436,total,0.00817108,total0,0.0767554,false,0.000448275,over,0.00157155,false0,0.0190245,over0,0.0666954,overaggr,0.00567003,overcuckoo,0.00250105,over_uai,0.00363949,over_uai,0.00406213,over_utai,0.00816228,over_utai,0.00902025,over_ai,0.00649092,over_ai,0.0100539,countIP,6.35166e+10,countIP0,6.78375e+10,keysum,6.30018e+10,pktSum,2.74658e+11,aggrSum,3.57222e+08,blackkey_num,53502661,feedback,32,feedsumportion,0.443863,finger0,11,finger,15,time,308699,runTime,1531.25
line,25598574,total,0.00816735,total0,0.0767671,false,0.00044963,over,0.00157939,false0,0.0191971,over0,0.0674323,overaggr,0.00566707,overcuckoo,0.00250028,over_uai,0.00319276,over_uai,0.0688313,over_utai,0.00815905,over_utai,0.00905673,over_ai,0.00648727,over_ai,0.0100494,countIP,6.35541e+10,countIP0,6.78786e+10,keysum,6.30392e+10,pktSum,2.74838e+11,aggrSum,3.57248e+08,blackkey_num,54553084,feedback,32,feedsumportion,0.443863,finger0,11,finger,15,time,308699,runTime,1532.25
line,25614909,total,0.00816409,total0,0.076767,false,0.000455949,over,0.001604,false0,0.0192301,over0,0.0676505,overaggr,0.0056646,overcuckoo,0.00249949,over_uai,0.002469,over_uai,0.00787752,over_utai,0.00815499,over_utai,0.00905581,over_ai,0.00648363,over_ai,0.0100467,countIP,6.35912e+10,countIP0,6.79184e+10,keysum,6.30762e+10,pktSum,2.75013e+11,aggrSum,3.57302e+08,blackkey_num,55734759,feedback,32,feedsumportion,0.443863,finger0,11,finger,15,time,308699,runTime,1533.25
line,25630957,total,0.0081606,total0,0.0767661,false,0.000457305,over,0.00161282,false0,0.0192295,over0,0.0678183,overaggr,0.00566191,overcuckoo,0.00249869,over_uai,0.00320658,over_uai,0.0030271,over_utai,0.00815144,over_utai,0.00905139,over_ai,0.00647988,over_ai,0.0100432,countIP,6.36269e+10,countIP0,6.79568e+10,keysum,6.31119e+10,pktSum,2.75188e+11,aggrSum,3.57334e+08,blackkey_num,56903839,feedback,32,feedsumportion,0.443863,finger0,11,finger,15,time,308699,runTime,1534.25
line,25647032,total,0.00815672,total0,0.0767675,false,0.000451873,over,0.00160082,false0,0.0192127,over0,0.0680633,overaggr,0.0056591,overcuckoo,0.00249763,over_uai,0.00892691,over_uai,0.00322084,over_utai,0.00815174,over_utai,0.0090472,over_ai,0.00647593,over_ai,0.0100397,countIP,6.36614e+10,countIP0,6.7994e+10,keysum,6.31464e+10,pktSum,2.7537e+11,aggrSum,3.57351e+08,blackkey_num,57790262,feedback,32,feedsumportion,0.443863,finger0,11,finger,15,time,308699,runTime,1535.25
line,25662871,total,0.00815262,total0,0.0767696,false,0.000447079,over,0.00158872,false0,0.01923,over0,0.0683349,overaggr,0.00565619,overcuckoo,0.00249643,over_uai,0.000927383,over_uai,0.00122028,over_utai,0.00814626,over_utai,0.00904171,over_ai,0.00647155,over_ai,0.0100364,countIP,6.36979e+10,countIP0,6.80334e+10,keysum,6.31828e+10,pktSum,2.75554e+11,aggrSum,3.57374e+08,blackkey_num,58962782,feedback,33,feedsumportion,0.674825,finger0,11,finger,15,time,310703,runTime,1536.25
line,25678856,total,0.00814813,total0,0.0767667,false,0.000442105,over,0.00157203,false0,0.0192419,over0,0.0684201,overaggr,0.00565291,overcuckoo,0.00249522,over_uai,0.000927399,over_uai,0.00202851,over_utai,0.00814106,over_utai,0.00903689,over_ai,0.00646725,over_ai,0.0100318,countIP,6.37369e+10,countIP0,6.80751e+10,keysum,6.32218e+10,pktSum,2.75735e+11,aggrSum,3.57387e+08,blackkey_num,60308548,feedback,33,feedsumportion,0.674825,finger0,11,finger,15,time,310703,runTime,1537.25
line,25694996,total,0.00814318,total0,0.0767592,false,0.000436771,over,0.001551,false0,0.0192477,over0,0.0683495,overaggr,0.00564936,overcuckoo,0.00249382,over_uai,0.000968641,over_uai,0.00163751,over_utai,0.00813575,over_utai,0.00903111,over_ai,0.00646277,over_ai,0.0100262,countIP,6.37789e+10,countIP0,6.81198e+10,keysum,6.32638e+10,pktSum,2.75918e+11,aggrSum,3.574e+08,blackkey_num,61580773,feedback,33,feedsumportion,0.674825,finger0,11,finger,15,time,310703,runTime,1538.25
line,25711128,total,0.0081391,total0,0.0767631,false,0.000431604,over,0.00153693,false0,0.01928,over0,0.0686556,overaggr,0.00564648,overcuckoo,0.00249263,over_uai,0.00129192,over_uai,0.00131131,over_utai,0.00813163,over_utai,0.00902526,over_ai,0.0064592,over_ai,0.0100212,countIP,6.38143e+10,countIP0,6.81582e+10,keysum,6.32991e+10,pktSum,2.76096e+11,aggrSum,3.57417e+08,blackkey_num,62805067,feedback,33,feedsumportion,0.674825,finger0,11,finger,15,time,310703,runTime,1539.25
line,25727229,total,0.00813462,total0,0.0767624,false,0.000427052,over,0.00152037,false0,0.0193257,over0,0.0688022,overaggr,0.00564341,overcuckoo,0.00249121,over_uai,0.00136841,over_uai,0.00110325,over_utai,0.00812732,over_utai,0.00901953,over_ai,0.00645547,over_ai,0.0100151,countIP,6.38528e+10,countIP0,6.81996e+10,keysum,6.33376e+10,pktSum,2.7627e+11,aggrSum,3.5744e+08,blackkey_num,63735583,feedback,33,feedsumportion,0.674825,finger0,11,finger,15,time,310703,runTime,1540.25
line,25743358,total,0.00813038,total0,0.0767613,false,0.000425375,over,0.00151348,false0,0.0193736,over0,0.0689312,overaggr,0.00564041,overcuckoo,0.00248997,over_uai,0.0054884,over_uai,0.0237456,over_utai,0.00812535,over_utai,0.00902846,over_ai,0.00645147,over_ai,0.01001,countIP,6.38916e+10,countIP0,6.82412e+10,keysum,6.33764e+10,pktSum,2.76443e+11,aggrSum,3.57469e+08,blackkey_num,65093136,feedback,32,feedsumportion,0.457205,finger0,11,finger,15,time,309837,runTime,1541.25
line,25759559,total,0.00813034,total0,0.0767652,false,0.000460006,over,0.00163841,false0,0.0194322,over0,0.0692119,overaggr,0.00564155,overcuckoo,0.00248879,over_uai,0.00681393,over_uai,0.03898,over_utai,0.00812361,over_utai,0.00904541,over_ai,0.00644749,over_ai,0.0100159,countIP,6.39279e+10,countIP0,6.82803e+10,keysum,6.34124e+10,pktSum,2.76614e+11,aggrSum,3.57744e+08,blackkey_num,66240900,feedback,32,feedsumportion,0.457205,finger0,11,finger,15,time,309837,runTime,1542.25
line,25775630,total,0.00812642,total0,0.076761,false,0.000458373,over,0.00163424,false0,0.019414,over0,0.0692168,overaggr,0.00563898,overcuckoo,0.00248744,over_uai,0.00942803,over_uai,0.0211559,over_utai,0.00812379,over_utai,0.00905388,over_ai,0.00644377,over_ai,0.0100113,countIP,6.3965e+10,countIP0,6.83198e+10,keysum,6.34494e+10,pktSum,2.7679e+11,aggrSum,3.5779e+08,blackkey_num,67255295,feedback,32,feedsumportion,0.457205,finger0,11,finger,15,time,309837,runTime,1543.25
line,25792921,total,0.00812246,total0,0.0767594,false,0.00045578,over,0.00162539,false0,0.0194342,over0,0.0693057,overaggr,0.00563625,overcuckoo,0.0024862,over_uai,0.0055468,over_uai,0.025471,over_utai,0.00812206,over_utai,0.00906411,over_ai,0.00644048,over_ai,0.0100063,countIP,6.40012e+10,countIP0,6.83586e+10,keysum,6.34855e+10,pktSum,2.76957e+11,aggrSum,3.57821e+08,blackkey_num,68509852,feedback,32,feedsumportion,0.457205,finger0,11,finger,15,time,309837,runTime,1544.25
line,25809782,total,0.00811913,total0,0.0767668,false,0.000456224,over,0.00163091,false0,0.0194887,over0,0.0696683,overaggr,0.00563364,overcuckoo,0.00248549,over_uai,0.010797,over_uai,0.028114,over_utai,0.00812306,over_utai,0.00907574,over_ai,0.00643706,over_ai,0.0100027,countIP,6.40355e+10,countIP0,6.83959e+10,keysum,6.35197e+10,pktSum,2.7713e+11,aggrSum,3.57847e+08,blackkey_num,69524026,feedback,32,feedsumportion,0.457205,finger0,11,finger,15,time,309837,runTime,1545.25
line,25826505,total,0.00811502,total0,0.0767734,false,0.000452439,over,0.00161883,false0,0.0195647,over0,0.0700027,overaggr,0.00563082,overcuckoo,0.0024842,over_uai,0.000876553,over_uai,0.00102203,over_utai,0.00811792,over_utai,0.00906986,over_ai,0.00643366,over_ai,0.00999697,countIP,6.4072e+10,countIP0,6.84357e+10,keysum,6.35562e+10,pktSum,2.77304e+11,aggrSum,3.57874e+08,blackkey_num,70820546,feedback,37,feedsumportion,0.828013,finger0,11,finger,15,time,309115,runTime,1546.25
line,25843295,total,0.00811063,total0,0.0767733,false,0.000448324,over,0.00160378,false0,0.0196024,over0,0.0701232,overaggr,0.00562776,overcuckoo,0.00248287,over_uai,0.00085275,over_uai,0.000950635,over_utai,0.00811265,over_utai,0.00906363,over_ai,0.00643022,over_ai,0.00999052,countIP,6.41102e+10,countIP0,6.84767e+10,keysum,6.35944e+10,pktSum,2.77477e+11,aggrSum,3.57894e+08,blackkey_num,74607392,feedback,37,feedsumportion,0.828013,finger0,11,finger,15,time,309115,runTime,1547.25
line,25860415,total,0.00810648,total0,0.0767712,false,0.000445072,over,0.00159307,false0,0.0196061,over0,0.0701769,overaggr,0.00562485,overcuckoo,0.00248163,over_uai,0.00100899,over_uai,0.00111715,over_utai,0.00810786,over_utai,0.00905745,over_ai,0.00642659,over_ai,0.00998518,countIP,6.41473e+10,countIP0,6.85165e+10,keysum,6.36315e+10,pktSum,2.77651e+11,aggrSum,3.57917e+08,blackkey_num,76886257,feedback,37,feedsumportion,0.828013,finger0,11,finger,15,time,309115,runTime,1548.25
line,25876724,total,0.00810193,total0,0.0767698,false,0.000441397,over,0.00157849,false0,0.0196464,over0,0.0702582,overaggr,0.00562166,overcuckoo,0.00248027,over_uai,0.00105757,over_uai,0.000996238,over_utai,0.0081034,over_utai,0.00905083,over_ai,0.00642304,over_ai,0.00997834,countIP,6.4187e+10,countIP0,6.85592e+10,keysum,6.36712e+10,pktSum,2.77826e+11,aggrSum,3.57938e+08,blackkey_num,77969644,feedback,37,feedsumportion,0.828013,finger0,11,finger,15,time,309115,runTime,1549.25
line,25892899,total,0.00809786,total0,0.0767662,false,0.000438344,over,0.00156852,false0,0.0196355,over0,0.0702615,overaggr,0.00561872,overcuckoo,0.00247914,over_uai,0.00108895,over_uai,0.00109789,over_utai,0.00809871,over_utai,0.0090451,over_ai,0.00641982,over_ai,0.00997251,countIP,6.42234e+10,countIP0,6.85981e+10,keysum,6.37075e+10,pktSum,2.77997e+11,aggrSum,3.57955e+08,blackkey_num,79200157,feedback,37,feedsumportion,0.828013,finger0,11,finger,15,time,309115,runTime,1550.25
line,25909052,total,0.00809363,total0,0.0767967,false,0.000437183,over,0.00156312,false0,0.0199279,over0,0.071251,overaggr,0.00561585,overcuckoo,0.00247778,over_uai,0.00143004,over_uai,0.00322065,over_utai,0.00809408,over_utai,0.0090411,over_ai,0.00641662,over_ai,0.00996637,countIP,6.4263e+10,countIP0,6.86426e+10,keysum,6.37471e+10,pktSum,2.78172e+11,aggrSum,3.57994e+08,blackkey_num,80308415,feedback,38,feedsumportion,0.412795,finger0,11,finger,15,time,369387,runTime,1551.25
line,25925673,total,0.00808914,total0,0.0767922,false,0.000433598,over,0.00154928,false0,0.0199326,over0,0.0712208,overaggr,0.00561274,overcuckoo,0.0024764,over_uai,0.00080832,over_uai,0.00305514,over_utai,0.00808932,over_utai,0.00903651,over_ai,0.00641319,over_ai,0.00995998,countIP,6.43021e+10,countIP0,6.86844e+10,keysum,6.37861e+10,pktSum,2.78345e+11,aggrSum,3.58015e+08,blackkey_num,81527571,feedback,38,feedsumportion,0.412795,finger0,11,finger,15,time,369387,runTime,1552.25
line,25941878,total,0.00808495,total0,0.0767889,false,0.000430647,over,0.00153982,false0,0.0199184,over0,0.0712204,overaggr,0.00560989,overcuckoo,0.00247506,over_uai,0.00100343,over_uai,0.00219344,over_utai,0.00808492,over_utai,0.00903064,over_ai,0.00641004,over_ai,0.00995388,countIP,6.43397e+10,countIP0,6.87246e+10,keysum,6.38237e+10,pktSum,2.78522e+11,aggrSum,3.58044e+08,blackkey_num,82622151,feedback,38,feedsumportion,0.412795,finger0,11,finger,15,time,369387,runTime,1553.25
line,25958109,total,0.00808086,total0,0.076792,false,0.000427546,over,0.00152926,false0,0.0199591,over0,0.0713904,overaggr,0.00560702,overcuckoo,0.00247384,over_uai,0.000748567,over_uai,0.00280553,over_utai,0.00807997,over_utai,0.00902665,over_ai,0.00640627,over_ai,0.00994931,countIP,6.43758e+10,countIP0,6.87637e+10,keysum,6.38598e+10,pktSum,2.7869e+11,aggrSum,3.58063e+08,blackkey_num,83914681,feedback,38,feedsumportion,0.412795,finger0,11,finger,15,time,369387,runTime,1554.25
line,25974156,total,0.00807717,total0,0.0767924,false,0.000423754,over,0.00152042,false0,0.0199208,over0,0.0714756,overaggr,0.00560449,overcuckoo,0.00247269,over_uai,0.000999105,over_uai,0.00156982,over_utai,0.00807539,over_utai,0.00902205,over_ai,0.00640282,over_ai,0.00994525,countIP,6.44087e+10,countIP0,6.87991e+10,keysum,6.38926e+10,pktSum,2.78867e+11,aggrSum,3.58085e+08,blackkey_num,85583526,feedback,38,feedsumportion,0.412795,finger0,11,finger,15,time,369387,runTime,1555.25
line,25990778,total,0.00807343,total0,0.0768303,false,0.000421799,over,0.00151554,false0,0.0201946,over0,0.0725598,overaggr,0.00560172,overcuckoo,0.00247171,over_uai,0.00195874,over_uai,0.0789841,over_utai,0.0080715,over_utai,0.00906224,over_ai,0.00639978,over_ai,0.00994027,countIP,6.44434e+10,countIP0,6.88389e+10,keysum,6.39273e+10,pktSum,2.79038e+11,aggrSum,3.58103e+08,blackkey_num,86853331,feedback,30,feedsumportion,0.595848,finger0,11,finger,15,time,406835,runTime,1556.25
line,26007774,total,0.00807043,total0,0.0768317,false,0.000425157,over,0.0015304,false0,0.0201851,over0,0.0726586,overaggr,0.00559975,overcuckoo,0.00247068,over_uai,0.00259497,over_uai,0.066334,over_utai,0.00806747,over_utai,0.00909593,over_ai,0.00639758,over_ai,0.00993586,countIP,6.44782e+10,countIP0,6.88763e+10,keysum,6.3962e+10,pktSum,2.79214e+11,aggrSum,3.58171e+08,blackkey_num,88128550,feedback,30,feedsumportion,0.595848,finger0,11,finger,15,time,406835,runTime,1557.25
line,26024457,total,0.00806807,total0,0.0768249,false,0.000438004,over,0.00157494,false0,0.020177,over0,0.0725508,overaggr,0.00559858,overcuckoo,0.00246949,over_uai,0.00546917,over_uai,0.0692774,over_utai,0.00806518,over_utai,0.00913916,over_ai,0.00639737,over_ai,0.00992989,countIP,6.45184e+10,countIP0,6.8919e+10,keysum,6.4002e+10,pktSum,2.79388e+11,aggrSum,3.58321e+08,blackkey_num,89701351,feedback,30,feedsumportion,0.595848,finger0,11,finger,15,time,406835,runTime,1558.25
line,26041140,total,0.00806608,total0,0.0768438,false,0.000455791,over,0.00163481,false0,0.0203815,over0,0.0731034,overaggr,0.00559795,overcuckoo,0.00246813,over_uai,0.00100827,over_uai,0.0674278,over_utai,0.00806014,over_utai,0.00918468,over_ai,0.00639389,over_ai,0.00992931,countIP,6.45615e+10,countIP0,6.89663e+10,keysum,6.40449e+10,pktSum,2.79563e+11,aggrSum,3.5852e+08,blackkey_num,91061696,feedback,30,feedsumportion,0.595848,finger0,11,finger,15,time,406835,runTime,1559.25
line,26058156,total,0.0080614,total0,0.0768415,false,0.000453632,over,0.00162359,false0,0.0204259,over0,0.073106,overaggr,0.00559457,overcuckoo,0.00246684,over_uai,0.00116881,over_uai,0.0666034,over_utai,0.00805549,over_utai,0.00922524,over_ai,0.00639017,over_ai,0.00992263,countIP,6.46037e+10,countIP0,6.90116e+10,keysum,6.4087e+10,pktSum,2.79736e+11,aggrSum,3.58539e+08,blackkey_num,92492983,feedback,30,feedsumportion,0.595848,finger0,11,finger,15,time,406835,runTime,1560.25
line,26074824,total,0.00805752,total0,0.0768547,false,0.000452505,over,0.00161968,false0,0.0205307,over0,0.0734868,overaggr,0.0055916,overcuckoo,0.00246592,over_uai,0.00310819,over_uai,0.00305053,over_utai,0.0080519,over_utai,0.00922061,over_ai,0.00638661,over_ai,0.00991799,countIP,6.46408e+10,countIP0,6.90524e+10,keysum,6.41241e+10,pktSum,2.79907e+11,aggrSum,3.58557e+08,blackkey_num,93622520,feedback,31,feedsumportion,0.881651,finger0,11,finger,15,time,304502,runTime,1561.25
line,26091206,total,0.00805313,total0,0.0768629,false,0.000451873,over,0.00161529,false0,0.0206279,over0,0.0737377,overaggr,0.00558839,overcuckoo,0.00246473,over_uai,0.0029303,over_uai,0.00394129,over_utai,0.00804831,over_utai,0.00921635,over_ai,0.00638296,over_ai,0.00991192,countIP,6.46829e+10,countIP0,6.90981e+10,keysum,6.41661e+10,pktSum,2.80087e+11,aggrSum,3.58586e+08,blackkey_num,94943973,feedback,31,feedsumportion,0.881651,finger0,11,finger,15,time,304502,runTime,1562.25
line,26107782,total,0.00804962,total0,0.0768635,false,0.000456689,over,0.00163133,false0,0.0206605,over0,0.0738008,overaggr,0.00558506,overcuckoo,0.00246457,over_uai,0.00354083,over_uai,0.0045303,over_utai,0.00804495,over_utai,0.00921258,over_ai,0.00637929,over_ai,0.00990784,countIP,6.47246e+10,countIP0,6.9143e+10,keysum,6.42077e+10,pktSum,2.8027e+11,aggrSum,3.58604e+08,blackkey_num,95938451,feedback,31,feedsumportion,0.881651,finger0,11,finger,15,time,304502,runTime,1563.25
line,26124026,total,0.00804464,total0,0.0768948,false,0.000453635,over,0.00161742,false0,0.0209196,over0,0.0745879,overaggr,0.00558158,overcuckoo,0.00246306,over_uai,0.00298996,over_uai,0.00193749,over_utai,0.00804135,over_utai,0.00920658,over_ai,0.00637533,over_ai,0.00990093,countIP,6.47686e+10,countIP0,6.91924e+10,keysum,6.42517e+10,pktSum,2.80453e+11,aggrSum,3.58626e+08,blackkey_num,97210748,feedback,31,feedsumportion,0.881651,finger0,11,finger,15,time,304502,runTime,1564.25
line,26140606,total,0.00804187,total0,0.0769082,false,0.000457741,over,0.00163428,false0,0.0209866,over0,0.0749287,overaggr,0.00557887,overcuckoo,0.002463,over_uai,0.00425131,over_uai,0.00507168,over_utai,0.00803875,over_utai,0.0092037,over_ai,0.00637164,over_ai,0.0098995,countIP,6.48037e+10,countIP0,6.92309e+10,keysum,6.42867e+10,pktSum,2.80626e+11,aggrSum,3.58647e+08,blackkey_num,98636401,feedback,31,feedsumportion,0.881651,finger0,11,finger,15,time,304502,runTime,1565.25
line,26157219,total,0.00803925,total0,0.0769144,false,0.000461196,over,0.00164983,false0,0.0209921,over0,0.0750946,overaggr,0.00557698,overcuckoo,0.00246227,over_uai,0.00331063,over_uai,0.0174184,over_utai,0.00803572,over_utai,0.00920835,over_ai,0.00636988,over_ai,0.00989537,countIP,6.48369e+10,countIP0,6.92669e+10,keysum,6.43198e+10,pktSum,2.80797e+11,aggrSum,3.5871e+08,blackkey_num,99972498,feedback,33,feedsumportion,0.489974,finger0,11,finger,15,time,305275,runTime,1566.25
line,26173786,total,0.00803589,total0,0.0769295,false,0.000464024,over,0.00165955,false0,0.0210999,over0,0.0754621,overaggr,0.00557488,overcuckoo,0.00246101,over_uai,0.00169632,over_uai,0.0148345,over_utai,0.0080318,over_utai,0.00921174,over_ai,0.00636661,over_ai,0.00989157,countIP,6.48751e+10,countIP0,6.9309e+10,keysum,6.4358e+10,pktSum,2.80969e+11,aggrSum,3.58788e+08,blackkey_num,101023641,feedback,33,feedsumportion,0.489974,finger0,11,finger,15,time,305275,runTime,1567.25
line,26190571,total,0.00803201,total0,0.0769301,false,0.000463742,over,0.00165839,false0,0.0211111,over0,0.0754954,overaggr,0.00557195,overcuckoo,0.00246005,over_uai,0.00048656,over_uai,0.00630913,over_utai,0.0080274,over_utai,0.00920952,over_ai,0.00636318,over_ai,0.00988681,countIP,6.49139e+10,countIP0,6.93507e+10,keysum,6.43966e+10,pktSum,2.81145e+11,aggrSum,3.58815e+08,blackkey_num,102130211,feedback,33,feedsumportion,0.489974,finger0,11,finger,15,time,305275,runTime,1568.25
line,26207242,total,0.00802821,total0,0.0769681,false,0.000465761,over,0.00166391,false0,0.0213738,over0,0.0763569,overaggr,0.00556883,overcuckoo,0.00245938,over_uai,0.00630621,over_uai,0.0143754,over_utai,0.00802613,over_utai,0.00921338,over_ai,0.00635997,over_ai,0.00988105,countIP,6.49548e+10,countIP0,6.93971e+10,keysum,6.44375e+10,pktSum,2.81322e+11,aggrSum,3.58841e+08,blackkey_num,103343333,feedback,33,feedsumportion,0.489974,finger0,11,finger,15,time,305275,runTime,1569.25
line,26223560,total,0.00802362,total0,0.0769847,false,0.000463484,over,0.00165483,false0,0.0214893,over0,0.0767258,overaggr,0.00556546,overcuckoo,0.00245816,over_uai,0.0395465,over_uai,0.0162525,over_utai,0.0080443,over_utai,0.00921844,over_ai,0.00635636,over_ai,0.00987424,countIP,6.49972e+10,countIP0,6.94438e+10,keysum,6.44798e+10,pktSum,2.81509e+11,aggrSum,3.5886e+08,blackkey_num,104189776,feedback,33,feedsumportion,0.489974,finger0,11,finger,15,time,305275,runTime,1570.25
line,26240183,total,0.00802071,total0,0.0770052,false,0.000466577,over,0.00166764,false0,0.0215915,over0,0.0771725,overaggr,0.00556266,overcuckoo,0.00245805,over_uai,0.00162418,over_uai,0.00465655,over_utai,0.00804045,over_utai,0.00921543,over_ai,0.00635325,over_ai,0.0098712,countIP,6.50328e+10,countIP0,6.94833e+10,keysum,6.45153e+10,pktSum,2.81683e+11,aggrSum,3.58876e+08,blackkey_num,105661931,feedback,34,feedsumportion,0.751832,finger0,11,finger,15,time,307016,runTime,1571.25
line,26256749,total,0.00801726,total0,0.0770253,false,0.000465362,over,0.0016661,false0,0.0216746,over0,0.0775996,overaggr,0.00556033,overcuckoo,0.00245693,over_uai,0.00355227,over_uai,0.00229211,over_utai,0.00803791,over_utai,0.00921096,over_ai,0.00635067,over_ai,0.00986636,countIP,6.50671e+10,countIP0,6.95216e+10,keysum,6.45496e+10,pktSum,2.81858e+11,aggrSum,3.58917e+08,blackkey_num,106868020,feedback,34,feedsumportion,0.751832,finger0,11,finger,15,time,307016,runTime,1572.25
line,26273068,total,0.00801332,total0,0.0770412,false,0.000461933,over,0.00165572,false0,0.0217414,over0,0.077928,overaggr,0.00555756,overcuckoo,0.00245576,over_uai,0.00453785,over_uai,0.00314662,over_utai,0.00803576,over_utai,0.00920674,over_ai,0.00634753,over_ai,0.00986079,countIP,6.51022e+10,countIP0,6.95604e+10,keysum,6.45847e+10,pktSum,2.82031e+11,aggrSum,3.58933e+08,blackkey_num,108038356,feedback,34,feedsumportion,0.751832,finger0,11,finger,15,time,307016,runTime,1573.25
line,26289315,total,0.00800942,total0,0.0770373,false,0.00045986,over,0.001649,false0,0.0217066,over0,0.0778369,overaggr,0.00555463,overcuckoo,0.00245479,over_uai,0.00222162,over_uai,0.00540075,over_utai,0.00803208,over_utai,0.00920447,over_ai,0.00634397,over_ai,0.00985642,countIP,6.51386e+10,countIP0,6.95993e+10,keysum,6.4621e+10,pktSum,2.82202e+11,aggrSum,3.58946e+08,blackkey_num,109078508,feedback,34,feedsumportion,0.751832,finger0,11,finger,15,time,307016,runTime,1574.25
line,26306042,total,0.00800588,total0,0.077042,false,0.000459225,over,0.00164745,false0,0.0217214,over0,0.0779245,overaggr,0.00555195,overcuckoo,0.00245393,over_uai,0.00211697,over_uai,0.00309843,over_utai,0.00802865,over_utai,0.00920036,over_ai,0.00634086,over_ai,0.00985158,countIP,6.5174e+10,countIP0,6.96376e+10,keysum,6.46563e+10,pktSum,2.82369e+11,aggrSum,3.58969e+08,blackkey_num,110084199,feedback,34,feedsumportion,0.751832,finger0,11,finger,15,time,307016,runTime,1575.25
line,26322843,total,0.00800349,total0,0.07704,false,0.000464724,over,0.00166877,false0,0.0216864,over0,0.0778736,overaggr,0.00555052,overcuckoo,0.00245296,over_uai,0.00434795,over_uai,0.00398924,over_utai,0.0080264,over_utai,0.00919712,over_ai,0.00633989,over_ai,0.00984692,countIP,6.5209e+10,countIP0,6.96751e+10,keysum,6.46913e+10,pktSum,2.82541e+11,aggrSum,3.5907e+08,blackkey_num,111197143,feedback,35,feedsumportion,0.53793,finger0,11,finger,15,time,313995,runTime,1576.25
line,26339193,total,0.00800166,total0,0.0770521,false,0.000469892,over,0.00169168,false0,0.0216964,over0,0.0781105,overaggr,0.00554939,overcuckoo,0.00245227,over_uai,0.00434077,over_uai,0.00751356,over_utai,0.00802429,over_utai,0.00919594,over_ai,0.00633924,over_ai,0.0098434,countIP,6.52394e+10,countIP0,6.97084e+10,keysum,6.47215e+10,pktSum,2.82709e+11,aggrSum,3.59165e+08,blackkey_num,112224500,feedback,35,feedsumportion,0.53793,finger0,11,finger,15,time,313995,runTime,1577.25
line,26355825,total,0.0079996,total0,0.0770469,false,0.000476645,over,0.00171801,false0,0.0216389,over0,0.0779951,overaggr,0.00554807,overcuckoo,0.00245153,over_uai,0.00444837,over_uai,0.00449404,over_utai,0.00802192,over_utai,0.00919245,over_ai,0.00633827,over_ai,0.00983967,countIP,6.52742e+10,countIP0,6.97454e+10,keysum,6.47561e+10,pktSum,2.82882e+11,aggrSum,3.59272e+08,blackkey_num,113316510,feedback,35,feedsumportion,0.53793,finger0,11,finger,15,time,313995,runTime,1578.25
line,26372843,total,0.00799693,total0,0.0770361,false,0.000483787,over,0.00174177,false0,0.0216009,over0,0.0777696,overaggr,0.00554651,overcuckoo,0.00245042,over_uai,0.00432215,over_uai,0.00428575,over_utai,0.00801927,over_utai,0.0091889,over_ai,0.00633706,over_ai,0.00983465,countIP,6.53142e+10,countIP0,6.97877e+10,keysum,6.4796e+10,pktSum,2.83052e+11,aggrSum,3.59392e+08,blackkey_num,114377037,feedback,35,feedsumportion,0.53793,finger0,11,finger,15,time,313995,runTime,1579.25
line,26389734,total,0.00799993,total0,0.0770192,false,0.000521781,over,0.00187635,false0,0.0215318,over0,0.0774295,overaggr,0.00554478,overcuckoo,0.00245515,over_uai,0.00402004,over_uai,0.0203886,over_utai,0.00801633,over_utai,0.00919602,over_ai,0.00633563,over_ai,0.00984405,countIP,6.53549e+10,countIP0,6.98298e+10,keysum,6.48362e+10,pktSum,2.83223e+11,aggrSum,3.59502e+08,blackkey_num,115308057,feedback,35,feedsumportion,0.53793,finger0,11,finger,15,time,313995,runTime,1580.25
line,26406416,total,0.00799854,total0,0.0770049,false,0.00053406,over,0.00192009,false0,0.0214583,over0,0.0771485,overaggr,0.00554365,overcuckoo,0.00245489,over_uai,0.00349871,over_uai,0.0276457,over_utai,0.00801315,over_utai,0.00920731,over_ai,0.00633196,over_ai,0.00984582,countIP,6.53938e+10,countIP0,6.98706e+10,keysum,6.48749e+10,pktSum,2.83398e+11,aggrSum,3.59643e+08,blackkey_num,116344264,feedback,32,feedsumportion,0.910894,finger0,11,finger,15,time,301032,runTime,1581.25
line,26423650,total,0.00799853,total0,0.0769993,false,0.00055365,over,0.00198985,false0,0.0214351,over0,0.077039,overaggr,0.0055438,overcuckoo,0.00245473,over_uai,0.00233184,over_uai,0.0262686,over_utai,0.00800913,over_utai,0.00921839,over_ai,0.00632813,over_ai,0.00985108,countIP,6.54331e+10,countIP0,6.99122e+10,keysum,6.49139e+10,pktSum,2.83573e+11,aggrSum,3.5987e+08,blackkey_num,117062692,feedback,32,feedsumportion,0.910894,finger0,11,finger,15,time,301032,runTime,1582.25
line,26440624,total,0.00799769,total0,0.0769919,false,0.000569103,over,0.00204447,false0,0.0214057,over0,0.0768988,overaggr,0.00554298,overcuckoo,0.00245471,over_uai,0.00288997,over_uai,0.0243978,over_utai,0.00800519,over_utai,0.00922787,over_ai,0.0063243,over_ai,0.00985426,countIP,6.54736e+10,countIP0,6.99551e+10,keysum,6.49541e+10,pktSum,2.83753e+11,aggrSum,3.6004e+08,blackkey_num,117894269,feedback,32,feedsumportion,0.910894,finger0,11,finger,15,time,301032,runTime,1583.25
line,26457466,total,0.00800062,total0,0.0769974,false,0.000599932,over,0.00215936,false0,0.0213937,over0,0.0770034,overaggr,0.0055462,overcuckoo,0.00245441,over_uai,0.0035354,over_uai,0.0334529,over_utai,0.00800223,over_utai,0.0092437,over_ai,0.00632094,over_ai,0.00986588,countIP,6.5509e+10,countIP0,6.99931e+10,keysum,6.49891e+10,pktSum,2.83937e+11,aggrSum,3.60443e+08,blackkey_num,118624038,feedback,32,feedsumportion,0.910894,finger0,11,finger,15,time,301032,runTime,1584.25
line,26474286,total,0.00800369,total0,0.076991,false,0.000633791,over,0.00228044,false0,0.0213679,over0,0.0768836,overaggr,0.00554931,overcuckoo,0.00245438,over_uai,0.00366302,over_uai,0.0364344,over_utai,0.00799928,over_utai,0.00926035,over_ai,0.00631734,over_ai,0.00987832,countIP,6.5548e+10,countIP0,7.0034e+10,keysum,6.50275e+10,pktSum,2.84109e+11,aggrSum,3.60858e+08,blackkey_num,119398472,feedback,32,feedsumportion,0.910894,finger0,11,finger,15,time,301032,runTime,1585.25
line,26491354,total,0.00800312,total0,0.0769918,false,0.000646603,over,0.00232832,false0,0.0213558,over0,0.076899,overaggr,0.00554966,overcuckoo,0.00245346,over_uai,0.00629865,over_uai,0.00802008,over_utai,0.00799778,over_utai,0.00925918,over_ai,0.0063176,over_ai,0.00987602,countIP,6.55843e+10,countIP0,7.00729e+10,keysum,6.50636e+10,pktSum,2.84285e+11,aggrSum,3.61081e+08,blackkey_num,120044330,feedback,47,feedsumportion,0.8973,finger0,11,finger,15,time,304539,runTime,1586.25
line,26508481,total,0.00800277,total0,0.0769837,false,0.000660398,over,0.00237913,false0,0.021305,over0,0.0767528,overaggr,0.00555041,overcuckoo,0.00245236,over_uai,0.00823008,over_uai,0.00708139,over_utai,0.00799742,over_utai,0.00925759,over_ai,0.00631811,over_ai,0.00987338,countIP,6.56206e+10,countIP0,7.01113e+10,keysum,6.50997e+10,pktSum,2.84457e+11,aggrSum,3.6133e+08,blackkey_num,120882799,feedback,47,feedsumportion,0.8973,finger0,11,finger,15,time,304539,runTime,1587.25
line,26525477,total,0.00800199,total0,0.0769656,false,0.000676188,over,0.00243168,false0,0.0212532,over0,0.0764299,overaggr,0.005551,overcuckoo,0.00245099,over_uai,0.0119406,over_uai,0.00414089,over_utai,0.00799939,over_utai,0.00925384,over_ai,0.00632036,over_ai,0.00986742,countIP,6.56637e+10,countIP0,7.01562e+10,keysum,6.51424e+10,pktSum,2.84631e+11,aggrSum,3.61606e+08,blackkey_num,121486441,feedback,47,feedsumportion,0.8973,finger0,11,finger,15,time,304539,runTime,1588.25
line,26541934,total,0.00800103,total0,0.0769625,false,0.000688733,over,0.00247515,false0,0.0212535,over0,0.0763803,overaggr,0.00555114,overcuckoo,0.00244989,over_uai,0.016493,over_uai,0.0031274,over_utai,0.00800387,over_utai,0.00924893,over_ai,0.00632174,over_ai,0.00986201,countIP,6.57038e+10,countIP0,7.01989e+10,keysum,6.51823e+10,pktSum,2.84805e+11,aggrSum,3.61836e+08,blackkey_num,122235584,feedback,47,feedsumportion,0.8973,finger0,11,finger,15,time,304539,runTime,1589.25
line,26558729,total,0.00800133,total0,0.0769589,false,0.000706429,over,0.00253811,false0,0.0212427,over0,0.0763226,overaggr,0.0055525,overcuckoo,0.00244883,over_uai,0.0147651,over_uai,0.00683909,over_utai,0.00800702,over_utai,0.00924709,over_ai,0.00632511,over_ai,0.00985662,countIP,6.57427e+10,countIP0,7.02402e+10,keysum,6.52208e+10,pktSum,2.84979e+11,aggrSum,3.62139e+08,blackkey_num,123281815,feedback,47,feedsumportion,0.8973,finger0,11,finger,15,time,304539,runTime,1590.25
line,26575413,total,0.0079975,total0,0.0769565,false,0.00070209,over,0.00252433,false0,0.0212176,over0,0.0762866,overaggr,0.00554971,overcuckoo,0.00244779,over_uai,0.0141985,over_uai,0.00365423,over_utai,0.00801013,over_utai,0.00924296,over_ai,0.00632193,over_ai,0.00985148,countIP,6.5779e+10,countIP0,7.02791e+10,keysum,6.52571e+10,pktSum,2.85155e+11,aggrSum,3.62158e+08,blackkey_num,124419934,feedback,45,feedsumportion,0.879892,finger0,11,finger,15,time,309739,runTime,1591.25
line,26592169,total,0.00799321,total0,0.0769524,false,0.000697596,over,0.00250741,false0,0.0212062,over0,0.0762228,overaggr,0.00554669,overcuckoo,0.00244652,over_uai,0.0134311,over_uai,0.00663657,over_utai,0.00801277,over_utai,0.00924091,over_ai,0.00631873,over_ai,0.0098451,countIP,6.58186e+10,countIP0,7.03214e+10,keysum,6.52967e+10,pktSum,2.85333e+11,aggrSum,3.6218e+08,blackkey_num,125461048,feedback,45,feedsumportion,0.879892,finger0,11,finger,15,time,309739,runTime,1592.25
line,26608806,total,0.00798914,total0,0.0769572,false,0.000693751,over,0.00249343,false0,0.0212327,over0,0.0763129,overaggr,0.00554379,overcuckoo,0.00244535,over_uai,0.0166562,over_uai,0.00645228,over_utai,0.00801723,over_utai,0.0092386,over_ai,0.00631556,over_ai,0.00983922,countIP,6.58574e+10,countIP0,7.03634e+10,keysum,6.53354e+10,pktSum,2.8551e+11,aggrSum,3.62206e+08,blackkey_num,126788565,feedback,45,feedsumportion,0.879892,finger0,11,finger,15,time,309739,runTime,1593.25
line,26625380,total,0.00798549,total0,0.0769554,false,0.000692795,over,0.00248873,false0,0.0212369,over0,0.0762893,overaggr,0.0055408,overcuckoo,0.00244469,over_uai,0.0159275,over_uai,0.00817628,over_utai,0.00802155,over_utai,0.00923741,over_ai,0.00631198,over_ai,0.00983488,countIP,6.58976e+10,countIP0,7.04066e+10,keysum,6.53756e+10,pktSum,2.85688e+11,aggrSum,3.62233e+08,blackkey_num,127869081,feedback,45,feedsumportion,0.879892,finger0,11,finger,15,time,309739,runTime,1594.25
line,26641626,total,0.00798262,total0,0.0769446,false,0.000694181,over,0.00249443,false0,0.0211821,over0,0.0761143,overaggr,0.00553792,overcuckoo,0.0024447,over_uai,0.0146954,over_uai,0.0113559,over_utai,0.00802528,over_utai,0.00923884,over_ai,0.00630852,over_ai,0.00983273,countIP,6.59359e+10,countIP0,7.0447e+10,keysum,6.54138e+10,pktSum,2.85867e+11,aggrSum,3.62256e+08,blackkey_num,128985087,feedback,45,feedsumportion,0.879892,finger0,11,finger,15,time,309739,runTime,1595.25
line,26658248,total,0.00798686,total0,0.076975,false,0.000729184,over,0.00261961,false0,0.02133,over0,0.0766285,overaggr,0.00554125,overcuckoo,0.00244561,over_uai,0.00383589,over_uai,0.0516218,over_utai,0.00802265,over_utai,0.0092633,over_ai,0.00630498,over_ai,0.00984788,countIP,6.59756e+10,countIP0,7.0491e+10,keysum,6.54528e+10,pktSum,2.86043e+11,aggrSum,3.6269e+08,blackkey_num,129859921,feedback,33,feedsumportion,0.451665,finger0,11,finger,15,time,303729,runTime,1596.25
line,26675051,total,0.00798732,total0,0.0769931,false,0.000745767,over,0.0026788,false0,0.0214173,over0,0.0769309,overaggr,0.00554177,overcuckoo,0.00244555,over_uai,0.00273071,over_uai,0.0476342,over_utai,0.00801903,over_utai,0.00928534,over_ai,0.00630145,over_ai,0.00985363,countIP,6.6014e+10,countIP0,7.05332e+10,keysum,6.54909e+10,pktSum,2.86216e+11,aggrSum,3.62935e+08,blackkey_num,130937697,feedback,33,feedsumportion,0.451665,finger0,11,finger,15,time,303729,runTime,1597.25
line,26691604,total,0.00798644,total0,0.0770271,false,0.000756028,over,0.00271567,false0,0.0215724,over0,0.0774887,overaggr,0.00554081,overcuckoo,0.00244563,over_uai,0.00221482,over_uai,0.0395685,over_utai,0.00801566,over_utai,0.00930395,over_ai,0.00629804,over_ai,0.00985571,countIP,6.6053e+10,countIP0,7.05772e+10,keysum,6.55296e+10,pktSum,2.86394e+11,aggrSum,3.63087e+08,blackkey_num,131873639,feedback,33,feedsumportion,0.451665,finger0,11,finger,15,time,303729,runTime,1598.25
line,26708226,total,0.00798577,total0,0.0770454,false,0.000767166,over,0.00275534,false0,0.0216562,over0,0.0777801,overaggr,0.00554023,overcuckoo,0.00244553,over_uai,0.00311273,over_uai,0.0332994,over_utai,0.00801273,over_utai,0.00931898,over_ai,0.00629463,over_ai,0.00985849,countIP,6.60921e+10,countIP0,7.06202e+10,keysum,6.55685e+10,pktSum,2.8657e+11,aggrSum,3.63265e+08,blackkey_num,133132669,feedback,33,feedsumportion,0.451665,finger0,11,finger,15,time,303729,runTime,1599.25
line,26724762,total,0.00798504,total0,0.0770406,false,0.000777674,over,0.00279285,false0,0.0216348,over0,0.0776965,overaggr,0.00554004,overcuckoo,0.002445,over_uai,0.00537507,over_uai,0.0548773,over_utai,0.00801092,over_utai,0.0093472,over_ai,0.00629108,over_ai,0.00986179,countIP,6.61307e+10,countIP0,7.06612e+10,keysum,6.56068e+10,pktSum,2.86745e+11,aggrSum,3.63464e+08,blackkey_num,134197443,feedback,33,feedsumportion,0.451665,finger0,11,finger,15,time,303729,runTime,1600.25
line,26740990,total,0.00798224,total0,0.0770705,false,0.000778888,over,0.00279737,false0,0.0217641,over0,0.0781653,overaggr,0.0055379,overcuckoo,0.00244434,over_uai,0.00254049,over_uai,0.00850615,over_utai,0.00800733,over_utai,0.00934626,over_ai,0.00628794,over_ai,0.00985912,countIP,6.61698e+10,countIP0,7.07051e+10,keysum,6.56458e+10,pktSum,2.86925e+11,aggrSum,3.6354e+08,blackkey_num,135378071,feedback,42,feedsumportion,0.893087,finger0,11,finger,15,time,302730,runTime,1601.25
line,26757498,total,0.0079803,total0,0.0770572,false,0.000784136,over,0.00281544,false0,0.021709,over0,0.0779461,overaggr,0.00553547,overcuckoo,0.00244483,over_uai,0.00400507,over_uai,0.0087217,over_utai,0.00800463,over_utai,0.00934543,over_ai,0.00628457,over_ai,0.00985855,countIP,6.62091e+10,countIP0,7.07464e+10,keysum,6.56849e+10,pktSum,2.87101e+11,aggrSum,3.63597e+08,blackkey_num,136606867,feedback,42,feedsumportion,0.893087,finger0,11,finger,15,time,302730,runTime,1602.25
line,26773572,total,0.00798123,total0,0.0770435,false,0.000799042,over,0.00287276,false0,0.0216186,over0,0.0777244,overaggr,0.00553359,overcuckoo,0.00244764,over_uai,0.00350015,over_uai,0.0165604,over_utai,0.00800178,over_utai,0.00934884,over_ai,0.00628177,over_ai,0.00986478,countIP,6.62442e+10,countIP0,7.0783e+10,keysum,6.57197e+10,pktSum,2.8728e+11,aggrSum,3.63666e+08,blackkey_num,137670831,feedback,42,feedsumportion,0.893087,finger0,11,finger,15,time,302730,runTime,1603.25
line,26789773,total,0.00797957,total0,0.0770395,false,0.000804002,over,0.00289134,false0,0.021594,over0,0.0776562,overaggr,0.00553156,overcuckoo,0.00244801,over_uai,0.00709509,over_uai,0.0111805,over_utai,0.00800098,over_utai,0.00934933,over_ai,0.00628055,over_ai,0.00986225,countIP,6.62811e+10,countIP0,7.08222e+10,keysum,6.57564e+10,pktSum,2.87453e+11,aggrSum,3.63735e+08,blackkey_num,138742961,feedback,42,feedsumportion,0.893087,finger0,11,finger,15,time,302730,runTime,1604.25
line,26806005,total,0.00798332,total0,0.0770662,false,0.00083357,over,0.00299718,false0,0.02171,over0,0.0780604,overaggr,0.00552934,overcuckoo,0.00245398,over_uai,0.0222167,over_uai,0.0336105,over_utai,0.00800933,over_utai,0.0093641,over_ai,0.0062896,over_ai,0.00985792,countIP,6.63221e+10,countIP0,7.08675e+10,keysum,6.57968e+10,pktSum,2.87636e+11,aggrSum,3.63813e+08,blackkey_num,139869158,feedback,42,feedsumportion,0.893087,finger0,11,finger,15,time,302730,runTime,1605.25
line,26822850,total,0.00800109,total0,0.0770631,false,0.000919344,over,0.00330866,false0,0.0216748,over0,0.0780064,overaggr,0.00554291,overcuckoo,0.00245817,over_uai,0.0483455,over_uai,0.0332584,over_utai,0.00803164,over_utai,0.00937749,over_ai,0.00630962,over_ai,0.00987231,countIP,6.63581e+10,countIP0,7.09045e+10,keysum,6.58313e+10,pktSum,2.87809e+11,aggrSum,3.64897e+08,blackkey_num,140634742,feedback,44,feedsumportion,0.869528,finger0,11,finger,15,time,300869,runTime,1606.25
line,26839450,total,0.00801377,total0,0.0770571,false,0.000983174,over,0.00353981,false0,0.0216386,over0,0.0779072,overaggr,0.00555614,overcuckoo,0.00245763,over_uai,0.0520434,over_uai,0.024643,over_utai,0.00805816,over_utai,0.00938596,over_ai,0.00632892,over_ai,0.00987544,countIP,6.63951e+10,countIP0,7.09428e+10,keysum,6.58673e+10,pktSum,2.87981e+11,aggrSum,3.65968e+08,blackkey_num,141141906,feedback,44,feedsumportion,0.869528,finger0,11,finger,15,time,300869,runTime,1607.25
line,26855993,total,0.0080268,total0,0.0770581,false,0.00104816,over,0.00377406,false0,0.0216389,over0,0.0779143,overaggr,0.00556931,overcuckoo,0.00245749,over_uai,0.085264,over_uai,0.0195259,over_utai,0.00810285,over_utai,0.00939178,over_ai,0.0063518,over_ai,0.00987408,countIP,6.64338e+10,countIP0,7.09833e+10,keysum,6.59048e+10,pktSum,2.88154e+11,aggrSum,3.67044e+08,blackkey_num,141547182,feedback,44,feedsumportion,0.869528,finger0,11,finger,15,time,300869,runTime,1608.25
line,26872113,total,0.00803866,total0,0.0770458,false,0.00111051,over,0.00399334,false0,0.0216138,over0,0.0777225,overaggr,0.00558142,overcuckoo,0.00245724,over_uai,0.0392595,over_uai,0.0152834,over_utai,0.00812315,over_utai,0.00939595,over_ai,0.00636966,over_ai,0.00987685,countIP,6.64792e+10,countIP0,7.10301e+10,keysum,6.5949e+10,pktSum,2.88337e+11,aggrSum,3.68089e+08,blackkey_num,141949286,feedback,44,feedsumportion,0.869528,finger0,11,finger,15,time,300869,runTime,1609.25
line,26888319,total,0.00804492,total0,0.0770335,false,0.00114777,over,0.00412504,false0,0.0215736,over0,0.0775345,overaggr,0.00558778,overcuckoo,0.00245715,over_uai,0.030733,over_uai,0.0135558,over_utai,0.00813862,over_utai,0.00939845,over_ai,0.00638133,over_ai,0.00987487,countIP,6.65232e+10,countIP0,7.10759e+10,keysum,6.59923e+10,pktSum,2.88527e+11,aggrSum,3.6875e+08,blackkey_num,142603216,feedback,44,feedsumportion,0.869528,finger0,11,finger,15,time,300869,runTime,1610.25
line,26904825,total,0.00804956,total0,0.0770359,false,0.00117545,over,0.00422557,false0,0.0215771,over0,0.0775665,overaggr,0.00559354,overcuckoo,0.00245602,over_uai,0.0131221,over_uai,0.0269531,over_utai,0.00814109,over_utai,0.00940743,over_ai,0.00638586,over_ai,0.00987864,countIP,6.65612e+10,countIP0,7.11163e+10,keysum,6.60297e+10,pktSum,2.88703e+11,aggrSum,3.6934e+08,blackkey_num,143453562,feedback,43,feedsumportion,0.976356,finger0,11,finger,15,time,301242,runTime,1611.25
line,26921329,total,0.00805234,total0,0.0770417,false,0.00119413,over,0.00429609,false0,0.0215822,over0,0.0776458,overaggr,0.0055974,overcuckoo,0.00245494,over_uai,0.0149903,over_uai,0.0312203,over_utai,0.00814454,over_utai,0.00941898,over_ai,0.00639007,over_ai,0.00987878,countIP,6.65974e+10,countIP0,7.11552e+10,keysum,6.60654e+10,pktSum,2.8888e+11,aggrSum,3.69795e+08,blackkey_num,144590161,feedback,43,feedsumportion,0.976356,finger0,11,finger,15,time,301242,runTime,1612.25
line,26937674,total,0.00805579,total0,0.077041,false,0.00121436,over,0.00437418,false0,0.021552,over0,0.0776312,overaggr,0.00560156,overcuckoo,0.00245422,over_uai,0.0152241,over_uai,0.0333633,over_utai,0.00814814,over_utai,0.00943133,over_ai,0.00639539,over_ai,0.00987895,countIP,6.66324e+10,countIP0,7.11924e+10,keysum,6.60999e+10,pktSum,2.89059e+11,aggrSum,3.70263e+08,blackkey_num,145531520,feedback,43,feedsumportion,0.976356,finger0,11,finger,15,time,301242,runTime,1613.25
line,26954363,total,0.00806223,total0,0.0770632,false,0.00124779,over,0.00449577,false0,0.0216333,over0,0.0779447,overaggr,0.00560898,overcuckoo,0.00245325,over_uai,0.0193163,over_uai,0.0298558,over_utai,0.00815426,over_utai,0.00944229,over_ai,0.00640435,over_ai,0.00988079,countIP,6.66697e+10,countIP0,7.12332e+10,keysum,6.61365e+10,pktSum,2.89231e+11,aggrSum,3.70958e+08,blackkey_num,146512776,feedback,43,feedsumportion,0.976356,finger0,11,finger,15,time,301242,runTime,1614.25
line,26970918,total,0.00807598,total0,0.0770809,false,0.00130738,over,0.00471644,false0,0.0216743,over0,0.0781909,overaggr,0.00562362,overcuckoo,0.00245235,over_uai,0.0236285,over_uai,0.0549662,over_utai,0.00816163,over_utai,0.00946571,over_ai,0.00641465,over_ai,0.0098987,countIP,6.67032e+10,countIP0,7.12692e+10,keysum,6.61689e+10,pktSum,2.89401e+11,aggrSum,3.72109e+08,blackkey_num,147553826,feedback,43,feedsumportion,0.976356,finger0,11,finger,15,time,301242,runTime,1615.25
line,26987504,total,0.00807463,total0,0.0771275,false,0.00130866,over,0.00472343,false0,0.0218436,over0,0.0788413,overaggr,0.0056229,overcuckoo,0.00245172,over_uai,0.0068462,over_uai,0.012406,over_utai,0.00816064,over_utai,0.00946725,over_ai,0.00641123,over_ai,0.00990023,countIP,6.67399e+10,countIP0,7.13115e+10,keysum,6.62053e+10,pktSum,2.89578e+11,aggrSum,3.72266e+08,blackkey_num,149236984,feedback,52,feedsumportion,0.928876,finger0,11,finger,15,time,301737,runTime,1616.25
line,27004322,total,0.00807448,total0,0.0771329,false,0.00131392,over,0.00474692,false0,0.0218401,over0,0.0789034,overaggr,0.00562283,overcuckoo,0.00245165,over_uai,0.0126397,over_uai,0.00901444,over_utai,0.00816261,over_utai,0.00946659,over_ai,0.00641021,over_ai,0.00990093,countIP,6.6776e+10,countIP0,7.13505e+10,keysum,6.62412e+10,pktSum,2.89759e+11,aggrSum,3.72463e+08,blackkey_num,150343007,feedback,52,feedsumportion,0.928876,finger0,11,finger,15,time,301737,runTime,1617.25
line,27021295,total,0.00807602,total0,0.077139,false,0.00132738,over,0.00479538,false0,0.0218602,over0,0.0789739,overaggr,0.00562492,overcuckoo,0.0024511,over_uai,0.0100093,over_uai,0.0155044,over_utai,0.00816327,over_utai,0.0094697,over_ai,0.00640842,over_ai,0.00990671,countIP,6.68151e+10,countIP0,7.13926e+10,keysum,6.62798e+10,pktSum,2.89937e+11,aggrSum,3.72819e+08,blackkey_num,151661579,feedback,52,feedsumportion,0.928876,finger0,11,finger,15,time,301737,runTime,1618.25
line,27038000,total,0.00808473,total0,0.077173,false,0.00136896,over,0.00494386,false0,0.021994,over0,0.079429,overaggr,0.00563449,overcuckoo,0.00245024,over_uai,0.00631359,over_uai,0.0299008,over_utai,0.00816206,over_utai,0.00948508,over_ai,0.00640504,over_ai,0.0099326,countIP,6.68569e+10,countIP0,7.14389e+10,keysum,6.63208e+10,pktSum,2.9012e+11,aggrSum,3.73684e+08,blackkey_num,152849808,feedback,52,feedsumportion,0.928876,finger0,11,finger,15,time,301737,runTime,1619.25
line,27054554,total,0.00808996,total0,0.0771725,false,0.00139937,over,0.00504519,false0,0.0220233,over0,0.0794014,overaggr,0.00564067,overcuckoo,0.00244929,over_uai,0.00683216,over_uai,0.0259379,over_utai,0.00816095,over_utai,0.00949767,over_ai,0.00640197,over_ai,0.0099492,countIP,6.69035e+10,countIP0,7.14883e+10,keysum,6.63666e+10,pktSum,2.90302e+11,aggrSum,3.74352e+08,blackkey_num,154445828,feedback,52,feedsumportion,0.928876,finger0,11,finger,15,time,301737,runTime,1620.25
line,27071334,total,0.00808734,total0,0.0771651,false,0.00139752,over,0.00503517,false0,0.0220047,over0,0.0792816,overaggr,0.00563928,overcuckoo,0.00244806,over_uai,0.00627996,over_uai,0.0163937,over_utai,0.00815962,over_utai,0.00950197,over_ai,0.00639839,over_ai,0.0099474,countIP,6.69447e+10,countIP0,7.1532e+10,keysum,6.64076e+10,pktSum,2.90479e+11,aggrSum,3.74491e+08,blackkey_num,155972615,feedback,44,feedsumportion,0.929202,finger0,11,finger,15,time,303201,runTime,1621.25
line,27088079,total,0.00808399,total0,0.0771794,false,0.00139331,over,0.00501643,false0,0.0220688,over0,0.0794559,overaggr,0.00563703,overcuckoo,0.00244696,over_uai,0.00547116,over_uai,0.0144035,over_utai,0.00815771,over_utai,0.00950502,over_ai,0.00639474,over_ai,0.00994427,countIP,6.69874e+10,countIP0,7.15788e+10,keysum,6.64502e+10,pktSum,2.90663e+11,aggrSum,3.74582e+08,blackkey_num,157212242,feedback,44,feedsumportion,0.929202,finger0,11,finger,15,time,303201,runTime,1622.25
line,27104636,total,0.00808201,total0,0.0771626,false,0.00139396,over,0.00501576,false0,0.0220141,over0,0.0792114,overaggr,0.00563617,overcuckoo,0.00244584,over_uai,0.00353797,over_uai,0.0167043,over_utai,0.00815461,over_utai,0.00950984,over_ai,0.00639141,over_ai,0.00994319,countIP,6.70296e+10,countIP0,7.16229e+10,keysum,6.64922e+10,pktSum,2.90845e+11,aggrSum,3.74762e+08,blackkey_num,159054930,feedback,44,feedsumportion,0.929202,finger0,11,finger,15,time,303201,runTime,1623.25
line,27121088,total,0.00808027,total0,0.0771771,false,0.00139381,over,0.00501667,false0,0.0220569,over0,0.0793882,overaggr,0.00563523,overcuckoo,0.00244505,over_uai,0.00233445,over_uai,0.0182395,over_utai,0.00815092,over_utai,0.00951554,over_ai,0.00638824,over_ai,0.00994304,countIP,6.70689e+10,countIP0,7.1666e+10,keysum,6.65313e+10,pktSum,2.9103e+11,aggrSum,3.74919e+08,blackkey_num,160973316,feedback,44,feedsumportion,0.929202,finger0,11,finger,15,time,303201,runTime,1624.25
line,27137587,total,0.00808312,total0,0.0772014,false,0.00140839,over,0.00507498,false0,0.0221165,over0,0.0796944,overaggr,0.00563802,overcuckoo,0.00244511,over_uai,0.0020396,over_uai,0.0261795,over_utai,0.00814722,over_utai,0.0095252,over_ai,0.00638516,over_ai,0.00995389,countIP,6.71034e+10,countIP0,7.17043e+10,keysum,6.65654e+10,pktSum,2.91207e+11,aggrSum,3.75297e+08,blackkey_num,162395143,feedback,44,feedsumportion,0.929202,finger0,11,finger,15,time,303201,runTime,1625.25
line,27153959,total,0.00807961,total0,0.0771978,false,0.0013995,over,0.00504933,false0,0.0220708,over0,0.0796304,overaggr,0.00563558,overcuckoo,0.00244403,over_uai,0.0669969,over_uai,0.0269413,over_utai,0.00817901,over_utai,0.00953509,over_ai,0.00638207,over_ai,0.009949,countIP,6.7138e+10,countIP0,7.17413e+10,keysum,6.65999e+10,pktSum,2.9139e+11,aggrSum,3.75329e+08,blackkey_num,164085916,feedback,41,feedsumportion,0.856548,finger0,11,finger,15,time,306140,runTime,1626.25
line,27170646,total,0.00807638,total0,0.0772263,false,0.00139332,over,0.00502996,false0,0.0221558,over0,0.0799831,overaggr,0.00563359,overcuckoo,0.00244279,over_uai,0.0318593,over_uai,0.0217436,over_utai,0.00819206,over_utai,0.00954256,over_ai,0.00637884,over_ai,0.00994495,countIP,6.71764e+10,countIP0,7.17845e+10,keysum,6.66383e+10,pktSum,2.91577e+11,aggrSum,3.75413e+08,blackkey_num,165617362,feedback,41,feedsumportion,0.856548,finger0,11,finger,15,time,306140,runTime,1627.25
line,27187770,total,0.00807288,total0,0.0772367,false,0.0013871,over,0.00500747,false0,0.0221874,over0,0.0800972,overaggr,0.00563123,overcuckoo,0.00244166,over_uai,0.0287386,over_uai,0.0212473,over_utai,0.00820417,over_utai,0.00954903,over_ai,0.00637519,over_ai,0.00994129,countIP,6.7215e+10,countIP0,7.18266e+10,keysum,6.66767e+10,pktSum,2.91754e+11,aggrSum,3.75472e+08,blackkey_num,167259430,feedback,41,feedsumportion,0.856548,finger0,11,finger,15,time,306140,runTime,1628.25
line,27204345,total,0.00806972,total0,0.0772401,false,0.00138165,over,0.00498918,false0,0.0221876,over0,0.0801203,overaggr,0.00562908,overcuckoo,0.00244064,over_uai,0.058058,over_uai,0.0318893,over_utai,0.00823126,over_utai,0.00956263,over_ai,0.0063718,over_ai,0.00993804,countIP,6.72529e+10,countIP0,7.18676e+10,keysum,6.67146e+10,pktSum,2.91934e+11,aggrSum,3.75542e+08,blackkey_num,168610605,feedback,41,feedsumportion,0.856548,finger0,11,finger,15,time,306140,runTime,1629.25
line,27221231,total,0.00806588,total0,0.0772389,false,0.00137517,over,0.00496349,false0,0.0221877,over0,0.0800837,overaggr,0.0056263,overcuckoo,0.00243957,over_uai,0.0199571,over_uai,0.0274286,over_utai,0.0082377,over_utai,0.0095732,over_ai,0.00636813,over_ai,0.00993371,countIP,6.72927e+10,countIP0,7.19103e+10,keysum,6.67542e+10,pktSum,2.92108e+11,aggrSum,3.7558e+08,blackkey_num,170055688,feedback,41,feedsumportion,0.856548,finger0,11,finger,15,time,306140,runTime,1630.25
line,27237596,total,0.00806245,total0,0.077278,false,0.00136928,over,0.00494262,false0,0.0223174,over0,0.0805582,overaggr,0.00562343,overcuckoo,0.00243902,over_uai,0.00204992,over_uai,0.00370132,over_utai,0.00823411,over_utai,0.00956913,over_ai,0.0063648,over_ai,0.00992968,countIP,6.7331e+10,countIP0,7.19541e+10,keysum,6.67925e+10,pktSum,2.92286e+11,aggrSum,3.75603e+08,blackkey_num,171519649,feedback,40,feedsumportion,0.65269,finger0,11,finger,15,time,308989,runTime,1631.25
line,27253750,total,0.00805877,total0,0.0773086,false,0.00136215,over,0.00491863,false0,0.0224098,over0,0.0809204,overaggr,0.00562089,overcuckoo,0.00243788,over_uai,0.0135446,over_uai,0.00430461,over_utai,0.00823671,over_utai,0.00956567,over_ai,0.00636163,over_ai,0.00992451,countIP,6.73692e+10,countIP0,7.19972e+10,keysum,6.68306e+10,pktSum,2.92468e+11,aggrSum,3.75647e+08,blackkey_num,173054983,feedback,40,feedsumportion,0.65269,finger0,11,finger,15,time,308989,runTime,1632.25
line,27269720,total,0.00805495,total0,0.0773373,false,0.00135515,over,0.00489391,false0,0.0224992,over0,0.0812527,overaggr,0.00561822,overcuckoo,0.00243672,over_uai,0.0103271,over_uai,0.00392089,over_utai,0.00823746,over_utai,0.00956194,over_ai,0.00635823,over_ai,0.00991939,countIP,6.74085e+10,countIP0,7.20414e+10,keysum,6.68699e+10,pktSum,2.92652e+11,aggrSum,3.7569e+08,blackkey_num,174202278,feedback,40,feedsumportion,0.65269,finger0,11,finger,15,time,308989,runTime,1633.25
line,27286014,total,0.00805096,total0,0.0773448,false,0.00134846,over,0.00486771,false0,0.0225263,over0,0.0813161,overaggr,0.0056155,overcuckoo,0.00243546,over_uai,0.00243444,over_uai,0.00402109,over_utai,0.00823405,over_utai,0.00955822,over_ai,0.00635482,over_ai,0.00991383,countIP,6.74483e+10,countIP0,7.20847e+10,keysum,6.69096e+10,pktSum,2.92827e+11,aggrSum,3.75731e+08,blackkey_num,175606960,feedback,40,feedsumportion,0.65269,finger0,11,finger,15,time,308989,runTime,1634.25
line,27302275,total,0.00804746,total0,0.0773495,false,0.00134234,over,0.00484639,false0,0.0225313,over0,0.081347,overaggr,0.00561281,overcuckoo,0.00243465,over_uai,0.00136599,over_uai,0.00931896,over_utai,0.00822976,over_utai,0.009558,over_ai,0.00635135,over_ai,0.00991015,countIP,6.74856e+10,countIP0,7.21252e+10,keysum,6.69469e+10,pktSum,2.93002e+11,aggrSum,3.7576e+08,blackkey_num,177215626,feedback,40,feedsumportion,0.65269,finger0,11,finger,15,time,308989,runTime,1635.25
line,27318618,total,0.00804514,total0,0.0773693,false,0.00133986,over,0.0048395,false0,0.0225817,over0,0.0815637,overaggr,0.00561145,overcuckoo,0.0024337,over_uai,0.00993212,over_uai,0.0163474,over_utai,0.00823023,over_utai,0.00956144,over_ai,0.00634974,over_ai,0.00990622,countIP,6.75225e+10,countIP0,7.21661e+10,keysum,6.69836e+10,pktSum,2.93179e+11,aggrSum,3.75875e+08,blackkey_num,178613890,feedback,38,feedsumportion,0.487451,finger0,11,finger,15,time,303283,runTime,1636.25
line,27334984,total,0.00804225,total0,0.0773779,false,0.00133505,over,0.00482484,false0,0.0225905,over0,0.0816416,overaggr,0.00560936,overcuckoo,0.00243289,over_uai,0.00877952,over_uai,0.0190319,over_utai,0.0082301,over_utai,0.00956632,over_ai,0.00634677,over_ai,0.00990312,countIP,6.75579e+10,countIP0,7.22048e+10,keysum,6.7019e+10,pktSum,2.93354e+11,aggrSum,3.75933e+08,blackkey_num,180278608,feedback,38,feedsumportion,0.487451,finger0,11,finger,15,time,303283,runTime,1637.25
line,27351242,total,0.00803994,total0,0.0773781,false,0.00133197,over,0.00481668,false0,0.0225699,over0,0.0816173,overaggr,0.00560761,overcuckoo,0.00243233,over_uai,0.0109998,over_uai,0.0184287,over_utai,0.00823112,over_utai,0.00957048,over_ai,0.00634376,over_ai,0.00990098,countIP,6.75921e+10,countIP0,7.22415e+10,keysum,6.7053e+10,pktSum,2.93523e+11,aggrSum,3.76007e+08,blackkey_num,182153768,feedback,38,feedsumportion,0.487451,finger0,11,finger,15,time,303283,runTime,1638.25
line,27367604,total,0.0080369,total0,0.0773843,false,0.00132726,over,0.00480089,false0,0.0225772,over0,0.0816646,overaggr,0.00560534,overcuckoo,0.00243156,over_uai,0.0120948,over_uai,0.0214744,over_utai,0.00823284,over_utai,0.00957608,over_ai,0.00634026,over_ai,0.00989814,countIP,6.76284e+10,countIP0,7.22808e+10,keysum,6.70892e+10,pktSum,2.93695e+11,aggrSum,3.76057e+08,blackkey_num,183980506,feedback,38,feedsumportion,0.487451,finger0,11,finger,15,time,303283,runTime,1639.25
line,27383922,total,0.00803362,total0,0.0774147,false,0.00132355,over,0.00478488,false0,0.0226815,over0,0.0819978,overaggr,0.00560284,overcuckoo,0.00243078,over_uai,0.00770815,over_uai,0.0133142,over_utai,0.00823215,over_utai,0.00957797,over_ai,0.00633686,over_ai,0.00989421,countIP,6.76687e+10,countIP0,7.23262e+10,keysum,6.71294e+10,pktSum,2.9387e+11,aggrSum,3.76115e+08,blackkey_num,185457516,feedback,38,feedsumportion,0.487451,finger0,11,finger,15,time,303283,runTime,1640.25
line,27400431,total,0.00803227,total0,0.0774023,false,0.00132477,over,0.00478991,false0,0.0226295,over0,0.0818206,overaggr,0.00560151,overcuckoo,0.00243076,over_uai,0.000881333,over_uai,0.0308766,over_utai,0.00822823,over_utai,0.00959041,over_ai,0.0063337,over_ai,0.00989516,countIP,6.77057e+10,countIP0,7.2365e+10,keysum,6.71662e+10,pktSum,2.94042e+11,aggrSum,3.76232e+08,blackkey_num,186931681,feedback,43,feedsumportion,0.682705,finger0,11,finger,15,time,302792,runTime,1641.25
line,27416570,total,0.00803126,total0,0.0773822,false,0.00132765,over,0.0047997,false0,0.0225584,over0,0.0815529,overaggr,0.00560106,overcuckoo,0.0024302,over_uai,0.000990826,over_uai,0.0295135,over_utai,0.00822415,over_utai,0.00960279,over_ai,0.00633037,over_ai,0.00989705,countIP,6.77439e+10,countIP0,7.24046e+10,keysum,6.72042e+10,pktSum,2.94215e+11,aggrSum,3.76414e+08,blackkey_num,188161118,feedback,43,feedsumportion,0.682705,finger0,11,finger,15,time,302792,runTime,1642.25
line,27432706,total,0.00803029,total0,0.0774065,false,0.00133023,over,0.00480929,false0,0.0226291,over0,0.0818124,overaggr,0.00560062,overcuckoo,0.00242967,over_uai,0.000927605,over_uai,0.0278634,over_utai,0.00822037,over_utai,0.00961443,over_ai,0.00632731,over_ai,0.00989865,countIP,6.77813e+10,countIP0,7.24462e+10,keysum,6.72413e+10,pktSum,2.94388e+11,aggrSum,3.76593e+08,blackkey_num,189413020,feedback,43,feedsumportion,0.682705,finger0,11,finger,15,time,302792,runTime,1643.25
line,27448959,total,0.00803026,total0,0.07741,false,0.00133465,over,0.00482817,false0,0.0226192,over0,0.0818263,overaggr,0.00560023,overcuckoo,0.00243003,over_uai,0.000996232,over_uai,0.0468061,over_utai,0.00821634,over_utai,0.00963293,over_ai,0.00632399,over_ai,0.00990308,countIP,6.78159e+10,countIP0,7.24835e+10,keysum,6.72756e+10,pktSum,2.94559e+11,aggrSum,3.76759e+08,blackkey_num,190674887,feedback,43,feedsumportion,0.682705,finger0,11,finger,15,time,302792,runTime,1644.25
line,27465525,total,0.00803212,total0,0.0774165,false,0.00134556,over,0.00486929,false0,0.0226249,over0,0.0818748,overaggr,0.00560215,overcuckoo,0.00242997,over_uai,0.00089307,over_uai,0.0378479,over_utai,0.00821248,over_utai,0.00964842,over_ai,0.0063209,over_ai,0.00991172,countIP,6.78516e+10,countIP0,7.2522e+10,keysum,6.7311e+10,pktSum,2.94729e+11,aggrSum,3.77086e+08,blackkey_num,191806501,feedback,43,feedsumportion,0.682705,finger0,11,finger,15,time,302792,runTime,1645.25
line,27481755,total,0.00802929,total0,0.0774546,false,0.00134267,over,0.00485736,false0,0.0227454,over0,0.0822858,overaggr,0.00559957,overcuckoo,0.00242973,over_uai,0.00986725,over_uai,0.00837849,over_utai,0.00821312,over_utai,0.0096473,over_ai,0.00631777,over_ai,0.00990878,countIP,6.78899e+10,countIP0,7.25657e+10,keysum,6.73492e+10,pktSum,2.94899e+11,aggrSum,3.77126e+08,blackkey_num,193740599,feedback,40,feedsumportion,0.874738,finger0,11,finger,15,time,302874,runTime,1646.25
line,27497906,total,0.00802711,total0,0.0774849,false,0.0013403,over,0.00485119,false0,0.0228224,over0,0.0826055,overaggr,0.00559758,overcuckoo,0.00242954,over_uai,0.0101778,over_uai,0.0150971,over_utai,0.008214,over_utai,0.00964973,over_ai,0.00631467,over_ai,0.00990724,countIP,6.7925e+10,countIP0,7.26053e+10,keysum,6.73841e+10,pktSum,2.95071e+11,aggrSum,3.77188e+08,blackkey_num,195216720,feedback,40,feedsumportion,0.874738,finger0,11,finger,15,time,302874,runTime,1647.25
line,27513821,total,0.00802519,total0,0.0775115,false,0.00133826,over,0.00484751,false0,0.022881,over0,0.0828803,overaggr,0.00559639,overcuckoo,0.0024288,over_uai,0.0116299,over_uai,0.00977168,over_utai,0.00821569,over_utai,0.00964935,over_ai,0.00631158,over_ai,0.00990664,countIP,6.79591e+10,countIP0,7.26437e+10,keysum,6.7418e+10,pktSum,2.95244e+11,aggrSum,3.77297e+08,blackkey_num,196803876,feedback,40,feedsumportion,0.874738,finger0,11,finger,15,time,302874,runTime,1648.25
line,27530012,total,0.00802233,total0,0.077542,false,0.00133532,over,0.00483583,false0,0.0229719,over0,0.0831924,overaggr,0.00559447,overcuckoo,0.00242786,over_uai,0.0150141,over_uai,0.00896796,over_utai,0.00821936,over_utai,0.00964893,over_ai,0.00630783,over_ai,0.00990504,countIP,6.79982e+10,countIP0,7.26878e+10,keysum,6.74571e+10,pktSum,2.95419e+11,aggrSum,3.77386e+08,blackkey_num,198340320,feedback,40,feedsumportion,0.874738,finger0,11,finger,15,time,302874,runTime,1649.25
line,27546278,total,0.00801914,total0,0.0775819,false,0.00133142,over,0.0048205,false0,0.023092,over0,0.0836063,overaggr,0.0055923,overcuckoo,0.00242684,over_uai,0.0608334,over_uai,0.0072965,over_utai,0.00824563,over_utai,0.00964734,over_ai,0.00630462,over_ai,0.00990151,countIP,6.8037e+10,countIP0,7.27322e+10,keysum,6.74958e+10,pktSum,2.95593e+11,aggrSum,3.77457e+08,blackkey_num,199764195,feedback,40,feedsumportion,0.874738,finger0,11,finger,15,time,302874,runTime,1650.25
line,27562483,total,0.00801876,total0,0.0776113,false,0.00133398,over,0.00483392,false0,0.0231541,over0,0.0839033,overaggr,0.0055918,overcuckoo,0.00242696,over_uai,0.00813386,over_uai,0.0835122,over_utai,0.00824542,over_utai,0.00968938,over_ai,0.00630153,over_ai,0.00990486,countIP,6.80706e+10,countIP0,7.27701e+10,keysum,6.75291e+10,pktSum,2.95766e+11,aggrSum,3.77609e+08,blackkey_num,201248680,feedback,38,feedsumportion,0.758262,finger0,11,finger,15,time,372727,runTime,1651.25
line,27578735,total,0.00801959,total0,0.0776641,false,0.001341,over,0.00486149,false0,0.0232973,over0,0.0844588,overaggr,0.00559158,overcuckoo,0.002428,over_uai,0.00839518,over_uai,0.0840053,over_utai,0.0082453,over_utai,0.00973338,over_ai,0.00629856,over_ai,0.00991091,countIP,6.81055e+10,countIP0,7.28109e+10,keysum,6.75637e+10,pktSum,2.95935e+11,aggrSum,3.77788e+08,blackkey_num,202988429,feedback,38,feedsumportion,0.758262,finger0,11,finger,15,time,372727,runTime,1652.25
line,27594581,total,0.00801899,total0,0.0776669,false,0.00134306,over,0.00487259,false0,0.0232778,over0,0.0844513,overaggr,0.00559146,overcuckoo,0.00242754,over_uai,0.00793877,over_uai,0.12031,over_utai,0.00824491,over_utai,0.00979023,over_ai,0.00629526,over_ai,0.00991428,countIP,6.81399e+10,countIP0,7.28479e+10,keysum,6.75978e+10,pktSum,2.96109e+11,aggrSum,3.7797e+08,blackkey_num,204553075,feedback,38,feedsumportion,0.758262,finger0,11,finger,15,time,372727,runTime,1653.25
line,27610758,total,0.00801846,total0,0.0776626,false,0.00134783,over,0.00488726,false0,0.023265,over0,0.0843596,overaggr,0.00559048,overcuckoo,0.00242797,over_uai,0.017261,over_uai,0.0337466,over_utai,0.00825013,over_utai,0.00980337,over_ai,0.00629135,over_ai,0.00991877,countIP,6.81802e+10,countIP0,7.28908e+10,keysum,6.76379e+10,pktSum,2.96283e+11,aggrSum,3.78128e+08,blackkey_num,205991419,feedback,38,feedsumportion,0.758262,finger0,11,finger,15,time,372727,runTime,1654.25
line,27627020,total,0.00801935,total0,0.0777009,false,0.00135643,over,0.00491672,false0,0.0233779,over0,0.0847389,overaggr,0.00559139,overcuckoo,0.00242796,over_uai,0.0154174,over_uai,0.0233789,over_utai,0.00825326,over_utai,0.00981259,over_ai,0.00628848,over_ai,0.00992418,countIP,6.82191e+10,countIP0,7.29349e+10,keysum,6.76764e+10,pktSum,2.96453e+11,aggrSum,3.78405e+08,blackkey_num,207250834,feedback,38,feedsumportion,0.758262,finger0,11,finger,15,time,372727,runTime,1655.25
line,27643352,total,0.00801637,total0,0.0777044,false,0.00135176,over,0.00490178,false0,0.0233679,over0,0.0847373,overaggr,0.00558949,overcuckoo,0.00242688,over_uai,0.00132459,over_uai,0.00979465,over_utai,0.00824932,over_utai,0.00981229,over_ai,0.00628526,over_ai,0.0099214,countIP,6.82544e+10,countIP0,7.29731e+10,keysum,6.77116e+10,pktSum,2.96625e+11,aggrSum,3.78474e+08,blackkey_num,208511582,feedback,40,feedsumportion,0.91173,finger0,11,finger,15,time,303098,runTime,1656.25
line,27659295,total,0.00801326,total0,0.0777083,false,0.00134733,over,0.00488602,false0,0.0233669,over0,0.0847387,overaggr,0.00558751,overcuckoo,0.00242575,over_uai,0.001182,over_uai,0.00745127,over_utai,0.00824516,over_utai,0.0098107,over_ai,0.00628175,over_ai,0.00991891,countIP,6.82907e+10,countIP0,7.30124e+10,keysum,6.77479e+10,pktSum,2.96794e+11,aggrSum,3.78542e+08,blackkey_num,210166476,feedback,40,feedsumportion,0.91173,finger0,11,finger,15,time,303098,runTime,1657.25
line,27675418,total,0.00801108,total0,0.07773,false,0.00134511,over,0.0048804,false0,0.0234086,over0,0.0849327,overaggr,0.00558626,overcuckoo,0.00242483,over_uai,0.00127389,over_uai,0.0153102,over_utai,0.00824118,over_utai,0.00981372,over_ai,0.00627866,over_ai,0.00991761,countIP,6.83267e+10,countIP0,7.30525e+10,keysum,6.77837e+10,pktSum,2.96972e+11,aggrSum,3.78657e+08,blackkey_num,211625639,feedback,40,feedsumportion,0.91173,finger0,11,finger,15,time,303098,runTime,1658.25
line,27691413,total,0.00801022,total0,0.0777755,false,0.00134711,over,0.00488963,false0,0.0235227,over0,0.0853805,overaggr,0.00558645,overcuckoo,0.00242377,over_uai,0.00309397,over_uai,0.0180125,over_utai,0.00823817,over_utai,0.00981827,over_ai,0.00627563,over_ai,0.00991931,countIP,6.83643e+10,countIP0,7.30959e+10,keysum,6.7821e+10,pktSum,2.97153e+11,aggrSum,3.78879e+08,blackkey_num,213107761,feedback,40,feedsumportion,0.91173,finger0,11,finger,15,time,303098,runTime,1659.25
line,27707766,total,0.00800786,total0,0.07777,false,0.00134423,over,0.00488161,false0,0.0234831,over0,0.0852797,overaggr,0.00558509,overcuckoo,0.00242277,over_uai,0.0015259,over_uai,0.0138409,over_utai,0.00823412,over_utai,0.00982005,over_ai,0.00627217,over_ai,0.00991836,countIP,6.83995e+10,countIP0,7.31333e+10,keysum,6.78561e+10,pktSum,2.97327e+11,aggrSum,3.78983e+08,blackkey_num,214693058,feedback,40,feedsumportion,0.91173,finger0,11,finger,15,time,303098,runTime,1660.25
line,27723959,total,0.0080056,total0,0.0777624,false,0.00134292,over,0.00487648,false0,0.0234499,over0,0.0851528,overaggr,0.0055834,overcuckoo,0.0024222,over_uai,0.0239173,over_uai,0.0174516,over_utai,0.00824284,over_utai,0.00982481,over_ai,0.00626886,over_ai,0.00991739,countIP,6.84382e+10,countIP0,7.31743e+10,keysum,6.78946e+10,pktSum,2.97504e+11,aggrSum,3.79083e+08,blackkey_num,215857281,feedback,40,feedsumportion,0.785453,finger0,11,finger,15,time,301984,runTime,1661.25
line,27740340,total,0.00800423,total0,0.0777585,false,0.00134359,over,0.00487969,false0,0.0234233,over0,0.0850695,overaggr,0.00558201,overcuckoo,0.00242222,over_uai,0.0268247,over_uai,0.0250438,over_utai,0.00825227,over_utai,0.00983297,over_ai,0.00626562,over_ai,0.00991869,countIP,6.84747e+10,countIP0,7.32132e+10,keysum,6.7931e+10,pktSum,2.97676e+11,aggrSum,3.79191e+08,blackkey_num,217301058,feedback,40,feedsumportion,0.785453,finger0,11,finger,15,time,301984,runTime,1662.25
line,27756315,total,0.00800231,total0,0.077743,false,0.00134465,over,0.00488015,false0,0.0233813,over0,0.0848578,overaggr,0.00558018,overcuckoo,0.00242213,over_uai,0.0165664,over_uai,0.025328,over_utai,0.00825699,over_utai,0.00984249,over_ai,0.00626185,over_ai,0.00991958,countIP,6.85177e+10,countIP0,7.32583e+10,keysum,6.79738e+10,pktSum,2.97858e+11,aggrSum,3.79306e+08,blackkey_num,218522993,feedback,40,feedsumportion,0.785453,finger0,11,finger,15,time,301984,runTime,1663.25
line,27772733,total,0.00800075,total0,0.0777477,false,0.00134606,over,0.00488313,false0,0.0233929,over0,0.0848632,overaggr,0.00557914,overcuckoo,0.0024216,over_uai,0.022048,over_uai,0.0247012,over_utai,0.00826516,over_utai,0.00985091,over_ai,0.00625834,over_ai,0.00992063,countIP,6.85581e+10,countIP0,7.33019e+10,keysum,6.8014e+10,pktSum,2.98034e+11,aggrSum,3.7946e+08,blackkey_num,219943856,feedback,40,feedsumportion,0.785453,finger0,11,finger,15,time,301984,runTime,1664.25
line,27789059,total,0.00799972,total0,0.0777657,false,0.00134844,over,0.00489064,false0,0.0234384,over0,0.0850084,overaggr,0.00557763,overcuckoo,0.00242209,over_uai,0.0464432,over_uai,0.0332168,over_utai,0.00828607,over_utai,0.00986271,over_ai,0.00625486,over_ai,0.00992298,countIP,6.85966e+10,countIP0,7.33443e+10,keysum,6.80522e+10,pktSum,2.98205e+11,aggrSum,3.7957e+08,blackkey_num,221664880,feedback,40,feedsumportion,0.785453,finger0,11,finger,15,time,301984,runTime,1665.25
line,27805674,total,0.00799721,total0,0.0777739,false,0.00134574,over,0.00488161,false0,0.0234475,over0,0.0850544,overaggr,0.00557597,overcuckoo,0.00242124,over_uai,0.00110083,over_uai,0.0296616,over_utai,0.00828207,over_utai,0.00987228,over_ai,0.00625165,over_ai,0.00992104,countIP,6.86325e+10,countIP0,7.33835e+10,keysum,6.8088e+10,pktSum,2.98375e+11,aggrSum,3.79657e+08,blackkey_num,223555565,feedback,39,feedsumportion,0.878656,finger0,11,finger,15,time,299641,runTime,1666.25
line,27822198,total,0.00799448,total0,0.0777999,false,0.00134206,over,0.00487025,false0,0.023501,over0,0.0852833,overaggr,0.00557435,overcuckoo,0.00242013,over_uai,0.00182453,over_uai,0.025637,over_utai,0.00827819,over_utai,0.00987985,over_ai,0.0062484,over_ai,0.00991837,countIP,6.86682e+10,countIP0,7.34236e+10,keysum,6.81236e+10,pktSum,2.98549e+11,aggrSum,3.79745e+08,blackkey_num,225008402,feedback,39,feedsumportion,0.878656,finger0,11,finger,15,time,299641,runTime,1667.25
line,27838791,total,0.00799166,total0,0.0778249,false,0.00133891,over,0.00485899,false0,0.0235593,over0,0.0854981,overaggr,0.00557251,overcuckoo,0.00241915,over_uai,0.00149804,over_uai,0.027235,over_utai,0.00827426,over_utai,0.00988869,over_ai,0.00624498,over_ai,0.00991594,countIP,6.8706e+10,countIP0,7.34659e+10,keysum,6.81613e+10,pktSum,2.98724e+11,aggrSum,3.79829e+08,blackkey_num,226194427,feedback,39,feedsumportion,0.878656,finger0,11,finger,15,time,299641,runTime,1668.25
line,27855364,total,0.00798912,total0,0.0778306,false,0.00133616,over,0.00485007,false0,0.0235584,over0,0.0855139,overaggr,0.00557066,overcuckoo,0.00241845,over_uai,0.00250496,over_uai,0.027269,over_utai,0.0082709,over_utai,0.0098973,over_ai,0.0062416,over_ai,0.00991445,countIP,6.87424e+10,countIP0,7.35054e+10,keysum,6.81976e+10,pktSum,2.98898e+11,aggrSum,3.79906e+08,blackkey_num,227575112,feedback,39,feedsumportion,0.878656,finger0,11,finger,15,time,299641,runTime,1669.25
line,27871832,total,0.00798699,total0,0.0778223,false,0.00133507,over,0.00484625,false0,0.0235226,over0,0.085386,overaggr,0.00556945,overcuckoo,0.00241754,over_uai,0.00172847,over_uai,0.0255545,over_utai,0.0082667,over_utai,0.00990593,over_ai,0.00623796,over_ai,0.00991451,countIP,6.87807e+10,countIP0,7.35459e+10,keysum,6.82357e+10,pktSum,2.99075e+11,aggrSum,3.80035e+08,blackkey_num,229005409,feedback,39,feedsumportion,0.878656,finger0,11,finger,15,time,299641,runTime,1670.25
line,27888247,total,0.00798811,total0,0.077825,false,0.00134293,over,0.00487573,false0,0.0235135,over0,0.0853696,overaggr,0.005568,overcuckoo,0.00242012,over_uai,0.018718,over_uai,0.0294789,over_utai,0.00827223,over_utai,0.00991867,over_ai,0.00623458,over_ai,0.00992203,countIP,6.88199e+10,countIP0,7.3588e+10,keysum,6.82746e+10,pktSum,2.9926e+11,aggrSum,3.80153e+08,blackkey_num,230444746,feedback,43,feedsumportion,0.721627,finger0,11,finger,15,time,298540,runTime,1671.25
line,27904615,total,0.0079863,total0,0.0778174,false,0.00134184,over,0.0048742,false0,0.0234697,over0,0.085253,overaggr,0.00556669,overcuckoo,0.00241961,over_uai,0.0188535,over_uai,0.0256388,over_utai,0.00827811,over_utai,0.00992736,over_ai,0.00623112,over_ai,0.0099224,countIP,6.88567e+10,countIP0,7.3627e+10,keysum,6.83112e+10,pktSum,2.99441e+11,aggrSum,3.80267e+08,blackkey_num,234904786,feedback,43,feedsumportion,0.721627,finger0,11,finger,15,time,298540,runTime,1672.25
line,27921133,total,0.00798463,total0,0.0778149,false,0.00134219,over,0.00487476,false0,0.0234548,over0,0.0851868,overaggr,0.00556547,overcuckoo,0.00241917,over_uai,0.0173835,over_uai,0.0269493,over_utai,0.00828296,over_utai,0.0099363,over_ai,0.00622766,over_ai,0.00992304,countIP,6.88947e+10,countIP0,7.36675e+10,keysum,6.83489e+10,pktSum,2.99613e+11,aggrSum,3.80394e+08,blackkey_num,236886706,feedback,43,feedsumportion,0.721627,finger0,11,finger,15,time,298540,runTime,1673.25
line,27937775,total,0.00798256,total0,0.0778448,false,0.00134158,over,0.00487153,false0,0.0235305,over0,0.0854434,overaggr,0.00556389,overcuckoo,0.00241867,over_uai,0.0291997,over_uai,0.0291432,over_utai,0.00829394,over_utai,0.00994675,over_ai,0.00622435,over_ai,0.00992248,countIP,6.89332e+10,countIP0,7.37109e+10,keysum,6.83873e+10,pktSum,2.99785e+11,aggrSum,3.805e+08,blackkey_num,238257290,feedback,43,feedsumportion,0.721627,finger0,11,finger,15,time,298540,runTime,1674.25
line,27954008,total,0.00798514,total0,0.0778584,false,0.00135521,over,0.00491651,false0,0.023576,over0,0.0855304,overaggr,0.00556732,overcuckoo,0.00241782,over_uai,0.0211991,over_uai,0.0331959,over_utai,0.00830112,over_utai,0.00996299,over_ai,0.00622089,over_ai,0.00993332,countIP,6.89769e+10,countIP0,7.37583e+10,keysum,6.84304e+10,pktSum,2.99962e+11,aggrSum,3.80974e+08,blackkey_num,239317331,feedback,43,feedsumportion,0.721627,finger0,11,finger,15,time,298540,runTime,1675.25
line,27970637,total,0.00798185,total0,0.0778633,false,0.00135133,over,0.00490139,false0,0.0235824,over0,0.0855354,overaggr,0.00556458,overcuckoo,0.00241728,over_uai,0.00404126,over_uai,0.0201345,over_utai,0.00829821,over_utai,0.0099689,over_ai,0.00621814,over_ai,0.00992922,countIP,6.90161e+10,countIP0,7.38009e+10,keysum,6.84696e+10,pktSum,3.00138e+11,aggrSum,3.81004e+08,blackkey_num,240850342,feedback,45,feedsumportion,0.918735,finger0,11,finger,15,time,301102,runTime,1676.25
line,27987369,total,0.00797882,total0,0.0778755,false,0.00134747,over,0.0048882,false0,0.0236002,over0,0.0856141,overaggr,0.00556226,overcuckoo,0.00241657,over_uai,0.00290821,over_uai,0.0157561,over_utai,0.00829487,over_utai,0.00997224,over_ai,0.00621494,over_ai,0.00992627,countIP,6.90536e+10,countIP0,7.38421e+10,keysum,6.8507e+10,pktSum,3.00315e+11,aggrSum,3.81054e+08,blackkey_num,242603028,feedback,45,feedsumportion,0.918735,finger0,11,finger,15,time,301102,runTime,1677.25
line,28004151,total,0.00797752,total0,0.0778834,false,0.00134856,over,0.00489199,false0,0.0236106,over0,0.0856495,overaggr,0.00556159,overcuckoo,0.00241593,over_uai,0.00945549,over_uai,0.0185378,over_utai,0.00829514,over_utai,0.0099778,over_ai,0.00621194,over_ai,0.00992726,countIP,6.90915e+10,countIP0,7.38832e+10,keysum,6.85447e+10,pktSum,3.00489e+11,aggrSum,3.81217e+08,blackkey_num,244188508,feedback,45,feedsumportion,0.918735,finger0,11,finger,15,time,301102,runTime,1678.25
line,28020950,total,0.00797527,total0,0.07789,false,0.00134898,over,0.00488927,false0,0.0236359,over0,0.0856662,overaggr,0.00556056,overcuckoo,0.0024147,over_uai,0.00833717,over_uai,0.0223465,over_utai,0.00829497,over_utai,0.00998547,over_ai,0.00620837,over_ai,0.00992658,countIP,6.91355e+10,countIP0,7.39308e+10,keysum,6.85885e+10,pktSum,3.00669e+11,aggrSum,3.8139e+08,blackkey_num,245459922,feedback,45,feedsumportion,0.918735,finger0,11,finger,15,time,301102,runTime,1679.25
line,28037854,total,0.00797318,total0,0.0778737,false,0.00134964,over,0.0048877,false0,0.0235985,over0,0.0854615,overaggr,0.00555932,overcuckoo,0.00241386,over_uai,0.00604933,over_uai,0.0195935,over_utai,0.00829331,over_utai,0.00999147,over_ai,0.00620488,over_ai,0.00992594,countIP,6.91784e+10,countIP0,7.39758e+10,keysum,6.86312e+10,pktSum,3.00846e+11,aggrSum,3.81543e+08,blackkey_num,246978890,feedback,45,feedsumportion,0.918735,finger0,11,finger,15,time,301102,runTime,1680.25
line,28054810,total,0.00796911,total0,0.077893,false,0.00134508,over,0.00486727,false0,0.023656,over0,0.0856011,overaggr,0.00555622,overcuckoo,0.00241289,over_uai,0.01863,over_uai,0.0205559,over_utai,0.00829825,over_utai,0.00999878,over_ai,0.00620167,over_ai,0.00991983,countIP,6.92218e+10,countIP0,7.40237e+10,keysum,6.86745e+10,pktSum,3.01025e+11,aggrSum,3.81571e+08,blackkey_num,248573427,feedback,39,feedsumportion,0.846333,finger0,11,finger,15,time,304220,runTime,1681.25
line,28071536,total,0.00796776,total0,0.0778846,false,0.0013471,over,0.00487195,false0,0.0236346,over0,0.0854774,overaggr,0.00555458,overcuckoo,0.00241317,over_uai,0.0170359,over_uai,0.0303423,over_utai,0.00830262,over_utai,0.0100113,over_ai,0.00619844,over_ai,0.00992061,countIP,6.92628e+10,countIP0,7.40672e+10,keysum,6.87153e+10,pktSum,3.012e+11,aggrSum,3.81685e+08,blackkey_num,250328821,feedback,39,feedsumportion,0.846333,finger0,11,finger,15,time,304220,runTime,1682.25
line,28088571,total,0.00796516,total0,0.0778715,false,0.00134546,over,0.00486397,false0,0.0235986,over0,0.0853114,overaggr,0.00555305,overcuckoo,0.00241211,over_uai,0.0146745,over_uai,0.0283307,over_utai,0.00830601,over_utai,0.0100211,over_ai,0.0061952,over_ai,0.00991852,countIP,6.93019e+10,countIP0,7.41083e+10,keysum,6.87543e+10,pktSum,3.01368e+11,aggrSum,3.81796e+08,blackkey_num,251716989,feedback,39,feedsumportion,0.846333,finger0,11,finger,15,time,304220,runTime,1683.25
line,28105517,total,0.00796217,total0,0.0778584,false,0.00134219,over,0.00485174,false0,0.0235557,over0,0.0851491,overaggr,0.00555108,overcuckoo,0.00241109,over_uai,0.0134762,over_uai,0.0206447,over_utai,0.00830894,over_utai,0.0100267,over_ai,0.00619175,over_ai,0.00991613,countIP,6.93398e+10,countIP0,7.41481e+10,keysum,6.87921e+10,pktSum,3.01541e+11,aggrSum,3.8187e+08,blackkey_num,253533043,feedback,39,feedsumportion,0.846333,finger0,11,finger,15,time,304220,runTime,1684.25
line,28122264,total,0.00796058,total0,0.0778452,false,0.00134311,over,0.00485351,false0,0.023518,over0,0.0849855,overaggr,0.00555066,overcuckoo,0.00240992,over_uai,0.0159839,over_uai,0.0277313,over_utai,0.00831339,over_utai,0.0100369,over_ai,0.00618834,over_ai,0.00991662,countIP,6.93793e+10,countIP0,7.41896e+10,keysum,6.88314e+10,pktSum,3.01714e+11,aggrSum,3.8206e+08,blackkey_num,255263740,feedback,39,feedsumportion,0.846333,finger0,11,finger,15,time,304220,runTime,1685.25
line,28139239,total,0.00795739,total0,0.0778381,false,0.00133955,over,0.00484006,false0,0.0234919,over0,0.084881,overaggr,0.00554864,overcuckoo,0.00240875,over_uai,0.00560055,over_uai,0.0209224,over_utai,0.00831154,over_utai,0.0100434,over_ai,0.00618521,over_ai,0.00991277,countIP,6.94183e+10,countIP0,7.4231e+10,keysum,6.88703e+10,pktSum,3.0189e+11,aggrSum,3.82137e+08,blackkey_num,256594864,feedback,36,feedsumportion,0.846261,finger0,11,finger,15,time,302632,runTime,1686.25
line,28156095,total,0.00795647,total0,0.0778361,false,0.00134226,over,0.00484878,false0,0.0234811,over0,0.0848233,overaggr,0.00554707,overcuckoo,0.0024094,over_uai,0.00978068,over_uai,0.0228157,over_utai,0.00831231,over_utai,0.0100507,over_ai,0.00618162,over_ai,0.00991538,countIP,6.94596e+10,countIP0,7.42751e+10,keysum,6.89113e+10,pktSum,3.02073e+11,aggrSum,3.82256e+08,blackkey_num,257838526,feedback,36,feedsumportion,0.846261,finger0,11,finger,15,time,302632,runTime,1687.25
line,28172981,total,0.00795259,total0,0.0778236,false,0.00133726,over,0.00482975,false0,0.0234433,over0,0.0846695,overaggr,0.0055445,overcuckoo,0.00240809,over_uai,0.0114233,over_uai,0.0150146,over_utai,0.00831385,over_utai,0.0100536,over_ai,0.00617833,over_ai,0.00991,countIP,6.95003e+10,countIP0,7.4318e+10,keysum,6.89519e+10,pktSum,3.02255e+11,aggrSum,3.82304e+08,blackkey_num,259095810,feedback,36,feedsumportion,0.846261,finger0,11,finger,15,time,302632,runTime,1688.25
line,28189829,total,0.00794927,total0,0.0778553,false,0.00133318,over,0.00481533,false0,0.0235129,over0,0.0849268,overaggr,0.00554233,overcuckoo,0.00240694,over_uai,0.0149619,over_uai,0.0197137,over_utai,0.00831755,over_utai,0.0100586,over_ai,0.00617497,over_ai,0.00990655,countIP,6.95392e+10,countIP0,7.4362e+10,keysum,6.89907e+10,pktSum,3.02436e+11,aggrSum,3.82369e+08,blackkey_num,260441223,feedback,36,feedsumportion,0.846261,finger0,11,finger,15,time,302632,runTime,1689.25
line,28206678,total,0.00794558,total0,0.0778955,false,0.00132952,over,0.00479892,false0,0.02362,over0,0.0852567,overaggr,0.00553982,overcuckoo,0.00240576,over_uai,0.0146706,over_uai,0.0250437,over_utai,0.00832126,over_utai,0.0100678,over_ai,0.00617135,over_ai,0.00990237,countIP,6.95813e+10,countIP0,7.44101e+10,keysum,6.90328e+10,pktSum,3.02612e+11,aggrSum,3.82429e+08,blackkey_num,261703947,feedback,36,feedsumportion,0.846261,finger0,11,finger,15,time,302632,runTime,1690.25
line,28223150,total,0.00794118,total0,0.0779297,false,0.0013247,over,0.00477733,false0,0.0237152,over0,0.0855256,overaggr,0.00553667,overcuckoo,0.00240451,over_uai,0.0154597,over_uai,0.0486866,over_utai,0.00832518,over_utai,0.010095,over_ai,0.00616777,over_ai,0.00989616,countIP,6.96261e+10,countIP0,7.44607e+10,keysum,6.90775e+10,pktSum,3.02794e+11,aggrSum,3.82459e+08,blackkey_num,263043402,feedback,38,feedsumportion,0.758351,finger0,11,finger,15,time,302931,runTime,1691.25
line,28239571,total,0.00793752,total0,0.0779304,false,0.00132015,over,0.00476046,false0,0.0237086,over0,0.0854928,overaggr,0.00553409,overcuckoo,0.00240344,over_uai,0.0186815,over_uai,0.0489102,over_utai,0.00833068,over_utai,0.0101214,over_ai,0.00616481,over_ai,0.00989081,countIP,6.96654e+10,countIP0,7.45031e+10,keysum,6.91168e+10,pktSum,3.02972e+11,aggrSum,3.82499e+08,blackkey_num,264098042,feedback,38,feedsumportion,0.758351,finger0,11,finger,15,time,302931,runTime,1692.25
line,28256099,total,0.00793365,total0,0.077955,false,0.0013167,over,0.00474386,false0,0.0237787,over0,0.0856709,overaggr,0.00553139,overcuckoo,0.00240226,over_uai,0.0159457,over_uai,0.0420144,over_utai,0.00833483,over_utai,0.010144,over_ai,0.00616155,over_ai,0.00988531,countIP,6.971e+10,countIP0,7.45527e+10,keysum,6.91613e+10,pktSum,3.03153e+11,aggrSum,3.82558e+08,blackkey_num,265490749,feedback,38,feedsumportion,0.758351,finger0,11,finger,15,time,302931,runTime,1693.25
line,28272590,total,0.00793123,total0,0.0779583,false,0.00131549,over,0.00473865,false0,0.0237802,over0,0.0856609,overaggr,0.00552977,overcuckoo,0.00240146,over_uai,0.0150172,over_uai,0.0539734,over_utai,0.0083382,over_utai,0.0101715,over_ai,0.00615841,over_ai,0.00988345,countIP,6.97501e+10,countIP0,7.45961e+10,keysum,6.92012e+10,pktSum,3.03332e+11,aggrSum,3.82667e+08,blackkey_num,266690848,feedback,38,feedsumportion,0.758351,finger0,11,finger,15,time,302931,runTime,1694.25
line,28288877,total,0.00792828,total0,0.07795,false,0.0013135,over,0.00472942,false0,0.0237584,over0,0.085545,overaggr,0.00552756,overcuckoo,0.00240072,over_uai,0.0157305,over_uai,0.0517292,over_utai,0.00834266,over_utai,0.0101965,over_ai,0.00615485,over_ai,0.00988123,countIP,6.97919e+10,countIP0,7.46404e+10,keysum,6.92429e+10,pktSum,3.03512e+11,aggrSum,3.82744e+08,blackkey_num,268274185,feedback,38,feedsumportion,0.758351,finger0,11,finger,15,time,302931,runTime,1695.25
line,28305026,total,0.00792509,total0,0.0779829,false,0.00130988,over,0.00471683,false0,0.0238272,over0,0.0858007,overaggr,0.0055252,overcuckoo,0.00239989,over_uai,0.00558588,over_uai,0.0217709,over_utai,0.00834094,over_utai,0.0102025,over_ai,0.00615165,over_ai,0.00987772,countIP,6.98306e+10,countIP0,7.46843e+10,keysum,6.92815e+10,pktSum,3.03692e+11,aggrSum,3.82794e+08,blackkey_num,269473133,feedback,35,feedsumportion,0.74324,finger0,11,finger,15,time,302921,runTime,1696.25
line,28321528,total,0.00792316,total0,0.0779929,false,0.00130923,over,0.00471537,false0,0.0238367,over0,0.0858513,overaggr,0.00552409,overcuckoo,0.00239907,over_uai,0.00591094,over_uai,0.0227527,over_utai,0.0083394,over_utai,0.0102096,over_ai,0.00614881,over_ai,0.00987643,countIP,6.98688e+10,countIP0,7.47261e+10,keysum,6.93196e+10,pktSum,3.03873e+11,aggrSum,3.82928e+08,blackkey_num,271028518,feedback,35,feedsumportion,0.74324,finger0,11,finger,15,time,302921,runTime,1697.25
line,28337828,total,0.00791936,total0,0.0779779,false,0.00130508,over,0.00469875,false0,0.0237969,over0,0.085677,overaggr,0.00552144,overcuckoo,0.00239792,over_uai,0.00324733,over_uai,0.0148556,over_utai,0.00833646,over_utai,0.0102125,over_ai,0.00614572,over_ai,0.00987134,countIP,6.99105e+10,countIP0,7.47698e+10,keysum,6.93612e+10,pktSum,3.04054e+11,aggrSum,3.82974e+08,blackkey_num,273388447,feedback,35,feedsumportion,0.74324,finger0,11,finger,15,time,302921,runTime,1698.25
line,28354037,total,0.00791604,total0,0.077971,false,0.00130179,over,0.00468619,false0,0.0237724,over0,0.0855764,overaggr,0.00551897,overcuckoo,0.00239706,over_uai,0.00412911,over_uai,0.0173601,over_utai,0.00833392,over_utai,0.0102163,over_ai,0.00614238,over_ai,0.00986774,countIP,6.99514e+10,countIP0,7.48134e+10,keysum,6.9402e+10,pktSum,3.04237e+11,aggrSum,3.83028e+08,blackkey_num,275753919,feedback,35,feedsumportion,0.74324,finger0,11,finger,15,time,302921,runTime,1699.25
line,28370456,total,0.00791243,total0,0.0779832,false,0.00129832,over,0.00467166,false0,0.0238014,over0,0.0856429,overaggr,0.00551648,overcuckoo,0.00239596,over_uai,0.00295676,over_uai,0.0177413,over_utai,0.00833059,over_utai,0.0102207,over_ai,0.00613916,over_ai,0.00986293,countIP,6.99934e+10,countIP0,7.48593e+10,keysum,6.94439e+10,pktSum,3.04417e+11,aggrSum,3.83086e+08,blackkey_num,277237790,feedback,35,feedsumportion,0.74324,finger0,11,finger,15,time,302921,runTime,1700.25
line,28386622,total,0.0079094,total0,0.0779586,false,0.00129684,over,0.00466325,false0,0.0237458,over0,0.0853861,overaggr,0.00551424,overcuckoo,0.00239516,over_uai,0.0138154,over_uai,0.0206262,over_utai,0.00833397,over_utai,0.0102274,over_ai,0.00613576,over_ai,0.00985996,countIP,7.00378e+10,countIP0,7.49054e+10,keysum,6.94882e+10,pktSum,3.04602e+11,aggrSum,3.83175e+08,blackkey_num,278555324,feedback,38,feedsumportion,0.705982,finger0,11,finger,15,time,302487,runTime,1701.25
line,28402999,total,0.0079065,total0,0.0779398,false,0.00129528,over,0.00465542,false0,0.0237004,over0,0.0851826,overaggr,0.00551211,overcuckoo,0.0023944,over_uai,0.0140887,over_uai,0.0190977,over_utai,0.00833725,over_utai,0.0102324,over_ai,0.00613233,over_ai,0.00985756,countIP,7.00808e+10,countIP0,7.49502e+10,keysum,6.9531e+10,pktSum,3.04785e+11,aggrSum,3.83262e+08,blackkey_num,279750424,feedback,38,feedsumportion,0.705982,finger0,11,finger,15,time,302487,runTime,1702.25
line,28419832,total,0.00790397,total0,0.0779674,false,0.00129327,over,0.00464864,false0,0.0237553,over0,0.0853883,overaggr,0.00551018,overcuckoo,0.00239379,over_uai,0.0180647,over_uai,0.0257288,over_utai,0.00834282,over_utai,0.0102407,over_ai,0.00612933,over_ai,0.00985562,countIP,7.01182e+10,countIP0,7.49924e+10,keysum,6.95684e+10,pktSum,3.0496e+11,aggrSum,3.83334e+08,blackkey_num,281070313,feedback,38,feedsumportion,0.705982,finger0,11,finger,15,time,302487,runTime,1703.25
line,28436354,total,0.007902,total0,0.0780144,false,0.0012928,over,0.00464703,false0,0.0238575,over0,0.0857573,overaggr,0.00550881,overcuckoo,0.00239319,over_uai,0.0138959,over_uai,0.0298893,over_utai,0.00834588,over_utai,0.01025,over_ai,0.00612573,over_ai,0.00985596,countIP,7.01566e+10,countIP0,7.50369e+10,keysum,6.96066e+10,pktSum,3.05136e+11,aggrSum,3.83449e+08,blackkey_num,282327135,feedback,38,feedsumportion,0.705982,finger0,11,finger,15,time,302487,runTime,1704.25
line,28452817,total,0.00790007,total0,0.0780357,false,0.00129245,over,0.00464606,false0,0.0238969,over0,0.0859036,overaggr,0.00550733,overcuckoo,0.00239274,over_uai,0.0222541,over_uai,0.0304012,over_utai,0.00835373,over_utai,0.0102605,over_ai,0.00612243,over_ai,0.00985604,countIP,7.01957e+10,countIP0,7.50803e+10,keysum,6.96455e+10,pktSum,3.05316e+11,aggrSum,3.83561e+08,blackkey_num,283570518,feedback,38,feedsumportion,0.705982,finger0,11,finger,15,time,302487,runTime,1705.25
line,28469468,total,0.0078979,total0,0.0780593,false,0.00129193,over,0.00464332,false0,0.0239467,over0,0.0860667,overaggr,0.00550518,overcuckoo,0.00239272,over_uai,0.00371494,over_uai,0.0277232,over_utai,0.00835078,over_utai,0.0102696,over_ai,0.00611891,over_ai,0.00985563,countIP,7.02353e+10,countIP0,7.51245e+10,keysum,6.9685e+10,pktSum,3.05492e+11,aggrSum,3.83629e+08,blackkey_num,284846796,feedback,35,feedsumportion,0.871611,finger0,11,finger,15,time,299946,runTime,1706.25
line,28485851,total,0.00789679,total0,0.0780696,false,0.00129363,over,0.00464928,false0,0.0239614,over0,0.0861165,overaggr,0.00550508,overcuckoo,0.00239171,over_uai,0.00365917,over_uai,0.0265482,over_utai,0.00834758,over_utai,0.0102783,over_ai,0.00611538,over_ai,0.00985823,countIP,7.02743e+10,countIP0,7.51671e+10,keysum,6.97237e+10,pktSum,3.05669e+11,aggrSum,3.83835e+08,blackkey_num,286444569,feedback,35,feedsumportion,0.871611,finger0,11,finger,15,time,299946,runTime,1707.25
line,28502166,total,0.00789507,total0,0.0780885,false,0.00129317,over,0.00464913,false0,0.023988,over0,0.0862402,overaggr,0.00550434,overcuckoo,0.00239072,over_uai,0.00336403,over_uai,0.0345287,over_utai,0.0083444,over_utai,0.0102901,over_ai,0.00611202,over_ai,0.00985886,countIP,7.03112e+10,countIP0,7.5208e+10,keysum,6.97605e+10,pktSum,3.05848e+11,aggrSum,3.83986e+08,blackkey_num,287794857,feedback,35,feedsumportion,0.871611,finger0,11,finger,15,time,299946,runTime,1708.25
line,28518584,total,0.0078918,total0,0.0781096,false,0.00128969,over,0.00463692,false0,0.0240253,over0,0.0863798,overaggr,0.00550206,overcuckoo,0.00238974,over_uai,0.00286784,over_uai,0.0195291,over_utai,0.00834059,over_utai,0.0102951,over_ai,0.00610849,over_ai,0.00985604,countIP,7.03504e+10,countIP0,7.52515e+10,keysum,6.97995e+10,pktSum,3.06029e+11,aggrSum,3.84041e+08,blackkey_num,289337417,feedback,35,feedsumportion,0.871611,finger0,11,finger,15,time,299946,runTime,1709.25
line,28534878,total,0.00788791,total0,0.0781324,false,0.00128558,over,0.00462079,false0,0.024074,over0,0.0865298,overaggr,0.00549918,overcuckoo,0.00238873,over_uai,0.00191588,over_uai,0.0206892,over_utai,0.00833618,over_utai,0.0103005,over_ai,0.00610474,over_ai,0.00985198,countIP,7.03928e+10,countIP0,7.52988e+10,keysum,6.98418e+10,pktSum,3.06215e+11,aggrSum,3.84073e+08,blackkey_num,290495233,feedback,35,feedsumportion,0.871611,finger0,11,finger,15,time,299946,runTime,1710.25
line,28551359,total,0.00788461,total0,0.0781483,false,0.00128248,over,0.00460898,false0,0.0241031,over0,0.0866219,overaggr,0.00549692,overcuckoo,0.00238769,over_uai,0.0168306,over_uai,0.0203536,over_utai,0.00834102,over_utai,0.0103063,over_ai,0.00610144,over_ai,0.00984852,countIP,7.04332e+10,countIP0,7.53434e+10,keysum,6.98822e+10,pktSum,3.06396e+11,aggrSum,3.84137e+08,blackkey_num,291999032,feedback,32,feedsumportion,0.860512,finger0,11,finger,15,time,303296,runTime,1711.25
line,28567568,total,0.0078825,total0,0.0781463,false,0.00128112,over,0.00460592,false0,0.0240784,over0,0.0865673,overaggr,0.00549584,overcuckoo,0.00238665,over_uai,0.0165637,over_uai,0.0182542,over_utai,0.00834525,over_utai,0.0103109,over_ai,0.00609811,over_ai,0.00984801,countIP,7.04706e+10,countIP0,7.53834e+10,keysum,6.99195e+10,pktSum,3.06579e+11,aggrSum,3.84266e+08,blackkey_num,293478614,feedback,32,feedsumportion,0.860512,finger0,11,finger,15,time,303296,runTime,1712.25
line,28584044,total,0.00788879,total0,0.0781616,false,0.00130101,over,0.00467511,false0,0.0241137,over0,0.0866508,overaggr,0.0055034,overcuckoo,0.0023854,over_uai,0.0172768,over_uai,0.0399036,over_utai,0.00835053,over_utai,0.0103299,over_ai,0.00609464,over_ai,0.00986825,countIP,7.05152e+10,countIP0,7.54317e+10,keysum,6.99633e+10,pktSum,3.06765e+11,aggrSum,3.85035e+08,blackkey_num,294838131,feedback,32,feedsumportion,0.860512,finger0,11,finger,15,time,303296,runTime,1713.25
line,28600403,total,0.00788879,total0,0.0781737,false,0.0013057,over,0.00469101,false0,0.0241346,over0,0.0867088,overaggr,0.00550442,overcuckoo,0.00238437,over_uai,0.0202476,over_uai,0.0272209,over_utai,0.00835799,over_utai,0.0103406,over_ai,0.00609127,over_ai,0.00987259,countIP,7.05576e+10,countIP0,7.54779e+10,keysum,7.00053e+10,pktSum,3.06952e+11,aggrSum,3.85339e+08,blackkey_num,296089509,feedback,32,feedsumportion,0.860512,finger0,11,finger,15,time,303296,runTime,1714.25
line,28616967,total,0.00788728,total0,0.0782316,false,0.00130622,over,0.00469335,false0,0.0242537,over0,0.0871455,overaggr,0.00550387,overcuckoo,0.00238341,over_uai,0.0189842,over_uai,0.0257041,over_utai,0.00836484,over_utai,0.0103492,over_ai,0.00608811,over_ai,0.00987309,countIP,7.0597e+10,countIP0,7.55243e+10,keysum,7.00446e+10,pktSum,3.07136e+11,aggrSum,3.85516e+08,blackkey_num,297399944,feedback,32,feedsumportion,0.860512,finger0,11,finger,15,time,303296,runTime,1715.25
line,28633091,total,0.00788389,total0,0.0782853,false,0.00130263,over,0.00468086,false0,0.024362,over0,0.0875425,overaggr,0.0055013,overcuckoo,0.00238259,over_uai,0.003506,over_uai,0.0332576,over_utai,0.00836145,over_utai,0.0103647,over_ai,0.00608502,over_ai,0.00986873,countIP,7.0638e+10,countIP0,7.55721e+10,keysum,7.00855e+10,pktSum,3.07326e+11,aggrSum,3.85561e+08,blackkey_num,298611710,feedback,34,feedsumportion,0.936813,finger0,11,finger,15,time,300708,runTime,1716.25
line,28649448,total,0.00788102,total0,0.0783392,false,0.00130008,over,0.00467202,false0,0.0244708,over0,0.0879396,overaggr,0.00549919,overcuckoo,0.00238183,over_uai,0.00413412,over_uai,0.0227929,over_utai,0.00835874,over_utai,0.0103717,over_ai,0.00608195,over_ai,0.00986581,countIP,7.06772e+10,countIP0,7.56181e+10,keysum,7.01246e+10,pktSum,3.07508e+11,aggrSum,3.85628e+08,blackkey_num,300097536,feedback,34,feedsumportion,0.936813,finger0,11,finger,15,time,300708,runTime,1717.25
line,28665771,total,0.00787821,total0,0.0784351,false,0.00129672,over,0.00466296,false0,0.0246602,over0,0.0886772,overaggr,0.00549732,overcuckoo,0.00238089,over_uai,0.00276004,over_uai,0.0268115,over_utai,0.00835546,over_utai,0.0103824,over_ai,0.00607897,over_ai,0.00986282,countIP,7.07143e+10,countIP0,7.56647e+10,keysum,7.01615e+10,pktSum,3.07698e+11,aggrSum,3.85701e+08,blackkey_num,301245694,feedback,34,feedsumportion,0.936813,finger0,11,finger,15,time,300708,runTime,1718.25
line,28682059,total,0.00787457,total0,0.0784525,false,0.00129267,over,0.00464834,false0,0.0246867,over0,0.0887711,overaggr,0.00549476,overcuckoo,0.00237981,over_uai,0.00294181,over_uai,0.0197001,over_utai,0.00835201,over_utai,0.010388,over_ai,0.00607555,over_ai,0.00985868,countIP,7.07544e+10,countIP0,7.57091e+10,keysum,7.02016e+10,pktSum,3.07882e+11,aggrSum,3.85741e+08,blackkey_num,302574837,feedback,34,feedsumportion,0.936813,finger0,11,finger,15,time,300708,runTime,1719.25
line,28698410,total,0.0078719,total0,0.0784589,false,0.00129056,over,0.00464115,false0,0.0246861,over0,0.0887766,overaggr,0.00549236,overcuckoo,0.00237954,over_uai,0.00350596,over_uai,0.0241119,over_utai,0.00834903,over_utai,0.0103953,over_ai,0.00607212,over_ai,0.00985734,countIP,7.07932e+10,countIP0,7.57513e+10,keysum,7.02403e+10,pktSum,3.08062e+11,aggrSum,3.85785e+08,blackkey_num,304061503,feedback,34,feedsumportion,0.936813,finger0,11,finger,15,time,300708,runTime,1720.25
line,28714953,total,0.00786824,total0,0.0784865,false,0.00128627,over,0.00462568,false0,0.0247353,over0,0.0889533,overaggr,0.00548973,overcuckoo,0.00237851,over_uai,0.0448133,over_uai,0.0206833,over_utai,0.00836946,over_utai,0.0104007,over_ai,0.00606886,over_ai,0.00985286,countIP,7.0831e+10,countIP0,7.57939e+10,keysum,7.0278e+10,pktSum,3.08235e+11,aggrSum,3.85808e+08,blackkey_num,305508452,feedback,37,feedsumportion,0.723142,finger0,11,finger,15,time,298631,runTime,1721.25
line,28731486,total,0.00786612,total0,0.0785183,false,0.00128457,over,0.00462162,false0,0.0247836,over0,0.0891662,overaggr,0.00548749,overcuckoo,0.00237863,over_uai,0.0470247,over_uai,0.030637,over_utai,0.00839183,over_utai,0.0104109,over_ai,0.00606551,over_ai,0.00985243,countIP,7.08661e+10,countIP0,7.58339e+10,keysum,7.0313e+10,pktSum,3.0841e+11,aggrSum,3.85842e+08,blackkey_num,307206288,feedback,37,feedsumportion,0.723142,finger0,11,finger,15,time,298631,runTime,1722.25
line,28748319,total,0.00786332,total0,0.0785422,false,0.00128128,over,0.00461217,false0,0.0248123,over0,0.0893152,overaggr,0.00548517,overcuckoo,0.00237816,over_uai,0.019031,over_uai,0.0203699,over_utai,0.00839704,over_utai,0.0104162,over_ai,0.0060623,over_ai,0.00985002,countIP,7.09011e+10,countIP0,7.58733e+10,keysum,7.0348e+10,pktSum,3.08587e+11,aggrSum,3.8587e+08,blackkey_num,308641624,feedback,37,feedsumportion,0.723142,finger0,11,finger,15,time,298631,runTime,1723.25
line,28764587,total,0.00786083,total0,0.078609,false,0.00127927,over,0.00460609,false0,0.0249406,over0,0.0898003,overaggr,0.00548262,overcuckoo,0.00237821,over_uai,0.0168254,over_uai,0.0209988,over_utai,0.00840121,over_utai,0.0104215,over_ai,0.00605929,over_ai,0.00984762,countIP,7.09386e+10,countIP0,7.59182e+10,keysum,7.03853e+10,pktSum,3.08767e+11,aggrSum,3.85896e+08,blackkey_num,310006828,feedback,37,feedsumportion,0.723142,finger0,11,finger,15,time,298631,runTime,1724.25
line,28781035,total,0.00785768,total0,0.0786684,false,0.00127543,over,0.00459427,false0,0.0250476,over0,0.0902248,overaggr,0.00548041,overcuckoo,0.00237727,over_uai,0.0129857,over_uai,0.0221429,over_utai,0.00840358,over_utai,0.0104273,over_ai,0.00605603,over_ai,0.00984459,countIP,7.09746e+10,countIP0,7.59611e+10,keysum,7.04212e+10,pktSum,3.08946e+11,aggrSum,3.85937e+08,blackkey_num,311399141,feedback,37,feedsumportion,0.723142,finger0,11,finger,15,time,298631,runTime,1725.25
line,28797636,total,0.00785477,total0,0.0787302,false,0.001273,over,0.00458542,false0,0.0251697,over0,0.0906626,overaggr,0.00547833,overcuckoo,0.00237644,over_uai,0.00103737,over_uai,0.0190338,over_utai,0.00839914,over_utai,0.010432,over_ai,0.00605283,over_ai,0.0098419,countIP,7.10132e+10,countIP0,7.60071e+10,keysum,7.04598e+10,pktSum,3.09123e+11,aggrSum,3.86002e+08,blackkey_num,312681829,feedback,38,feedsumportion,0.441177,finger0,11,finger,15,time,303553,runTime,1726.25
line,28813686,total,0.00785065,total0,0.0787157,false,0.00126884,over,0.00456873,false0,0.0251316,over0,0.0904916,overaggr,0.0054754,overcuckoo,0.00237525,over_uai,0.00101597,over_uai,0.0211784,over_utai,0.00839487,over_utai,0.0104386,over_ai,0.00604955,over_ai,0.00983622,countIP,7.10563e+10,countIP0,7.60524e+10,keysum,7.05028e+10,pktSum,3.09309e+11,aggrSum,3.86031e+08,blackkey_num,313951443,feedback,38,feedsumportion,0.441177,finger0,11,finger,15,time,303553,runTime,1727.25
line,28829838,total,0.00785216,total0,0.0787275,false,0.00127625,over,0.00459496,false0,0.0251452,over0,0.0905322,overaggr,0.00547784,overcuckoo,0.00237431,over_uai,0.000700671,over_uai,0.0729995,over_utai,0.00838998,over_utai,0.01047,over_ai,0.00604596,over_ai,0.00984524,countIP,7.10963e+10,countIP0,7.60961e+10,keysum,7.05424e+10,pktSum,3.09488e+11,aggrSum,3.8642e+08,blackkey_num,315618480,feedback,38,feedsumportion,0.441177,finger0,11,finger,15,time,303553,runTime,1728.25
line,28846131,total,0.00787412,total0,0.0787541,false,0.00132655,over,0.00477875,false0,0.025176,over0,0.090694,overaggr,0.00550077,overcuckoo,0.00237335,over_uai,0.00200856,over_uai,0.115061,over_utai,0.00838624,over_utai,0.0105352,over_ai,0.00604369,over_ai,0.00990243,countIP,7.11331e+10,countIP0,7.61357e+10,keysum,7.05774e+10,pktSum,3.09667e+11,aggrSum,3.8823e+08,blackkey_num,317046487,feedback,38,feedsumportion,0.441177,finger0,11,finger,15,time,303553,runTime,1729.25
line,28862641,total,0.00787263,total0,0.0787354,false,0.00132647,over,0.00477966,false0,0.0251161,over0,0.0905006,overaggr,0.0055003,overcuckoo,0.00237233,over_uai,0.00937068,over_uai,0.0708948,over_utai,0.00838672,over_utai,0.0105656,over_ai,0.0060409,over_ai,0.00990287,countIP,7.11699e+10,countIP0,7.61738e+10,keysum,7.0614e+10,pktSum,3.09844e+11,aggrSum,3.88398e+08,blackkey_num,318743384,feedback,38,feedsumportion,0.441177,finger0,11,finger,15,time,303553,runTime,1730.25
line,28878966,total,0.00786998,total0,0.0787628,false,0.00132291,over,0.00477033,false0,0.0251445,over0,0.0906699,overaggr,0.00549845,overcuckoo,0.00237153,over_uai,0.00333214,over_uai,0.012481,over_utai,0.00838387,over_utai,0.0105662,over_ai,0.00603805,over_ai,0.0099003,countIP,7.12031e+10,countIP0,7.62115e+10,keysum,7.06471e+10,pktSum,3.10021e+11,aggrSum,3.8845e+08,blackkey_num,320041005,feedback,34,feedsumportion,0.970143,finger0,11,finger,15,time,303181,runTime,1731.25
line,28895157,total,0.00786716,total0,0.0788053,false,0.00131989,over,0.00476073,false0,0.0252156,over0,0.0909508,overaggr,0.00549657,overcuckoo,0.00237059,over_uai,0.00525696,over_uai,0.0125649,over_utai,0.00838188,over_utai,0.0105669,over_ai,0.00603482,over_ai,0.00989785,countIP,7.12392e+10,countIP0,7.62533e+10,keysum,7.06831e+10,pktSum,3.10195e+11,aggrSum,3.88514e+08,blackkey_num,322095483,feedback,34,feedsumportion,0.970143,finger0,11,finger,15,time,303181,runTime,1732.25
line,28911422,total,0.00786428,total0,0.0788044,false,0.0013171,over,0.00475102,false0,0.0251985,over0,0.0908956,overaggr,0.00549462,overcuckoo,0.00236967,over_uai,0.00403769,over_uai,0.0171126,over_utai,0.00837944,over_utai,0.0105703,over_ai,0.00603166,over_ai,0.00989532,countIP,7.1276e+10,countIP0,7.62928e+10,keysum,7.07198e+10,pktSum,3.10367e+11,aggrSum,3.88578e+08,blackkey_num,323873083,feedback,34,feedsumportion,0.970143,finger0,11,finger,15,time,303181,runTime,1733.25
line,28927570,total,0.00786061,total0,0.0787913,false,0.0013143,over,0.00473768,false0,0.0251718,over0,0.0907374,overaggr,0.0054919,overcuckoo,0.00236871,over_uai,0.00296572,over_uai,0.0101028,over_utai,0.00837577,over_utai,0.0105695,over_ai,0.00602776,over_ai,0.0098917,countIP,7.132e+10,countIP0,7.63394e+10,keysum,7.07638e+10,pktSum,3.10547e+11,aggrSum,3.88628e+08,blackkey_num,325369902,feedback,34,feedsumportion,0.970143,finger0,11,finger,15,time,303181,runTime,1734.25
line,28943927,total,0.0078568,total0,0.0788011,false,0.00131132,over,0.00472339,false0,0.0251959,over0,0.0907559,overaggr,0.00548933,overcuckoo,0.00236746,over_uai,0.0040333,over_uai,0.0132037,over_utai,0.00837292,over_utai,0.0105709,over_ai,0.00602423,over_ai,0.00988699,countIP,7.1364e+10,countIP0,7.63874e+10,keysum,7.08077e+10,pktSum,3.10724e+11,aggrSum,3.88687e+08,blackkey_num,326645938,feedback,34,feedsumportion,0.970143,finger0,11,finger,15,time,303181,runTime,1735.25
line,28960249,total,0.00785632,total0,0.0788121,false,0.00131552,over,0.00473464,false0,0.0252239,over0,0.0907826,overaggr,0.00548919,overcuckoo,0.00236712,over_uai,0.0209408,over_uai,0.0650426,over_utai,0.00837997,over_utai,0.0106072,over_ai,0.00602095,over_ai,0.00989017,countIP,7.14087e+10,countIP0,7.64361e+10,keysum,7.08521e+10,pktSum,3.109e+11,aggrSum,3.88921e+08,blackkey_num,328004603,feedback,37,feedsumportion,0.691368,finger0,11,finger,15,time,302768,runTime,1736.25
line,28976681,total,0.00785541,total0,0.0788315,false,0.00131846,over,0.00474203,false0,0.0252666,over0,0.0908745,overaggr,0.00548803,overcuckoo,0.00236738,over_uai,0.0391466,over_uai,0.0584203,over_utai,0.0083992,over_utai,0.0106356,over_ai,0.00601755,over_ai,0.00989237,countIP,7.14518e+10,countIP0,7.64836e+10,keysum,7.08948e+10,pktSum,3.11074e+11,aggrSum,3.89073e+08,blackkey_num,329321997,feedback,37,feedsumportion,0.691368,finger0,11,finger,15,time,302768,runTime,1737.25
line,28993125,total,0.00785378,total0,0.0788123,false,0.00131964,over,0.00474391,false0,0.0252237,over0,0.0906753,overaggr,0.0054864,overcuckoo,0.00236738,over_uai,0.104957,over_uai,0.0274893,over_utai,0.008448,over_utai,0.0106461,over_ai,0.0060145,over_ai,0.00989216,countIP,7.14947e+10,countIP0,7.65283e+10,keysum,7.09376e+10,pktSum,3.11254e+11,aggrSum,3.89192e+08,blackkey_num,330721253,feedback,37,feedsumportion,0.691368,finger0,11,finger,15,time,302768,runTime,1738.25
line,29009641,total,0.00785209,total0,0.0788384,false,0.00132116,over,0.00474609,false0,0.0252798,over0,0.0908147,overaggr,0.00548523,overcuckoo,0.00236687,over_uai,0.0124783,over_uai,0.0261347,over_utai,0.00845015,over_utai,0.0106571,over_ai,0.00601151,over_ai,0.00989153,countIP,7.15402e+10,countIP0,7.6579e+10,keysum,7.09828e+10,pktSum,3.11438e+11,aggrSum,3.89357e+08,blackkey_num,332382214,feedback,37,feedsumportion,0.691368,finger0,11,finger,15,time,302768,runTime,1739.25
line,29026222,total,0.00785116,total0,0.078873,false,0.00132452,over,0.00475422,false0,0.0253565,over0,0.0910146,overaggr,0.0054849,overcuckoo,0.00236626,over_uai,0.0806597,over_uai,0.029806,over_utai,0.00849416,over_utai,0.0106704,over_ai,0.0060082,over_ai,0.00989348,countIP,7.15867e+10,countIP0,7.66313e+10,keysum,7.1029e+10,pktSum,3.11622e+11,aggrSum,3.89587e+08,blackkey_num,334084762,feedback,37,feedsumportion,0.691368,finger0,11,finger,15,time,302768,runTime,1740.25
line,29042797,total,0.00784748,total0,0.0788881,false,0.00132302,over,0.00474312,false0,0.0254009,over0,0.0910637,overaggr,0.00548163,overcuckoo,0.00236585,over_uai,0.00569786,over_uai,0.0141229,over_utai,0.00849217,over_utai,0.010673,over_ai,0.00600573,over_ai,0.00988753,countIP,7.1637e+10,countIP0,7.66866e+10,keysum,7.10792e+10,pktSum,3.11811e+11,aggrSum,3.8963e+08,blackkey_num,335893252,feedback,35,feedsumportion,0.895605,finger0,11,finger,15,time,301876,runTime,1741.25
line,29059315,total,0.00784294,total0,0.0789043,false,0.00131968,over,0.00472594,false0,0.0254443,over0,0.091119,overaggr,0.0054783,overcuckoo,0.00236464,over_uai,0.00626296,over_uai,0.0121586,over_utai,0.00849061,over_utai,0.0106741,over_ai,0.00600281,over_ai,0.00987945,countIP,7.16879e+10,countIP0,7.67425e+10,keysum,7.113e+10,pktSum,3.12006e+11,aggrSum,3.89672e+08,blackkey_num,337694330,feedback,35,feedsumportion,0.895605,finger0,11,finger,15,time,301876,runTime,1742.25
line,29075951,total,0.00784048,total0,0.0789286,false,0.00131973,over,0.00472297,false0,0.0254947,over0,0.091239,overaggr,0.00547686,overcuckoo,0.00236363,over_uai,0.0249258,over_uai,0.0180824,over_utai,0.00849927,over_utai,0.01068,over_ai,0.00600006,over_ai,0.00987649,countIP,7.1735e+10,countIP0,7.67949e+10,keysum,7.1177e+10,pktSum,3.12198e+11,aggrSum,3.89826e+08,blackkey_num,339265314,feedback,35,feedsumportion,0.895605,finger0,11,finger,15,time,301876,runTime,1743.25
line,29092761,total,0.00784487,total0,0.0789578,false,0.00133177,over,0.00476736,false0,0.0255343,over0,0.0914055,overaggr,0.00548181,overcuckoo,0.00236305,over_uai,0.0309918,over_uai,0.0378704,over_utai,0.00851179,over_utai,0.0106958,over_ai,0.00599713,over_ai,0.00989126,countIP,7.17735e+10,countIP0,7.68378e+10,keysum,7.12148e+10,pktSum,3.12381e+11,aggrSum,3.90386e+08,blackkey_num,340760021,feedback,35,feedsumportion,0.895605,finger0,11,finger,15,time,301876,runTime,1744.25
line,29109771,total,0.0078407,total0,0.0789666,false,0.00132863,over,0.00475157,false0,0.0255601,over0,0.0914104,overaggr,0.0054788,overcuckoo,0.00236191,over_uai,0.0158977,over_uai,0.019583,over_utai,0.0085159,over_utai,0.0107018,over_ai,0.00599403,over_ai,0.00988475,countIP,7.182e+10,countIP0,7.68886e+10,keysum,7.12613e+10,pktSum,3.12561e+11,aggrSum,3.90426e+08,blackkey_num,342452419,feedback,35,feedsumportion,0.895605,finger0,11,finger,15,time,301876,runTime,1745.25
line,29126480,total,0.00783623,total0,0.0789369,false,0.00132516,over,0.00473385,false0,0.0255115,over0,0.0911342,overaggr,0.00547565,overcuckoo,0.00236058,over_uai,0.0120811,over_uai,0.0309476,over_utai,0.00851769,over_utai,0.0107159,over_ai,0.00599053,over_ai,0.0098784,countIP,7.18672e+10,countIP0,7.69372e+10,keysum,7.13084e+10,pktSum,3.12737e+11,aggrSum,3.90459e+08,blackkey_num,343908487,feedback,36,feedsumportion,0.879147,finger0,11,finger,15,time,319046,runTime,1746.25
line,29143285,total,0.00783395,total0,0.0789518,false,0.00132358,over,0.00472921,false0,0.0255233,over0,0.0911956,overaggr,0.00547403,overcuckoo,0.00235992,over_uai,0.0245782,over_uai,0.0446003,over_utai,0.00852682,over_utai,0.0107344,over_ai,0.00598732,over_ai,0.0098774,countIP,7.1905e+10,countIP0,7.6979e+10,keysum,7.13461e+10,pktSum,3.12917e+11,aggrSum,3.90551e+08,blackkey_num,345870619,feedback,36,feedsumportion,0.879147,finger0,11,finger,15,time,319046,runTime,1747.25
line,29160372,total,0.00783241,total0,0.0789678,false,0.0013233,over,0.00472953,false0,0.0255359,over0,0.0912661,overaggr,0.00547287,overcuckoo,0.00235954,over_uai,0.0302037,over_uai,0.0412398,over_utai,0.0085402,over_utai,0.0107498,over_ai,0.00598552,over_ai,0.00987621,countIP,7.19417e+10,countIP0,7.70195e+10,keysum,7.13826e+10,pktSum,3.13093e+11,aggrSum,3.90667e+08,blackkey_num,347932098,feedback,36,feedsumportion,0.879147,finger0,11,finger,15,time,319046,runTime,1748.25
line,29177460,total,0.00783115,total0,0.0789696,false,0.00132419,over,0.00473266,false0,0.025526,over0,0.0912302,overaggr,0.00547247,overcuckoo,0.00235868,over_uai,0.0469483,over_uai,0.0449885,over_utai,0.00856217,over_utai,0.0107677,over_ai,0.00598195,over_ai,0.00987825,countIP,7.19809e+10,countIP0,7.70617e+10,keysum,7.14216e+10,pktSum,3.13272e+11,aggrSum,3.90852e+08,blackkey_num,349487481,feedback,36,feedsumportion,0.879147,finger0,11,finger,15,time,319046,runTime,1749.25
line,29194198,total,0.00783105,total0,0.0789514,false,0.00132686,over,0.00474351,false0,0.0254696,over0,0.0910537,overaggr,0.00547284,overcuckoo,0.0023582,over_uai,0.0204961,over_uai,0.043308,over_utai,0.00856877,over_utai,0.0107861,over_ai,0.00597852,over_ai,0.00988365,countIP,7.20183e+10,countIP0,7.71005e+10,keysum,7.14587e+10,pktSum,3.13451e+11,aggrSum,3.91082e+08,blackkey_num,350933997,feedback,36,feedsumportion,0.879147,finger0,11,finger,15,time,319046,runTime,1750.25
line,29211169,total,0.00782996,total0,0.0789736,false,0.00132694,over,0.00474606,false0,0.0254905,over0,0.0911722,overaggr,0.00547215,overcuckoo,0.00235781,over_uai,0.0134445,over_uai,0.0340119,over_utai,0.00857134,over_utai,0.0107977,over_ai,0.00597558,over_ai,0.00988541,countIP,7.20519e+10,countIP0,7.71381e+10,keysum,7.14921e+10,pktSum,3.13621e+11,aggrSum,3.91216e+08,blackkey_num,352767128,feedback,38,feedsumportion,0.87017,finger0,11,finger,15,time,351351,runTime,1751.25
line,29228114,total,0.00782952,total0,0.0789957,false,0.0013295,over,0.00475485,false0,0.0255236,over0,0.0912828,overaggr,0.00547208,overcuckoo,0.00235744,over_uai,0.00898974,over_uai,0.0330176,over_utai,0.00857136,over_utai,0.0108101,over_ai,0.00597232,over_ai,0.00988872,countIP,7.20908e+10,countIP0,7.71814e+10,keysum,7.15308e+10,pktSum,3.13795e+11,aggrSum,3.91422e+08,blackkey_num,354481098,feedback,38,feedsumportion,0.87017,finger0,11,finger,15,time,351351,runTime,1752.25
line,29244784,total,0.00782887,total0,0.0790143,false,0.00133088,over,0.00476126,false0,0.0255403,over0,0.0913716,overaggr,0.0054716,overcuckoo,0.00235727,over_uai,0.00604354,over_uai,0.0338788,over_utai,0.00856973,over_utai,0.0108227,over_ai,0.00596919,over_ai,0.00989119,countIP,7.21272e+10,countIP0,7.72217e+10,keysum,7.15669e+10,pktSum,3.13972e+11,aggrSum,3.91585e+08,blackkey_num,355939822,feedback,38,feedsumportion,0.87017,finger0,11,finger,15,time,351351,runTime,1753.25
line,29261284,total,0.0078265,total0,0.0789958,false,0.00132991,over,0.004757,false0,0.0254939,over0,0.0911897,overaggr,0.00546963,overcuckoo,0.00235687,over_uai,0.00854724,over_uai,0.0216051,over_utai,0.00856956,over_utai,0.0108285,over_ai,0.00596584,over_ai,0.00988984,countIP,7.21687e+10,countIP0,7.7265e+10,keysum,7.16083e+10,pktSum,3.14155e+11,aggrSum,3.91671e+08,blackkey_num,357390666,feedback,38,feedsumportion,0.87017,finger0,11,finger,15,time,351351,runTime,1754.25
line,29277436,total,0.00782431,total0,0.0789968,false,0.0013297,over,0.00475431,false0,0.0254919,over0,0.0911456,overaggr,0.00546815,overcuckoo,0.00235615,over_uai,0.00591967,over_uai,0.0319751,over_utai,0.00856773,over_utai,0.0108394,over_ai,0.00596216,over_ai,0.00988978,countIP,7.22112e+10,countIP0,7.73108e+10,keysum,7.16506e+10,pktSum,3.14334e+11,aggrSum,3.91796e+08,blackkey_num,359148042,feedback,38,feedsumportion,0.87017,finger0,11,finger,15,time,351351,runTime,1755.25
line,29293746,total,0.00782281,total0,0.0790084,false,0.00133073,over,0.00475618,false0,0.0255106,over0,0.091178,overaggr,0.00546698,overcuckoo,0.00235583,over_uai,0.0125859,over_uai,0.0107157,over_utai,0.00856998,over_utai,0.010839,over_ai,0.00595896,over_ai,0.00989045,countIP,7.22526e+10,countIP0,7.7356e+10,keysum,7.16917e+10,pktSum,3.14508e+11,aggrSum,3.91937e+08,blackkey_num,360321438,feedback,37,feedsumportion,0.897192,finger0,11,finger,15,time,307931,runTime,1756.25
line,29310088,total,0.00782111,total0,0.0790354,false,0.00133127,over,0.0047565,false0,0.0255589,over0,0.0913194,overaggr,0.00546563,overcuckoo,0.00235548,over_uai,0.0122716,over_uai,0.013593,over_utai,0.00857233,over_utai,0.0108401,over_ai,0.00595544,over_ai,0.00989131,countIP,7.22936e+10,countIP0,7.74019e+10,keysum,7.17325e+10,pktSum,3.14683e+11,aggrSum,3.92064e+08,blackkey_num,361606360,feedback,37,feedsumportion,0.897192,finger0,11,finger,15,time,307931,runTime,1757.25
line,29326737,total,0.00782058,total0,0.0790464,false,0.00133358,over,0.00476429,false0,0.02557,over0,0.09135,overaggr,0.00546536,overcuckoo,0.00235523,over_uai,0.0160791,over_uai,0.011772,over_utai,0.00857665,over_utai,0.0108405,over_ai,0.00595212,over_ai,0.00989489,countIP,7.23322e+10,countIP0,7.74442e+10,keysum,7.17709e+10,pktSum,3.14854e+11,aggrSum,3.92254e+08,blackkey_num,362859844,feedback,37,feedsumportion,0.897192,finger0,11,finger,15,time,307931,runTime,1758.25
line,29343353,total,0.00781943,total0,0.0790454,false,0.00133455,over,0.00476766,false0,0.0255557,over0,0.0912976,overaggr,0.0054646,overcuckoo,0.00235483,over_uai,0.0139301,over_uai,0.00961176,over_utai,0.0085798,over_utai,0.0108394,over_ai,0.00594873,over_ai,0.009897,countIP,7.23708e+10,countIP0,7.74855e+10,keysum,7.18093e+10,pktSum,3.15029e+11,aggrSum,3.92409e+08,blackkey_num,364001162,feedback,37,feedsumportion,0.897192,finger0,11,finger,15,time,307931,runTime,1759.25
line,29359855,total,0.00781884,total0,0.0790449,false,0.00133597,over,0.00477406,false0,0.0255358,over0,0.0912519,overaggr,0.00546432,overcuckoo,0.00235452,over_uai,0.0184388,over_uai,0.0773614,over_utai,0.00858473,over_utai,0.0108762,over_ai,0.0059456,over_ai,0.00990034,countIP,7.24066e+10,countIP0,7.75238e+10,keysum,7.18448e+10,pktSum,3.15202e+11,aggrSum,3.92583e+08,blackkey_num,365420067,feedback,37,feedsumportion,0.897192,finger0,11,finger,15,time,307931,runTime,1760.25
line,29376111,total,0.00781518,total0,0.0790224,false,0.00133284,over,0.0047608,false0,0.0254896,over0,0.0910468,overaggr,0.00546169,overcuckoo,0.00235349,over_uai,0.0030046,over_uai,0.0667307,over_utai,0.00858155,over_utai,0.0109059,over_ai,0.00594225,over_ai,0.00989587,countIP,7.2448e+10,countIP0,7.75668e+10,keysum,7.18862e+10,pktSum,3.15375e+11,aggrSum,3.9262e+08,blackkey_num,366891835,feedback,43,feedsumportion,0.879683,finger0,11,finger,15,time,305208,runTime,1761.25
line,29392522,total,0.0078122,total0,0.0790303,false,0.00133018,over,0.00475134,false0,0.0254925,over0,0.0910579,overaggr,0.0054595,overcuckoo,0.00235269,over_uai,0.00288573,over_uai,0.0759062,over_utai,0.00857793,over_utai,0.0109361,over_ai,0.00593902,over_ai,0.00989318,countIP,7.24861e+10,countIP0,7.76084e+10,keysum,7.19242e+10,pktSum,3.15549e+11,aggrSum,3.9267e+08,blackkey_num,368020773,feedback,43,feedsumportion,0.879683,finger0,11,finger,15,time,305208,runTime,1762.25
line,29408906,total,0.00780906,total0,0.0790415,false,0.00132746,over,0.00474112,false0,0.0255042,over0,0.0910899,overaggr,0.00545732,overcuckoo,0.00235175,over_uai,0.00429013,over_uai,0.06609,over_utai,0.00857533,over_utai,0.0109655,over_ai,0.00593581,over_ai,0.00989025,countIP,7.2525e+10,countIP0,7.76511e+10,keysum,7.19631e+10,pktSum,3.15723e+11,aggrSum,3.92725e+08,blackkey_num,369407782,feedback,43,feedsumportion,0.879683,finger0,11,finger,15,time,305208,runTime,1763.25
line,29425019,total,0.00780661,total0,0.0790575,false,0.00132554,over,0.00473498,false0,0.0255193,over0,0.0911577,overaggr,0.00545558,overcuckoo,0.00235103,over_uai,0.0068569,over_uai,0.0771897,over_utai,0.00857408,over_utai,0.0109975,over_ai,0.00593256,over_ai,0.00988906,countIP,7.25618e+10,countIP0,7.76919e+10,keysum,7.19997e+10,pktSum,3.15896e+11,aggrSum,3.928e+08,blackkey_num,370788986,feedback,43,feedsumportion,0.879683,finger0,11,finger,15,time,305208,runTime,1764.25
line,29441271,total,0.0078037,total0,0.0790646,false,0.00132389,over,0.00472706,false0,0.0255308,over0,0.0911594,overaggr,0.00545306,overcuckoo,0.00235064,over_uai,0.00312778,over_uai,0.0658213,over_utai,0.0085706,over_utai,0.0110271,over_ai,0.0059291,over_ai,0.00988709,countIP,7.26029e+10,countIP0,7.77366e+10,keysum,7.20407e+10,pktSum,3.16067e+11,aggrSum,3.92842e+08,blackkey_num,372084456,feedback,43,feedsumportion,0.879683,finger0,11,finger,15,time,305208,runTime,1765.25
line,29458122,total,0.00780191,total0,0.0790805,false,0.00132292,over,0.00472502,false0,0.0255421,over0,0.0912276,overaggr,0.00545179,overcuckoo,0.00235012,over_uai,0.0125383,over_uai,0.00804454,over_utai,0.00857269,over_utai,0.0110252,over_ai,0.005926,over_ai,0.00988736,countIP,7.26381e+10,countIP0,7.77756e+10,keysum,7.20758e+10,pktSum,3.16239e+11,aggrSum,3.92942e+08,blackkey_num,373492814,feedback,36,feedsumportion,0.675286,finger0,11,finger,15,time,305498,runTime,1766.25
line,29474871,total,0.00779887,total0,0.079101,false,0.00132007,over,0.00471513,false0,0.0255676,over0,0.0913246,overaggr,0.00544951,overcuckoo,0.00234936,over_uai,0.0144712,over_uai,0.0055061,over_utai,0.0085758,over_utai,0.0110221,over_ai,0.00592278,over_ai,0.00988458,countIP,7.26753e+10,countIP0,7.78171e+10,keysum,7.21129e+10,pktSum,3.16411e+11,aggrSum,3.9298e+08,blackkey_num,374909263,feedback,36,feedsumportion,0.675286,finger0,11,finger,15,time,305498,runTime,1767.25
line,29491118,total,0.00779552,total0,0.0790981,false,0.00131752,over,0.00470446,false0,0.0255574,over0,0.0912574,overaggr,0.00544718,overcuckoo,0.00234834,over_uai,0.0142458,over_uai,0.00479238,over_utai,0.00857873,over_utai,0.0110184,over_ai,0.00591935,over_ai,0.00988124,countIP,7.27169e+10,countIP0,7.78617e+10,keysum,7.21544e+10,pktSum,3.16588e+11,aggrSum,3.93038e+08,blackkey_num,376404130,feedback,36,feedsumportion,0.675286,finger0,11,finger,15,time,305498,runTime,1768.25
line,29507575,total,0.00779478,total0,0.0790952,false,0.00131981,over,0.00471123,false0,0.0255463,over0,0.0911911,overaggr,0.00544728,overcuckoo,0.00234751,over_uai,0.0121744,over_uai,0.0148852,over_utai,0.00858082,over_utai,0.01102,over_ai,0.00591568,over_ai,0.00988502,countIP,7.27578e+10,countIP0,7.79054e+10,keysum,7.21951e+10,pktSum,3.16763e+11,aggrSum,3.93267e+08,blackkey_num,377928042,feedback,36,feedsumportion,0.675286,finger0,11,finger,15,time,305498,runTime,1769.25
line,29523906,total,0.00779283,total0,0.0791033,false,0.00132013,over,0.00471016,false0,0.0255604,over0,0.0911982,overaggr,0.00544624,overcuckoo,0.00234658,over_uai,0.0107172,over_uai,0.00797609,over_utai,0.00858202,over_utai,0.0110179,over_ai,0.00591198,over_ai,0.00988604,countIP,7.28001e+10,countIP0,7.79513e+10,keysum,7.22371e+10,pktSum,3.16937e+11,aggrSum,3.93421e+08,blackkey_num,379167988,feedback,36,feedsumportion,0.675286,finger0,11,finger,15,time,305498,runTime,1770.25
line,29540214,total,0.00778952,total0,0.079105,false,0.00131691,over,0.0046988,false0,0.025551,over0,0.0911676,overaggr,0.0054438,overcuckoo,0.00234573,over_uai,0.00295511,over_uai,0.00288458,over_utai,0.00857861,over_utai,0.011013,over_ai,0.00590853,over_ai,0.00988295,countIP,7.2838e+10,countIP0,7.79924e+10,keysum,7.2275e+10,pktSum,3.17111e+11,aggrSum,3.93451e+08,blackkey_num,380816843,feedback,34,feedsumportion,0.871728,finger0,11,finger,15,time,304773,runTime,1771.25
line,29556597,total,0.00778661,total0,0.079123,false,0.00131384,over,0.00468931,false0,0.0255659,over0,0.091249,overaggr,0.00544159,overcuckoo,0.00234502,over_uai,0.00401626,over_uai,0.00483334,over_utai,0.00857584,over_utai,0.0110099,over_ai,0.0059053,over_ai,0.0098807,countIP,7.2873e+10,countIP0,7.80314e+10,keysum,7.231e+10,pktSum,3.17283e+11,aggrSum,3.93482e+08,blackkey_num,382631856,feedback,34,feedsumportion,0.871728,finger0,11,finger,15,time,304773,runTime,1772.25
line,29572890,total,0.00778384,total0,0.0791444,false,0.0013111,over,0.00468104,false0,0.0255865,over0,0.0913518,overaggr,0.00543947,overcuckoo,0.00234438,over_uai,0.00422812,over_uai,0.00322862,over_utai,0.00857331,over_utai,0.0110044,over_ai,0.00590226,over_ai,0.00987833,countIP,7.29089e+10,countIP0,7.80715e+10,keysum,7.23458e+10,pktSum,3.17459e+11,aggrSum,3.93522e+08,blackkey_num,384081968,feedback,34,feedsumportion,0.871728,finger0,11,finger,15,time,304773,runTime,1773.25
line,29589234,total,0.0077805,total0,0.0791366,false,0.00130873,over,0.0046706,false0,0.0255697,over0,0.0912533,overaggr,0.00543687,overcuckoo,0.00234363,over_uai,0.00501778,over_uai,0.00313334,over_utai,0.00857148,over_utai,0.0109988,over_ai,0.0058994,over_ai,0.00987396,countIP,7.29504e+10,countIP0,7.81156e+10,keysum,7.23872e+10,pktSum,3.17632e+11,aggrSum,3.9356e+08,blackkey_num,385215941,feedback,34,feedsumportion,0.871728,finger0,11,finger,15,time,304773,runTime,1774.25
line,29605355,total,0.00777977,total0,0.0791419,false,0.00131232,over,0.00467916,false0,0.0255881,over0,0.0912363,overaggr,0.00543711,overcuckoo,0.00234267,over_uai,0.00274046,over_uai,0.00980987,over_utai,0.00856789,over_utai,0.0109976,over_ai,0.00589598,over_ai,0.00987668,countIP,7.29978e+10,countIP0,7.81669e+10,keysum,7.24343e+10,pktSum,3.17812e+11,aggrSum,3.93833e+08,blackkey_num,386314063,feedback,34,feedsumportion,0.871728,finger0,11,finger,15,time,304773,runTime,1775.25
line,29621675,total,0.00777839,total0,0.0791579,false,0.00131361,over,0.00468181,false0,0.0256158,over0,0.0912963,overaggr,0.00543575,overcuckoo,0.00234264,over_uai,0.0134234,over_uai,0.0968192,over_utai,0.00857043,over_utai,0.0110462,over_ai,0.00589269,over_ai,0.00987796,countIP,7.30397e+10,countIP0,7.8213e+10,keysum,7.24759e+10,pktSum,3.17985e+11,aggrSum,3.93961e+08,blackkey_num,389561575,feedback,35,feedsumportion,0.830104,finger0,11,finger,15,time,304714,runTime,1776.25
line,29638034,total,0.00777792,total0,0.0791899,false,0.00131572,over,0.00468936,false0,0.0256629,over0,0.0914653,overaggr,0.00543471,overcuckoo,0.00234321,over_uai,0.0155759,over_uai,0.128979,over_utai,0.00857456,over_utai,0.0111014,over_ai,0.00588933,over_ai,0.00988215,countIP,7.30778e+10,countIP0,7.82561e+10,keysum,7.25138e+10,pktSum,3.18158e+11,aggrSum,3.94091e+08,blackkey_num,390895923,feedback,35,feedsumportion,0.830104,finger0,11,finger,15,time,304714,runTime,1777.25
line,29654570,total,0.00777687,total0,0.0792124,false,0.00131769,over,0.00469429,false0,0.0257029,over0,0.0915665,overaggr,0.00543407,overcuckoo,0.00234281,over_uai,0.0147445,over_uai,0.149402,over_utai,0.00857812,over_utai,0.0111796,over_ai,0.00588598,over_ai,0.00988425,countIP,7.31201e+10,countIP0,7.83032e+10,keysum,7.25559e+10,pktSum,3.18333e+11,aggrSum,3.94273e+08,blackkey_num,392270669,feedback,35,feedsumportion,0.830104,finger0,11,finger,15,time,304714,runTime,1778.25
line,29671096,total,0.00777603,total0,0.0792308,false,0.00131945,over,0.00469983,false0,0.0257282,over0,0.0916429,overaggr,0.00543338,overcuckoo,0.00234265,over_uai,0.0149093,over_uai,0.100506,over_utai,0.00858156,over_utai,0.011233,over_ai,0.00588301,over_ai,0.00988657,countIP,7.31602e+10,countIP0,7.83476e+10,keysum,7.25957e+10,pktSum,3.18509e+11,aggrSum,3.9444e+08,blackkey_num,393602108,feedback,35,feedsumportion,0.830104,finger0,11,finger,15,time,304714,runTime,1779.25
line,29687678,total,0.0077753,total0,0.0792418,false,0.00132165,over,0.00470634,false0,0.0257426,over0,0.0916688,overaggr,0.00543266,overcuckoo,0.00234263,over_uai,0.0134632,over_uai,0.0946068,over_utai,0.0085845,over_utai,0.0112744,over_ai,0.00587948,over_ai,0.00989034,countIP,7.32013e+10,countIP0,7.83924e+10,keysum,7.26365e+10,pktSum,3.18684e+11,aggrSum,3.9461e+08,blackkey_num,394749978,feedback,35,feedsumportion,0.830104,finger0,11,finger,15,time,304714,runTime,1780.25
line,29704263,total,0.00777297,total0,0.0792473,false,0.00132086,over,0.00470207,false0,0.0257486,over0,0.0916611,overaggr,0.00543111,overcuckoo,0.00234186,over_uai,0.00281553,over_uai,0.00698979,over_utai,0.00858111,over_utai,0.0112721,over_ai,0.0058761,over_ai,0.00988977,countIP,7.3241e+10,countIP0,7.84355e+10,keysum,7.26761e+10,pktSum,3.18852e+11,aggrSum,3.94711e+08,blackkey_num,396165277,feedback,35,feedsumportion,0.921877,finger0,11,finger,15,time,304425,runTime,1781.25
line,29720569,total,0.00777094,total0,0.0792511,false,0.00132134,over,0.00470088,false0,0.0257577,over0,0.0916373,overaggr,0.00542994,overcuckoo,0.002341,over_uai,0.00878213,over_uai,0.0118801,over_utai,0.00858103,over_utai,0.0112719,over_ai,0.00587264,over_ai,0.00988939,countIP,7.32849e+10,countIP0,7.84829e+10,keysum,7.27198e+10,pktSum,3.19027e+11,aggrSum,3.94864e+08,blackkey_num,397508135,feedback,35,feedsumportion,0.921877,finger0,11,finger,15,time,304425,runTime,1782.25
line,29736857,total,0.00776791,total0,0.079256,false,0.00131894,over,0.00469188,false0,0.025757,over0,0.0916256,overaggr,0.00542754,overcuckoo,0.00234036,over_uai,0.00302328,over_uai,0.0228022,over_utai,0.00857778,over_utai,0.0112776,over_ai,0.00586945,over_ai,0.00988673,countIP,7.33239e+10,countIP0,7.85253e+10,keysum,7.27587e+10,pktSum,3.192e+11,aggrSum,3.94901e+08,blackkey_num,398736645,feedback,35,feedsumportion,0.921877,finger0,11,finger,15,time,304425,runTime,1783.25
line,29753516,total,0.00776574,total0,0.079276,false,0.00131832,over,0.00468859,false0,0.0257872,over0,0.091712,overaggr,0.00542565,overcuckoo,0.00234009,over_uai,0.00324247,over_uai,0.00698208,over_utai,0.00857471,over_utai,0.011275,over_ai,0.00586626,over_ai,0.00988614,countIP,7.33633e+10,countIP0,7.85691e+10,keysum,7.2798e+10,pktSum,3.1937e+11,aggrSum,3.94976e+08,blackkey_num,399951095,feedback,35,feedsumportion,0.921877,finger0,11,finger,15,time,304425,runTime,1784.25
line,29770075,total,0.00776239,total0,0.0793035,false,0.00131592,over,0.00467817,false0,0.0258347,over0,0.0918436,overaggr,0.00542326,overcuckoo,0.00233913,over_uai,0.0017697,over_uai,0.00425629,over_utai,0.00857063,over_utai,0.0112701,over_ai,0.00586325,over_ai,0.00988185,countIP,7.34044e+10,countIP0,7.86154e+10,keysum,7.2839e+10,pktSum,3.1954e+11,aggrSum,3.95025e+08,blackkey_num,401234427,feedback,35,feedsumportion,0.921877,finger0,11,finger,15,time,304425,runTime,1785.25
line,29786320,total,0.00775925,total0,0.0793196,false,0.00131419,over,0.00466942,false0,0.0258652,over0,0.0919008,overaggr,0.00542118,overcuckoo,0.00233807,over_uai,0.0130466,over_uai,0.00406201,over_utai,0.00857314,over_utai,0.0112654,over_ai,0.00586003,over_ai,0.00987862,countIP,7.34465e+10,countIP0,7.86618e+10,keysum,7.2881e+10,pktSum,3.19709e+11,aggrSum,3.95101e+08,blackkey_num,402522359,feedback,33,feedsumportion,0.806789,finger0,11,finger,15,time,303538,runTime,1786.25
line,29802669,total,0.00775623,total0,0.0793474,false,0.00131167,over,0.00466025,false0,0.0259049,over0,0.0920376,overaggr,0.0054191,overcuckoo,0.00233712,over_uai,0.0167131,over_uai,0.00514004,over_utai,0.00857752,over_utai,0.0112618,over_ai,0.00585689,over_ai,0.00987574,countIP,7.3484e+10,countIP0,7.87043e+10,keysum,7.29184e+10,pktSum,3.19878e+11,aggrSum,3.95152e+08,blackkey_num,403866520,feedback,33,feedsumportion,0.806789,finger0,11,finger,15,time,303538,runTime,1787.25
line,29819222,total,0.00775634,total0,0.0793721,false,0.0013146,over,0.00467092,false0,0.0259362,over0,0.0921545,overaggr,0.00541999,overcuckoo,0.00233635,over_uai,0.0133448,over_uai,0.0149606,over_utai,0.00857995,over_utai,0.0112635,over_ai,0.00585376,over_ai,0.00988067,countIP,7.35211e+10,countIP0,7.87459e+10,keysum,7.29552e+10,pktSum,3.20048e+11,aggrSum,3.95417e+08,blackkey_num,405363509,feedback,33,feedsumportion,0.806789,finger0,11,finger,15,time,303538,runTime,1788.25
line,29835411,total,0.00775303,total0,0.0793924,false,0.00131255,over,0.00466137,false0,0.0259717,over0,0.0922355,overaggr,0.00541757,overcuckoo,0.00233546,over_uai,0.0122418,over_uai,0.00525922,over_utai,0.00858207,over_utai,0.0112602,over_ai,0.0058501,over_ai,0.00987803,countIP,7.3564e+10,countIP0,7.87936e+10,keysum,7.29981e+10,pktSum,3.20223e+11,aggrSum,3.95472e+08,blackkey_num,406627682,feedback,33,feedsumportion,0.806789,finger0,11,finger,15,time,303538,runTime,1789.25
line,29851833,total,0.00774964,total0,0.0794133,false,0.00130965,over,0.00465023,false0,0.0260017,over0,0.0923254,overaggr,0.0054151,overcuckoo,0.00233454,over_uai,0.0150026,over_uai,0.00385745,over_utai,0.00858542,over_utai,0.0112563,over_ai,0.00584697,over_ai,0.00987428,countIP,7.36026e+10,countIP0,7.88367e+10,keysum,7.30366e+10,pktSum,3.20391e+11,aggrSum,3.95501e+08,blackkey_num,408016902,feedback,33,feedsumportion,0.806789,finger0,11,finger,15,time,303538,runTime,1790.25
line,29868206,total,0.00774651,total0,0.0794258,false,0.00130739,over,0.0046411,false0,0.0260176,over0,0.0923603,overaggr,0.00541256,overcuckoo,0.00233395,over_uai,0.00530344,over_uai,0.00355681,over_utai,0.00858338,over_utai,0.0112516,over_ai,0.00584389,over_ai,0.00987076,countIP,7.36423e+10,countIP0,7.88804e+10,keysum,7.30763e+10,pktSum,3.20562e+11,aggrSum,3.9553e+08,blackkey_num,409321182,feedback,36,feedsumportion,0.83053,finger0,11,finger,15,time,305885,runTime,1791.25
line,29884688,total,0.0077433,total0,0.07943,false,0.00130521,over,0.0046319,false0,0.0260204,over0,0.0923405,overaggr,0.00540987,overcuckoo,0.00233343,over_uai,0.00668675,over_uai,0.00358107,over_utai,0.00858222,over_utai,0.0112464,over_ai,0.00584099,over_ai,0.00986637,countIP,7.36837e+10,countIP0,7.89252e+10,keysum,7.31175e+10,pktSum,3.20736e+11,aggrSum,3.95556e+08,blackkey_num,410971100,feedback,36,feedsumportion,0.83053,finger0,11,finger,15,time,305885,runTime,1792.25
line,29901112,total,0.00773966,total0,0.0794384,false,0.00130219,over,0.00462007,false0,0.0260285,over0,0.0923472,overaggr,0.00540725,overcuckoo,0.00233242,over_uai,0.00471568,over_uai,0.00280592,over_utai,0.00857988,over_utai,0.0112407,over_ai,0.00583788,over_ai,0.00986156,countIP,7.37251e+10,countIP0,7.89705e+10,keysum,7.31589e+10,pktSum,3.20915e+11,aggrSum,3.95588e+08,blackkey_num,412203235,feedback,36,feedsumportion,0.83053,finger0,11,finger,15,time,305885,runTime,1793.25
line,29917511,total,0.00773751,total0,0.0794446,false,0.00130241,over,0.00461811,false0,0.0260415,over0,0.0923384,overaggr,0.0054062,overcuckoo,0.00233131,over_uai,0.00869143,over_uai,0.00705635,over_utai,0.00857983,over_utai,0.0112376,over_ai,0.00583463,over_ai,0.00986079,countIP,7.37684e+10,countIP0,7.90175e+10,keysum,7.3202e+10,pktSum,3.21086e+11,aggrSum,3.95745e+08,blackkey_num,413497171,feedback,36,feedsumportion,0.83053,finger0,11,finger,15,time,305885,runTime,1794.25
line,29934152,total,0.00773618,total0,0.0794561,false,0.00130375,over,0.00462067,false0,0.0260616,over0,0.0923656,overaggr,0.00540377,overcuckoo,0.00233242,over_uai,0.0364337,over_uai,0.00952127,over_utai,0.00859511,over_utai,0.0112365,over_ai,0.00583148,over_ai,0.00986203,countIP,7.38094e+10,countIP0,7.90624e+10,keysum,7.32428e+10,pktSum,3.21252e+11,aggrSum,3.95787e+08,blackkey_num,414814540,feedback,36,feedsumportion,0.83053,finger0,11,finger,15,time,305885,runTime,1795.25
line,29950377,total,0.00773664,total0,0.0794702,false,0.0013079,over,0.00463411,false0,0.026081,over0,0.0924093,overaggr,0.00540442,overcuckoo,0.00233222,over_uai,0.00384656,over_uai,0.0190767,over_utai,0.00859237,over_utai,0.011241,over_ai,0.00582831,over_ai,0.00986801,countIP,7.38498e+10,countIP0,7.91066e+10,keysum,7.32828e+10,pktSum,3.21422e+11,aggrSum,3.96051e+08,blackkey_num,416198441,feedback,38,feedsumportion,0.744521,finger0,11,finger,15,time,308515,runTime,1796.25
line,29966425,total,0.00773475,total0,0.0794849,false,0.00130868,over,0.00463405,false0,0.026109,over0,0.0924523,overaggr,0.00540256,overcuckoo,0.0023322,over_uai,0.00424416,over_uai,0.0151615,over_utai,0.00858941,over_utai,0.0112429,over_ai,0.00582457,over_ai,0.0098689,countIP,7.38944e+10,countIP0,7.91556e+10,keysum,7.33272e+10,pktSum,3.21598e+11,aggrSum,3.96154e+08,blackkey_num,417273043,feedback,38,feedsumportion,0.744521,finger0,11,finger,15,time,308515,runTime,1797.25
line,29982588,total,0.00773347,total0,0.0795027,false,0.00131061,over,0.00463772,false0,0.0261441,over0,0.0925137,overaggr,0.00540197,overcuckoo,0.0023315,over_uai,0.00408012,over_uai,0.0226259,over_utai,0.00858624,over_utai,0.0112486,over_ai,0.00582057,over_ai,0.00987205,countIP,7.3939e+10,countIP0,7.92048e+10,keysum,7.33716e+10,pktSum,3.21772e+11,aggrSum,3.96351e+08,blackkey_num,418598304,feedback,38,feedsumportion,0.744521,finger0,11,finger,15,time,308515,runTime,1798.25
line,29998563,total,0.00773116,total0,0.0795019,false,0.00131131,over,0.00463592,false0,0.0261521,over0,0.0924566,overaggr,0.00540031,overcuckoo,0.00233085,over_uai,0.00513516,over_uai,0.0148603,over_utai,0.00858384,over_utai,0.0112505,over_ai,0.00581659,over_ai,0.00987242,countIP,7.39872e+10,countIP0,7.92565e+10,keysum,7.34195e+10,pktSum,3.2195e+11,aggrSum,3.96488e+08,blackkey_num,419765640,feedback,38,feedsumportion,0.744521,finger0,11,finger,15,time,308515,runTime,1799.25
line,30015046,total,0.00772948,total0,0.0795189,false,0.00131179,over,0.00463631,false0,0.0261765,over0,0.0925162,overaggr,0.00539898,overcuckoo,0.0023305,over_uai,0.00380252,over_uai,0.0174986,over_utai,0.00858079,over_utai,0.0112533,over_ai,0.00581314,over_ai,0.00987333,countIP,7.40285e+10,countIP0,7.93022e+10,keysum,7.34607e+10,pktSum,3.22125e+11,aggrSum,3.96613e+08,blackkey_num,421454205,feedback,38,feedsumportion,0.744521,finger0,11,finger,15,time,308515,runTime,1800.25
line,30023098,total,0.00772885,total0,0.0795169,false,0.00131113,over,0.0046345,false0,0.0261676,over0,0.0924953,overaggr,0.00539851,overcuckoo,0.00233035,over_uai,0.0152259,over_uai,0.0110183,over_utai,0.00858136,over_utai,0.0112531,over_ai,0.00581252,over_ai,0.00987251,countIP,7.40365e+10,countIP0,7.93107e+10,keysum,7.34687e+10,pktSum,3.22166e+11,aggrSum,3.96621e+08,blackkey_num,421850112,feedback,35,feedsumportion,0.920513,finger0,11,finger,15,time,306042,runTime,1800.49
line,30039741,total,0.00774138,total0,0.0795379,false,0.00892531,over,0.0321968,false0,0.033435,over0,0.120612,overaggr,0.00541134,overcuckoo,0.00233004,over_uai,0.0467267,over_uai,0.0613395,over_utai,0.0086027,over_utai,0.0112802,over_ai,0.00583627,over_ai,0.00986885,countIP,7.40753e+10,countIP0,7.93528e+10,keysum,7.35063e+10,pktSum,3.22339e+11,aggrSum,3.97767e+08,blackkey_num,620231,feedback,4,feedsumportion,0.479168,finger0,11,finger,15,time,306990,runTime,1801.49
line,30056276,total,0.00775137,total0,0.0795606,false,0.00870431,over,0.0275536,false0,0.037264,over0,0.11796,overaggr,0.00542178,overcuckoo,0.00232959,over_uai,0.0384701,over_uai,0.0424186,over_utai,0.00862013,over_utai,0.0112988,over_ai,0.00585594,over_ai,0.00986468,countIP,7.41224e+10,countIP0,7.94041e+10,keysum,7.35522e+10,pktSum,3.22514e+11,aggrSum,3.98784e+08,blackkey_num,917640,feedback,4,feedsumportion,0.479168,finger0,11,finger,15,time,306990,runTime,1802.49
line,30072860,total,0.00776295,total0,0.0795855,false,0.00873844,over,0.0277616,false0,0.0377154,over0,0.11982,overaggr,0.00543367,overcuckoo,0.00232929,over_uai,0.0415502,over_uai,0.0492634,over_utai,0.00863925,over_utai,0.0113202,over_ai,0.00587654,over_ai,0.00986319,countIP,7.41653e+10,countIP0,7.9451e+10,keysum,7.35939e+10,pktSum,3.22689e+11,aggrSum,3.99885e+08,blackkey_num,1187721,feedback,4,feedsumportion,0.479168,finger0,11,finger,15,time,306990,runTime,1803.49
line,30089374,total,0.00777357,total0,0.0795979,false,0.00872965,over,0.0269753,false0,0.0370187,over0,0.114391,overaggr,0.00544489,overcuckoo,0.00232868,over_uai,0.039342,over_uai,0.056821,over_utai,0.00865714,over_utai,0.0113496,over_ai,0.00589712,over_ai,0.00985932,countIP,7.42122e+10,countIP0,7.95013e+10,keysum,7.36398e+10,pktSum,3.22865e+11,aggrSum,4.0096e+08,blackkey_num,1382337,feedback,4,feedsumportion,0.479168,finger0,11,finger,15,time,306990,runTime,1804.49
line,30106267,total,0.00778573,total0,0.0796074,false,0.00897863,over,0.0270787,false0,0.0365754,over0,0.110308,overaggr,0.0054573,overcuckoo,0.00232844,over_uai,0.0415796,over_uai,0.0535246,over_utai,0.0086766,over_utai,0.0113753,over_ai,0.00591922,over_ai,0.00985663,countIP,7.4259e+10,countIP0,7.95512e+10,keysum,7.36853e+10,pktSum,3.23036e+11,aggrSum,4.02122e+08,blackkey_num,1616860,feedback,4,feedsumportion,0.479168,finger0,11,finger,15,time,306990,runTime,1805.49
line,30123036,total,0.00778567,total0,0.0796161,false,0.00796968,over,0.0236412,false0,0.0361755,over0,0.107311,overaggr,0.00545814,overcuckoo,0.00232754,over_uai,0.0125786,over_uai,0.00959484,over_utai,0.00867885,over_utai,0.0113739,over_ai,0.00591734,over_ai,0.00985907,countIP,7.4306e+10,countIP0,7.96022e+10,keysum,7.37319e+10,pktSum,3.2321e+11,aggrSum,4.02439e+08,blackkey_num,3283193,feedback,42,feedsumportion,0.978684,finger0,11,finger,15,time,306919,runTime,1806.49
line,30139659,total,0.00778389,total0,0.07962,false,0.00707241,over,0.0208949,false0,0.0352634,over0,0.104183,overaggr,0.00545746,overcuckoo,0.00232642,over_uai,0.014786,over_uai,0.00341168,over_utai,0.0086823,over_utai,0.0113693,over_ai,0.00591676,over_ai,0.00985546,countIP,7.43513e+10,countIP0,7.96512e+10,keysum,7.3777e+10,pktSum,3.23385e+11,aggrSum,4.02635e+08,blackkey_num,4324844,feedback,42,feedsumportion,0.978684,finger0,11,finger,15,time,306919,runTime,1807.49
line,30156553,total,0.00778203,total0,0.079633,false,0.00642672,over,0.0188024,false0,0.0354425,over0,0.103693,overaggr,0.00545641,overcuckoo,0.00232562,over_uai,0.0150041,over_uai,0.00616663,over_utai,0.008686,over_utai,0.0113659,over_ai,0.00591491,over_ai,0.00985318,countIP,7.43977e+10,countIP0,7.97019e+10,keysum,7.38232e+10,pktSum,3.23557e+11,aggrSum,4.02809e+08,blackkey_num,5662373,feedback,42,feedsumportion,0.978684,finger0,11,finger,15,time,306919,runTime,1808.49
line,30173144,total,0.00777939,total0,0.0796461,false,0.00583958,over,0.0170926,false0,0.0353461,over0,0.103459,overaggr,0.00545469,overcuckoo,0.0023247,over_uai,0.0134458,over_uai,0.00364717,over_utai,0.00868849,over_utai,0.0113611,over_ai,0.00591294,over_ai,0.00984871,countIP,7.4442e+10,countIP0,7.97506e+10,keysum,7.38673e+10,pktSum,3.23731e+11,aggrSum,4.02923e+08,blackkey_num,6941649,feedback,42,feedsumportion,0.978684,finger0,11,finger,15,time,306919,runTime,1809.49
line,30189667,total,0.00777777,total0,0.0796665,false,0.00540336,over,0.0159345,false0,0.0354748,over0,0.104615,overaggr,0.00545379,overcuckoo,0.00232397,over_uai,0.0141941,over_uai,0.00400273,over_utai,0.0086915,over_utai,0.0113565,over_ai,0.00591193,over_ai,0.00984542,countIP,7.44841e+10,countIP0,7.97973e+10,keysum,7.39092e+10,pktSum,3.23905e+11,aggrSum,4.03086e+08,blackkey_num,8257859,feedback,42,feedsumportion,0.978684,finger0,11,finger,15,time,306919,runTime,1810.49
line,30206431,total,0.00778798,total0,0.0796834,false,0.00563992,over,0.0168509,false0,0.0352102,over0,0.105201,overaggr,0.00546455,overcuckoo,0.00232343,over_uai,0.0282433,over_uai,0.00458143,over_utai,0.0087043,over_utai,0.0113529,over_ai,0.00593111,over_ai,0.00984299,countIP,7.45239e+10,countIP0,7.98404e+10,keysum,7.3948e+10,pktSum,3.24077e+11,aggrSum,4.04092e+08,blackkey_num,8485314,feedback,44,feedsumportion,0.824625,finger0,11,finger,15,time,309490,runTime,1811.49
line,30222826,total,0.00780121,total0,0.0796656,false,0.00601067,over,0.0179438,false0,0.033667,over0,0.100507,overaggr,0.00547846,overcuckoo,0.00232275,over_uai,0.0392447,over_uai,0.00505778,over_utai,0.00872211,over_utai,0.0113494,over_ai,0.00595506,over_ai,0.00984049,countIP,7.457e+10,countIP0,7.98875e+10,keysum,7.39928e+10,pktSum,3.24254e+11,aggrSum,4.05366e+08,blackkey_num,8692649,feedback,44,feedsumportion,0.824625,finger0,11,finger,15,time,309490,runTime,1812.49
line,30239681,total,0.00781358,total0,0.0796815,false,0.00624474,over,0.0188567,false0,0.0334926,over0,0.101134,overaggr,0.00549057,overcuckoo,0.00232301,over_uai,0.0397395,over_uai,0.00357213,over_utai,0.00873943,over_utai,0.011345,over_ai,0.00597788,over_ai,0.00983724,countIP,7.46108e+10,countIP0,7.99313e+10,keysum,7.40323e+10,pktSum,3.24431e+11,aggrSum,4.06479e+08,blackkey_num,8898794,feedback,44,feedsumportion,0.824625,finger0,11,finger,15,time,309490,runTime,1813.49
line,30256257,total,0.00782494,total0,0.0797024,false,0.00644926,over,0.0194237,false0,0.0338979,over0,0.102093,overaggr,0.00550255,overcuckoo,0.00232239,over_uai,0.0336151,over_uai,0.00542951,over_utai,0.00875432,over_utai,0.0113404,over_ai,0.00599873,over_ai,0.00983448,countIP,7.4657e+10,countIP0,7.99815e+10,keysum,7.40773e+10,pktSum,3.24607e+11,aggrSum,4.07614e+08,blackkey_num,9090149,feedback,44,feedsumportion,0.824625,finger0,11,finger,15,time,309490,runTime,1814.49
line,30272857,total,0.00783769,total0,0.0796887,false,0.00669239,over,0.0200395,false0,0.033044,over0,0.0989459,overaggr,0.00551599,overcuckoo,0.0023217,over_uai,0.0399317,over_uai,0.00324498,over_utai,0.00877229,over_utai,0.011333,over_ai,0.00602317,over_ai,0.00982969,countIP,7.47049e+10,countIP0,8.00308e+10,keysum,7.4124e+10,pktSum,3.24783e+11,aggrSum,4.08867e+08,blackkey_num,9279963,feedback,44,feedsumportion,0.824625,finger0,11,finger,15,time,309490,runTime,1815.49
line,30289252,total,0.00783586,total0,0.0796858,false,0.00636638,over,0.0191008,false0,0.0324877,over0,0.0974717,overaggr,0.00551444,overcuckoo,0.00232142,over_uai,0.00213864,over_uai,0.00881074,over_utai,0.00876783,over_utai,0.011329,over_ai,0.0060196,over_ai,0.00983055,countIP,7.47477e+10,countIP0,8.00765e+10,keysum,7.41665e+10,pktSum,3.24957e+11,aggrSum,4.08987e+08,blackkey_num,10290449,feedback,48,feedsumportion,0.96938,finger0,11,finger,15,time,307686,runTime,1816.49
line,30305134,total,0.00783302,total0,0.0796635,false,0.00606157,over,0.0181307,false0,0.0314788,over0,0.0941558,overaggr,0.00551229,overcuckoo,0.00232073,over_uai,0.00190524,over_uai,0.00667446,over_utai,0.00876355,over_utai,0.0113242,over_ai,0.00601628,over_ai,0.00982792,countIP,7.47932e+10,countIP0,8.01239e+10,keysum,7.42119e+10,pktSum,3.25132e+11,aggrSum,4.09078e+08,blackkey_num,11585803,feedback,48,feedsumportion,0.96938,finger0,11,finger,15,time,307686,runTime,1817.49
line,30321119,total,0.00783087,total0,0.0796891,false,0.00578627,over,0.017344,false0,0.031943,over0,0.0957472,overaggr,0.00551099,overcuckoo,0.00231988,over_uai,0.0019562,over_uai,0.00638102,over_utai,0.00875897,over_utai,0.0113187,over_ai,0.00601315,over_ai,0.00982689,countIP,7.4838e+10,countIP0,8.0174e+10,keysum,7.42565e+10,pktSum,3.25315e+11,aggrSum,4.09227e+08,blackkey_num,12786692,feedback,48,feedsumportion,0.96938,finger0,11,finger,15,time,307686,runTime,1818.49
line,30336962,total,0.00782854,total0,0.0796732,false,0.00555596,over,0.0166092,false0,0.0312582,over0,0.0934442,overaggr,0.00550941,overcuckoo,0.00231913,over_uai,0.00202594,over_uai,0.00664903,over_utai,0.00875473,over_utai,0.0113135,over_ai,0.00601004,over_ai,0.00982569,countIP,7.48844e+10,countIP0,8.02227e+10,keysum,7.43028e+10,pktSum,3.25493e+11,aggrSum,4.09365e+08,blackkey_num,13863883,feedback,48,feedsumportion,0.96938,finger0,11,finger,15,time,307686,runTime,1819.49
line,30352949,total,0.00782863,total0,0.0796656,false,0.00539956,over,0.0161777,false0,0.0307436,over0,0.0921112,overaggr,0.0055099,overcuckoo,0.00231874,over_uai,0.00336754,over_uai,0.0111195,over_utai,0.00875064,over_utai,0.0113111,over_ai,0.00600732,over_ai,0.00982965,countIP,7.49287e+10,countIP0,8.02696e+10,keysum,7.43467e+10,pktSum,3.25674e+11,aggrSum,4.09643e+08,blackkey_num,15060980,feedback,48,feedsumportion,0.96938,finger0,11,finger,15,time,307686,runTime,1820.49
line,30368961,total,0.00784064,total0,0.0796669,false,0.00560435,over,0.0167128,false0,0.0307078,over0,0.091574,overaggr,0.00552259,overcuckoo,0.00231805,over_uai,0.0438222,over_uai,0.00354583,over_utai,0.00877281,over_utai,0.0113043,over_ai,0.0060303,over_ai,0.00982572,countIP,7.49777e+10,countIP0,8.03211e+10,keysum,7.43944e+10,pktSum,3.25852e+11,aggrSum,4.10849e+08,blackkey_num,15256409,feedback,44,feedsumportion,0.857246,finger0,11,finger,15,time,307995,runTime,1821.49
line,30385353,total,0.00785206,total0,0.079652,false,0.00576795,over,0.0171876,false0,0.0301657,over0,0.089889,overaggr,0.00553477,overcuckoo,0.00231729,over_uai,0.0484771,over_uai,0.00199366,over_utai,0.00879562,over_utai,0.0112959,over_ai,0.00605249,over_ai,0.00982115,countIP,7.50228e+10,countIP0,8.03674e+10,keysum,7.44383e+10,pktSum,3.26025e+11,aggrSum,4.11999e+08,blackkey_num,15480517,feedback,44,feedsumportion,0.857246,finger0,11,finger,15,time,307995,runTime,1822.49
line,30401395,total,0.00786397,total0,0.0796532,false,0.00591906,over,0.017682,false0,0.0299797,over0,0.0895583,overaggr,0.00554654,overcuckoo,0.00231742,over_uai,0.0472524,over_uai,0.0020119,over_utai,0.00881801,over_utai,0.0112883,over_ai,0.00607516,over_ai,0.0098173,countIP,7.50654e+10,countIP0,8.04123e+10,keysum,7.44797e+10,pktSum,3.26197e+11,aggrSum,4.13105e+08,blackkey_num,15630938,feedback,44,feedsumportion,0.857246,finger0,11,finger,15,time,307995,runTime,1823.49
line,30417419,total,0.00787386,total0,0.0796611,false,0.00600859,over,0.0179859,false0,0.0299729,over0,0.08972,overaggr,0.0055572,overcuckoo,0.00231666,over_uai,0.041417,over_uai,0.00293433,over_utai,0.00883779,over_utai,0.0112824,over_ai,0.00609429,over_ai,0.00981389,countIP,7.5109e+10,countIP0,8.04587e+10,keysum,7.45222e+10,pktSum,3.26373e+11,aggrSum,4.14135e+08,blackkey_num,15778868,feedback,44,feedsumportion,0.857246,finger0,11,finger,15,time,307995,runTime,1824.49
line,30433341,total,0.00788625,total0,0.0796639,false,0.00616757,over,0.0183933,false0,0.0300024,over0,0.089475,overaggr,0.00557021,overcuckoo,0.00231604,over_uai,0.0433784,over_uai,0.00499928,over_utai,0.00886031,over_utai,0.0112774,over_ai,0.00611777,over_ai,0.00980983,countIP,7.51573e+10,countIP0,8.05097e+10,keysum,7.45692e+10,pktSum,3.26548e+11,aggrSum,4.15366e+08,blackkey_num,15952242,feedback,44,feedsumportion,0.857246,finger0,11,finger,15,time,307995,runTime,1825.49
line,30449525,total,0.00788272,total0,0.0796654,false,0.00595247,over,0.0177508,false0,0.0299081,over0,0.0891884,overaggr,0.00556775,overcuckoo,0.00231496,over_uai,0.00449146,over_uai,0.00286726,over_utai,0.0088572,over_utai,0.0112703,over_ai,0.0061141,over_ai,0.00980661,countIP,7.52024e+10,countIP0,8.05584e+10,keysum,7.46142e+10,pktSum,3.26727e+11,aggrSum,4.15433e+08,blackkey_num,17097056,feedback,44,feedsumportion,0.972196,finger0,11,finger,15,time,307030,runTime,1826.49
line,30465435,total,0.00787965,total0,0.0796539,false,0.00578177,over,0.0171553,false0,0.0296859,over0,0.0880822,overaggr,0.00556598,overcuckoo,0.00231367,over_uai,0.00308955,over_uai,0.00523595,over_utai,0.00885307,over_utai,0.0112639,over_ai,0.00611007,over_ai,0.00980477,countIP,7.52514e+10,countIP0,8.06103e+10,keysum,7.46631e+10,pktSum,3.26904e+11,aggrSum,4.15574e+08,blackkey_num,18546312,feedback,44,feedsumportion,0.972196,finger0,11,finger,15,time,307030,runTime,1827.49
line,30481542,total,0.00787555,total0,0.0796482,false,0.00559847,over,0.0165388,false0,0.0295852,over0,0.0873997,overaggr,0.00556314,overcuckoo,0.00231241,over_uai,0.00702715,over_uai,0.00223128,over_utai,0.00885152,over_utai,0.0112573,over_ai,0.00610598,over_ai,0.00980096,countIP,7.53011e+10,countIP0,8.06635e+10,keysum,7.47127e+10,pktSum,3.27085e+11,aggrSum,4.15637e+08,blackkey_num,19687755,feedback,44,feedsumportion,0.972196,finger0,11,finger,15,time,307030,runTime,1828.49
line,30497901,total,0.00787291,total0,0.0796503,false,0.00544633,over,0.0160869,false0,0.0295408,over0,0.0872549,overaggr,0.00556161,overcuckoo,0.00231129,over_uai,0.00606714,over_uai,0.00541244,over_utai,0.00884941,over_utai,0.0112512,over_ai,0.00610218,over_ai,0.00980016,countIP,7.53457e+10,countIP0,8.07115e+10,keysum,7.47571e+10,pktSum,3.2726e+11,aggrSum,4.1577e+08,blackkey_num,20811501,feedback,44,feedsumportion,0.972196,finger0,11,finger,15,time,307030,runTime,1829.49
line,30514341,total,0.00786964,total0,0.0796485,false,0.00530685,over,0.0156169,false0,0.0295262,over0,0.0868893,overaggr,0.00555947,overcuckoo,0.00231017,over_uai,0.0067987,over_uai,0.00367637,over_utai,0.00884756,over_utai,0.0112451,over_ai,0.00609847,over_ai,0.00979726,countIP,7.53925e+10,countIP0,8.07618e+10,keysum,7.48038e+10,pktSum,3.2743e+11,aggrSum,4.15869e+08,blackkey_num,22219676,feedback,44,feedsumportion,0.972196,finger0,11,finger,15,time,307030,runTime,1830.49
line,30530729,total,0.00788616,total0,0.0796497,false,0.00554676,over,0.0162441,false0,0.0296061,over0,0.0867039,overaggr,0.00557136,overcuckoo,0.0023148,over_uai,0.0433567,over_uai,0.00655956,over_utai,0.00887066,over_utai,0.0112404,over_ai,0.00612732,over_ai,0.00979571,countIP,7.54417e+10,countIP0,8.08133e+10,keysum,7.48514e+10,pktSum,3.27598e+11,aggrSum,4.17024e+08,blackkey_num,22487444,feedback,41,feedsumportion,0.781382,finger0,11,finger,15,time,303095,runTime,1831.49
line,30547100,total,0.00790573,total0,0.0796562,false,0.00580839,over,0.0170113,false0,0.0296472,over0,0.0868289,overaggr,0.00558518,overcuckoo,0.00232056,over_uai,0.0520367,over_uai,0.00741209,over_utai,0.00889829,over_utai,0.011237,over_ai,0.0061608,over_ai,0.0097954,countIP,7.54879e+10,countIP0,8.08618e+10,keysum,7.48958e+10,pktSum,3.27773e+11,aggrSum,4.18306e+08,blackkey_num,22775772,feedback,41,feedsumportion,0.781382,finger0,11,finger,15,time,303095,runTime,1832.49
line,30563318,total,0.00791825,total0,0.0796543,false,0.00593948,over,0.0173634,false0,0.029591,over0,0.0865063,overaggr,0.00559727,overcuckoo,0.00232098,over_uai,0.0380345,over_uai,0.00307803,over_utai,0.00891763,over_utai,0.0112309,over_ai,0.00618433,over_ai,0.00979207,countIP,7.55353e+10,countIP0,8.09113e+10,keysum,7.49418e+10,pktSum,3.27946e+11,aggrSum,4.1947e+08,blackkey_num,23038682,feedback,41,feedsumportion,0.781382,finger0,11,finger,15,time,303095,runTime,1833.49
line,30579590,total,0.00792997,total0,0.0796527,false,0.00604275,over,0.017664,false0,0.0294971,over0,0.0862253,overaggr,0.00560974,overcuckoo,0.00232022,over_uai,0.0364913,over_uai,0.00534389,over_utai,0.00893422,over_utai,0.0112253,over_ai,0.00620502,over_ai,0.0097905,countIP,7.55812e+10,countIP0,8.09595e+10,keysum,7.49866e+10,pktSum,3.28121e+11,aggrSum,4.20655e+08,blackkey_num,23430611,feedback,41,feedsumportion,0.781382,finger0,11,finger,15,time,303095,runTime,1834.49
line,30595716,total,0.00794512,total0,0.0796385,false,0.00619568,over,0.0181126,false0,0.0291979,over0,0.0853578,overaggr,0.00562533,overcuckoo,0.0023198,over_uai,0.0405358,over_uai,0.0110793,over_utai,0.00895268,over_utai,0.0112229,over_ai,0.0062283,over_ai,0.00979334,countIP,7.56276e+10,countIP0,8.10068e+10,keysum,7.50314e+10,pktSum,3.28297e+11,aggrSum,4.22076e+08,blackkey_num,23662349,feedback,41,feedsumportion,0.781382,finger0,11,finger,15,time,303095,runTime,1835.49
line,30611934,total,0.00794117,total0,0.0796456,false,0.00603999,over,0.0176462,false0,0.0292744,over0,0.0855267,overaggr,0.00562254,overcuckoo,0.00231863,over_uai,0.0117044,over_uai,0.00213114,over_utai,0.00895427,over_utai,0.0112162,over_ai,0.00622416,over_ai,0.00978971,countIP,7.56721e+10,countIP0,8.10554e+10,keysum,7.50759e+10,pktSum,3.28469e+11,aggrSum,4.22117e+08,blackkey_num,24893851,feedback,50,feedsumportion,0.971662,finger0,11,finger,15,time,303519,runTime,1836.49
line,30628323,total,0.00793762,total0,0.0796415,false,0.00587993,over,0.017248,false0,0.0290454,over0,0.0852005,overaggr,0.00562005,overcuckoo,0.00231757,over_uai,0.0127995,over_uai,0.00198373,over_utai,0.00895633,over_utai,0.0112092,over_ai,0.00622054,over_ai,0.00978641,countIP,7.57123e+10,countIP0,8.10984e+10,keysum,7.51161e+10,pktSum,3.28646e+11,aggrSum,4.22156e+08,blackkey_num,26252277,feedback,50,feedsumportion,0.971662,finger0,11,finger,15,time,303519,runTime,1837.49
line,30644749,total,0.00793423,total0,0.0796493,false,0.00573305,over,0.0168774,false0,0.0290149,over0,0.0854163,overaggr,0.00561768,overcuckoo,0.00231655,over_uai,0.0148768,over_uai,0.00239221,over_utai,0.0089594,over_utai,0.0112041,over_ai,0.00621735,over_ai,0.00978266,countIP,7.57522e+10,countIP0,8.1142e+10,keysum,7.51559e+10,pktSum,3.2882e+11,aggrSum,4.22202e+08,blackkey_num,27679922,feedback,50,feedsumportion,0.971662,finger0,11,finger,15,time,303519,runTime,1838.49
line,30661218,total,0.00793082,total0,0.0796537,false,0.00559485,over,0.0165238,false0,0.0289407,over0,0.0854735,overaggr,0.0056153,overcuckoo,0.00231552,over_uai,0.0149155,over_uai,0.00264604,over_utai,0.00896246,over_utai,0.0111992,over_ai,0.0062138,over_ai,0.00977924,countIP,7.57918e+10,countIP0,8.1185e+10,keysum,7.51954e+10,pktSum,3.28992e+11,aggrSum,4.22245e+08,blackkey_num,28944964,feedback,50,feedsumportion,0.971662,finger0,11,finger,15,time,303519,runTime,1839.49
line,30677312,total,0.0079273,total0,0.0796637,false,0.00546102,over,0.0161656,false0,0.0289709,over0,0.0857589,overaggr,0.00561288,overcuckoo,0.00231442,over_uai,0.0122237,over_uai,0.00281381,over_utai,0.00896393,over_utai,0.0111935,over_ai,0.00621006,over_ai,0.00977538,countIP,7.58349e+10,countIP0,8.12322e+10,keysum,7.52384e+10,pktSum,3.29174e+11,aggrSum,4.22304e+08,blackkey_num,30157057,feedback,50,feedsumportion,0.971662,finger0,11,finger,15,time,303519,runTime,1840.49
line,30693601,total,0.00793764,total0,0.0796715,false,0.00553649,over,0.016391,false0,0.0290253,over0,0.0859307,overaggr,0.00562394,overcuckoo,0.0023137,over_uai,0.0372488,over_uai,0.00254323,over_utai,0.00897995,over_utai,0.0111883,over_ai,0.00623005,over_ai,0.00977107,countIP,7.58808e+10,countIP0,8.12812e+10,keysum,7.52832e+10,pktSum,3.29352e+11,aggrSum,4.23389e+08,blackkey_num,30331637,feedback,39,feedsumportion,0.534214,finger0,11,finger,15,time,305427,runTime,1841.49
line,30710073,total,0.00794912,total0,0.0796813,false,0.00561922,over,0.0166667,false0,0.0290582,over0,0.0861875,overaggr,0.00563607,overcuckoo,0.00231305,over_uai,0.0388828,over_uai,0.00216366,over_utai,0.00899734,over_utai,0.0111834,over_ai,0.00625162,over_ai,0.00976721,countIP,7.59237e+10,countIP0,8.1327e+10,keysum,7.5325e+10,pktSum,3.29528e+11,aggrSum,4.24537e+08,blackkey_num,30557629,feedback,39,feedsumportion,0.534214,finger0,11,finger,15,time,305427,runTime,1842.49
line,30726529,total,0.00796488,total0,0.0796881,false,0.00575965,over,0.0170879,false0,0.02909,over0,0.0863049,overaggr,0.00565214,overcuckoo,0.00231274,over_uai,0.0703071,over_uai,0.0022838,over_utai,0.0090324,over_utai,0.0111779,over_ai,0.00628124,over_ai,0.00976227,countIP,7.59697e+10,countIP0,8.13754e+10,keysum,7.53694e+10,pktSum,3.29706e+11,aggrSum,4.25998e+08,blackkey_num,30740625,feedback,39,feedsumportion,0.534214,finger0,11,finger,15,time,305427,runTime,1843.49
line,30742841,total,0.0079741,total0,0.0796922,false,0.00581301,over,0.0172192,false0,0.0291338,over0,0.0862997,overaggr,0.00566185,overcuckoo,0.00231225,over_uai,0.0530589,over_uai,0.00130694,over_utai,0.00905814,over_utai,0.0111709,over_ai,0.00630061,over_ai,0.00975555,countIP,7.6019e+10,countIP0,8.14278e+10,keysum,7.54176e+10,pktSum,3.29888e+11,aggrSum,4.27003e+08,blackkey_num,30891828,feedback,39,feedsumportion,0.534214,finger0,11,finger,15,time,305427,runTime,1844.49
line,30759225,total,0.00798676,total0,0.0796971,false,0.00590124,over,0.0175001,false0,0.0291167,over0,0.0863454,overaggr,0.00567499,overcuckoo,0.00231177,over_uai,0.0421419,over_uai,0.00374458,over_utai,0.00907636,over_utai,0.0111663,over_ai,0.00632364,over_ai,0.00975236,countIP,7.60631e+10,countIP0,8.14744e+10,keysum,7.54604e+10,pktSum,3.30064e+11,aggrSum,4.28237e+08,blackkey_num,31025339,feedback,39,feedsumportion,0.534214,finger0,11,finger,15,time,305427,runTime,1845.49
line,30775507,total,0.00798338,total0,0.079688,false,0.00578432,over,0.0171666,false0,0.0289319,over0,0.0858636,overaggr,0.00567241,overcuckoo,0.00231097,over_uai,0.013922,over_uai,0.00436122,over_utai,0.00907875,over_utai,0.0111614,over_ai,0.0063206,over_ai,0.00974794,countIP,7.61077e+10,countIP0,8.15217e+10,keysum,7.55049e+10,pktSum,3.30245e+11,aggrSum,4.28295e+08,blackkey_num,32188105,feedback,49,feedsumportion,0.971365,finger0,11,finger,15,time,304920,runTime,1846.49
line,30791860,total,0.00798135,total0,0.079699,false,0.00568197,over,0.0169273,false0,0.0289186,over0,0.0861519,overaggr,0.00567069,overcuckoo,0.00231066,over_uai,0.0152738,over_uai,0.00444251,over_utai,0.00908151,over_utai,0.0111577,over_ai,0.00631874,over_ai,0.00974477,countIP,7.61452e+10,countIP0,8.1563e+10,keysum,7.55423e+10,pktSum,3.30417e+11,aggrSum,4.28377e+08,blackkey_num,33490760,feedback,49,feedsumportion,0.971365,finger0,11,finger,15,time,304920,runTime,1847.49
line,30808079,total,0.00797971,total0,0.0797118,false,0.00559533,over,0.016695,false0,0.0289854,over0,0.0864847,overaggr,0.0056689,overcuckoo,0.00231081,over_uai,0.0154319,over_uai,0.00628713,over_utai,0.00908478,over_utai,0.0111553,over_ai,0.00631805,over_ai,0.00974109,countIP,7.61865e+10,countIP0,8.16083e+10,keysum,7.55834e+10,pktSum,3.3059e+11,aggrSum,4.28475e+08,blackkey_num,34856607,feedback,49,feedsumportion,0.971365,finger0,11,finger,15,time,304920,runTime,1848.49
line,30824278,total,0.00797655,total0,0.079709,false,0.00549766,over,0.0164129,false0,0.0288906,over0,0.086251,overaggr,0.00566676,overcuckoo,0.00230978,over_uai,0.0126642,over_uai,0.00667406,over_utai,0.00908657,over_utai,0.0111525,over_ai,0.00631517,over_ai,0.0097372,countIP,7.6229e+10,countIP0,8.16538e+10,keysum,7.56257e+10,pktSum,3.30763e+11,aggrSum,4.28553e+08,blackkey_num,36400556,feedback,49,feedsumportion,0.971365,finger0,11,finger,15,time,304920,runTime,1849.49
line,30840554,total,0.00797361,total0,0.0797202,false,0.00540271,over,0.0161504,false0,0.028941,over0,0.0865138,overaggr,0.00566469,overcuckoo,0.00230892,over_uai,0.0144076,over_uai,0.00536255,over_utai,0.00908941,over_utai,0.0111492,over_ai,0.00631239,over_ai,0.00973361,countIP,7.62711e+10,countIP0,8.17001e+10,keysum,7.56678e+10,pktSum,3.30939e+11,aggrSum,4.28635e+08,blackkey_num,37804542,feedback,49,feedsumportion,0.971365,finger0,11,finger,15,time,304920,runTime,1850.49
line,30856640,total,0.00798758,total0,0.0797268,false,0.00550255,over,0.016477,false0,0.0289256,over0,0.0866159,overaggr,0.00567832,overcuckoo,0.00230927,over_uai,0.0458175,over_uai,0.0097107,over_utai,0.00910751,over_utai,0.0111481,over_ai,0.0063343,over_ai,0.0097354,countIP,7.63125e+10,countIP0,8.17437e+10,keysum,7.57077e+10,pktSum,3.3111e+11,aggrSum,4.29893e+08,blackkey_num,37868411,feedback,46,feedsumportion,0.717407,finger0,11,finger,15,time,307614,runTime,1851.49
line,30872776,total,0.00800233,total0,0.0797408,false,0.00560011,over,0.0168246,false0,0.0289463,over0,0.0869639,overaggr,0.00569296,overcuckoo,0.00230936,over_uai,0.0476014,over_uai,0.00718003,over_utai,0.0091272,over_utai,0.0111456,over_ai,0.0063587,over_ai,0.00973544,countIP,7.63522e+10,countIP0,8.17861e+10,keysum,7.57461e+10,pktSum,3.31285e+11,aggrSum,4.3122e+08,blackkey_num,37932686,feedback,46,feedsumportion,0.717407,finger0,11,finger,15,time,307614,runTime,1852.49
line,30888939,total,0.00801664,total0,0.0797722,false,0.00569288,over,0.017137,false0,0.0291878,over0,0.0878624,overaggr,0.00570683,overcuckoo,0.00230981,over_uai,0.0424273,over_uai,0.00862777,over_utai,0.00914598,over_utai,0.011144,over_ai,0.00638193,over_ai,0.00973643,countIP,7.63945e+10,countIP0,8.18326e+10,keysum,7.57869e+10,pktSum,3.31462e+11,aggrSum,4.32503e+08,blackkey_num,38126033,feedback,46,feedsumportion,0.717407,finger0,11,finger,15,time,307614,runTime,1853.49
line,30905401,total,0.0080307,total0,0.0797947,false,0.00578124,over,0.0174348,false0,0.0293294,over0,0.0884501,overaggr,0.00572129,overcuckoo,0.0023094,over_uai,0.0432426,over_uai,0.00936123,over_utai,0.00916455,over_utai,0.0111428,over_ai,0.0064044,over_ai,0.00973801,countIP,7.64357e+10,countIP0,8.18774e+10,keysum,7.58268e+10,pktSum,3.31635e+11,aggrSum,4.33827e+08,blackkey_num,38184910,feedback,46,feedsumportion,0.717407,finger0,11,finger,15,time,307614,runTime,1854.49
line,30921695,total,0.00804828,total0,0.0798115,false,0.00590558,over,0.0178316,false0,0.029421,over0,0.0888352,overaggr,0.00573922,overcuckoo,0.00230906,over_uai,0.0540353,over_uai,0.0061472,over_utai,0.00918895,over_utai,0.0111398,over_ai,0.0064343,over_ai,0.00973731,countIP,7.6478e+10,countIP0,8.19225e+10,keysum,7.58674e+10,pktSum,3.31807e+11,aggrSum,4.3542e+08,blackkey_num,38228165,feedback,46,feedsumportion,0.717407,finger0,11,finger,15,time,307614,runTime,1855.49
line,30937837,total,0.00804688,total0,0.0798189,false,0.00583226,over,0.0176154,false0,0.0294356,over0,0.0889056,overaggr,0.00573875,overcuckoo,0.00230813,over_uai,0.00382082,over_uai,0.010182,over_utai,0.00918555,over_utai,0.0111389,over_ai,0.0064305,over_ai,0.00973942,countIP,7.65214e+10,countIP0,8.19696e+10,keysum,7.59105e+10,pktSum,3.31983e+11,aggrSum,4.35632e+08,blackkey_num,39394525,feedback,48,feedsumportion,0.968496,finger0,11,finger,15,time,309024,runTime,1856.49
line,30954178,total,0.00804648,total0,0.0798144,false,0.00577729,over,0.0174244,false0,0.0293759,over0,0.0885983,overaggr,0.0057395,overcuckoo,0.00230697,over_uai,0.0396498,over_uai,0.0138937,over_utai,0.0092047,over_utai,0.01114,over_ai,0.00642634,over_ai,0.00974424,countIP,7.65682e+10,countIP0,8.20195e+10,keysum,7.5957e+10,pktSum,3.32159e+11,aggrSum,4.35956e+08,blackkey_num,40645722,feedback,48,feedsumportion,0.968496,finger0,11,finger,15,time,309024,runTime,1857.49
line,30970419,total,0.00804831,total0,0.07982,false,0.00573855,over,0.0173325,false0,0.0293441,over0,0.0886296,overaggr,0.00574229,overcuckoo,0.00230602,over_uai,0.00503603,over_uai,0.0204231,over_utai,0.0092019,over_utai,0.0111443,over_ai,0.00642273,over_ai,0.00975404,countIP,7.66083e+10,countIP0,8.20627e+10,keysum,7.59966e+10,pktSum,3.32329e+11,aggrSum,4.36394e+08,blackkey_num,41969398,feedback,48,feedsumportion,0.968496,finger0,11,finger,15,time,309024,runTime,1858.49
line,30986674,total,0.00804917,total0,0.0798277,false,0.00568594,over,0.0172176,false0,0.0293006,over0,0.0887253,overaggr,0.00574404,overcuckoo,0.00230513,over_uai,0.00347321,over_uai,0.0155053,over_utai,0.00919796,over_utai,0.011146,over_ai,0.00641947,over_ai,0.00976049,countIP,7.66474e+10,countIP0,8.21051e+10,keysum,7.60354e+10,pktSum,3.32505e+11,aggrSum,4.36751e+08,blackkey_num,43184684,feedback,48,feedsumportion,0.968496,finger0,11,finger,15,time,309024,runTime,1859.49
line,31002577,total,0.00804575,total0,0.0798415,false,0.0056007,over,0.0169646,false0,0.0293754,over0,0.0889787,overaggr,0.00574167,overcuckoo,0.00230409,over_uai,0.00232124,over_uai,0.00371925,over_utai,0.00919313,over_utai,0.0111417,over_ai,0.00641596,over_ai,0.00975728,countIP,7.66912e+10,countIP0,8.21534e+10,keysum,7.60791e+10,pktSum,3.32683e+11,aggrSum,4.36821e+08,blackkey_num,44433131,feedback,48,feedsumportion,0.968496,finger0,11,finger,15,time,309024,runTime,1860.49
line,31018660,total,0.00804206,total0,0.079857,false,0.00551866,over,0.016716,false0,0.0294735,over0,0.0892749,overaggr,0.00573906,overcuckoo,0.002303,over_uai,0.0130035,over_uai,0.00183492,over_utai,0.00919519,over_utai,0.0111367,over_ai,0.00641235,over_ai,0.0097531,countIP,7.67337e+10,countIP0,8.22004e+10,keysum,7.61216e+10,pktSum,3.32854e+11,aggrSum,4.36866e+08,blackkey_num,45642525,feedback,39,feedsumportion,0.922383,finger0,11,finger,15,time,306381,runTime,1861.49
line,31035391,total,0.00804614,total0,0.0798663,false,0.0055091,over,0.0166989,false0,0.0294921,over0,0.0893949,overaggr,0.00574405,overcuckoo,0.00230209,over_uai,0.0153582,over_uai,0.0249855,over_utai,0.00919828,over_utai,0.0111437,over_ai,0.00640908,over_ai,0.00976718,countIP,7.67755e+10,countIP0,8.22455e+10,keysum,7.61627e+10,pktSum,3.33026e+11,aggrSum,4.37482e+08,blackkey_num,47027324,feedback,39,feedsumportion,0.922383,finger0,11,finger,15,time,306381,runTime,1862.49
line,31051756,total,0.0080485,total0,0.0798744,false,0.00548581,over,0.0166306,false0,0.0295139,over0,0.0894734,overaggr,0.00574737,overcuckoo,0.00230113,over_uai,0.0147223,over_uai,0.0189986,over_utai,0.00920101,over_utai,0.0111477,over_ai,0.00640626,over_ai,0.00977656,countIP,7.68184e+10,countIP0,8.22919e+10,keysum,7.62051e+10,pktSum,3.33198e+11,aggrSum,4.37979e+08,blackkey_num,48267146,feedback,39,feedsumportion,0.922383,finger0,11,finger,15,time,306381,runTime,1863.49
line,31068238,total,0.00804934,total0,0.0798873,false,0.00543475,over,0.0165418,false0,0.0294713,over0,0.0897021,overaggr,0.00574902,overcuckoo,0.00230032,over_uai,0.0159605,over_uai,0.0137201,over_utai,0.00920423,over_utai,0.0111487,over_ai,0.00640372,over_ai,0.00978191,countIP,7.68549e+10,countIP0,8.23319e+10,keysum,7.62412e+10,pktSum,3.33377e+11,aggrSum,4.38312e+08,blackkey_num,49500839,feedback,39,feedsumportion,0.922383,finger0,11,finger,15,time,306381,runTime,1864.49
line,31085063,total,0.00804978,total0,0.0798903,false,0.00538473,over,0.0164386,false0,0.0293663,over0,0.0896499,overaggr,0.00574942,overcuckoo,0.00230036,over_uai,0.0291781,over_uai,0.0111191,over_utai,0.00921486,over_utai,0.0111485,over_ai,0.00640221,over_ai,0.00978489,countIP,7.68933e+10,countIP0,8.23733e+10,keysum,7.62793e+10,pktSum,3.33557e+11,aggrSum,4.38562e+08,blackkey_num,50823984,feedback,39,feedsumportion,0.922383,finger0,11,finger,15,time,306381,runTime,1865.49
line,31102022,total,0.00806512,total0,0.0799026,false,0.00547216,over,0.0167306,false0,0.0293852,over0,0.0898424,overaggr,0.00576478,overcuckoo,0.00230034,over_uai,0.0470708,over_uai,0.0063845,over_utai,0.00923681,over_utai,0.0111457,over_ai,0.00642916,over_ai,0.00978304,countIP,7.69352e+10,countIP0,8.24178e+10,keysum,7.63197e+10,pktSum,3.33733e+11,aggrSum,4.39966e+08,blackkey_num,51238149,feedback,44,feedsumportion,0.916568,finger0,11,finger,15,time,305881,runTime,1866.49
line,31118902,total,0.00807525,total0,0.0799001,false,0.00551859,over,0.0168675,false0,0.0293232,over0,0.089626,overaggr,0.005775,overcuckoo,0.00230025,over_uai,0.0390926,over_uai,0.00415804,over_utai,0.00925248,over_utai,0.0111407,over_ai,0.00644861,over_ai,0.00977909,countIP,7.69798e+10,countIP0,8.24646e+10,keysum,7.63632e+10,pktSum,3.33907e+11,aggrSum,4.40997e+08,blackkey_num,51761962,feedback,44,feedsumportion,0.916568,finger0,11,finger,15,time,305881,runTime,1867.49
line,31135682,total,0.00808918,total0,0.0799203,false,0.00559697,over,0.0170986,false0,0.0294625,over0,0.0900073,overaggr,0.00578917,overcuckoo,0.00230001,over_uai,0.0378465,over_uai,0.0129177,over_utai,0.00926999,over_utai,0.0111415,over_ai,0.0064699,over_ai,0.00978227,countIP,7.70251e+10,countIP0,8.25135e+10,keysum,7.6407e+10,pktSum,3.34081e+11,aggrSum,4.42333e+08,blackkey_num,52302882,feedback,44,feedsumportion,0.916568,finger0,11,finger,15,time,305881,runTime,1868.49
line,31152365,total,0.00809914,total0,0.0799328,false,0.00564052,over,0.0172207,false0,0.0295375,over0,0.0901788,overaggr,0.00579968,overcuckoo,0.00229946,over_uai,0.0356622,over_uai,0.00377588,over_utai,0.00928559,over_utai,0.0111368,over_ai,0.00648916,over_ai,0.00977806,countIP,7.70703e+10,countIP0,8.2562e+10,keysum,7.64511e+10,pktSum,3.34254e+11,aggrSum,4.43392e+08,blackkey_num,52662816,feedback,44,feedsumportion,0.916568,finger0,11,finger,15,time,305881,runTime,1869.49
line,31168841,total,0.00811331,total0,0.0799506,false,0.00571143,over,0.0174549,false0,0.0296091,over0,0.0904893,overaggr,0.00581351,overcuckoo,0.00229981,over_uai,0.0348441,over_uai,0.0165421,over_utai,0.00930179,over_utai,0.0111397,over_ai,0.00650763,over_ai,0.00978544,countIP,7.71129e+10,countIP0,8.26079e+10,keysum,7.64923e+10,pktSum,3.3443e+11,aggrSum,4.44688e+08,blackkey_num,53488127,feedback,44,feedsumportion,0.916568,finger0,11,finger,15,time,305881,runTime,1870.49
line,31185589,total,0.00811058,total0,0.0799589,false,0.00564162,over,0.0172695,false0,0.0295853,over0,0.0905634,overaggr,0.00581172,overcuckoo,0.00229887,over_uai,0.0196338,over_uai,0.0536013,over_utai,0.00930718,over_utai,0.0111597,over_ai,0.00650489,over_ai,0.00978182,countIP,7.71514e+10,countIP0,8.265e+10,keysum,7.65307e+10,pktSum,3.34601e+11,aggrSum,4.44775e+08,blackkey_num,55715139,feedback,46,feedsumportion,0.971018,finger0,11,finger,15,time,304207,runTime,1871.49
line,31201936,total,0.00810894,total0,0.0799635,false,0.00558523,over,0.0171029,false0,0.0295644,over0,0.090531,overaggr,0.00581104,overcuckoo,0.0022979,over_uai,0.022189,over_uai,0.0461021,over_utai,0.00931386,over_utai,0.0111785,over_ai,0.00650394,over_ai,0.00977823,countIP,7.71944e+10,countIP0,8.26966e+10,keysum,7.65735e+10,pktSum,3.34778e+11,aggrSum,4.44972e+08,blackkey_num,57789891,feedback,46,feedsumportion,0.971018,finger0,11,finger,15,time,304207,runTime,1872.49
line,31218184,total,0.00810664,total0,0.0799773,false,0.00552127,over,0.0169392,false0,0.0295766,over0,0.0907406,overaggr,0.00580955,overcuckoo,0.00229709,over_uai,0.0187067,over_uai,0.0327763,over_utai,0.00931784,over_utai,0.0111907,over_ai,0.00650208,over_ai,0.00977409,countIP,7.72322e+10,countIP0,8.27382e+10,keysum,7.66111e+10,pktSum,3.34949e+11,aggrSum,4.45076e+08,blackkey_num,59673197,feedback,46,feedsumportion,0.971018,finger0,11,finger,15,time,304207,runTime,1873.49
line,31234619,total,0.00810431,total0,0.0799975,false,0.00545949,over,0.0167691,false0,0.0296556,over0,0.0910887,overaggr,0.00580822,overcuckoo,0.00229609,over_uai,0.0302149,over_uai,0.0181267,over_utai,0.00932829,over_utai,0.0111942,over_ai,0.00650042,over_ai,0.00976994,countIP,7.72734e+10,countIP0,8.27841e+10,keysum,7.66522e+10,pktSum,3.35127e+11,aggrSum,4.45212e+08,blackkey_num,61154587,feedback,46,feedsumportion,0.971018,finger0,11,finger,15,time,304207,runTime,1874.49
line,31251326,total,0.00810259,total0,0.0800278,false,0.00540444,over,0.0166268,false0,0.0298007,over0,0.0916818,overaggr,0.00580727,overcuckoo,0.00229532,over_uai,0.0378139,over_uai,0.0201717,over_utai,0.00934241,over_utai,0.0111983,over_ai,0.00649825,over_ai,0.00976813,countIP,7.73112e+10,countIP0,8.28272e+10,keysum,7.66898e+10,pktSum,3.35297e+11,aggrSum,4.45359e+08,blackkey_num,62949047,feedback,46,feedsumportion,0.971018,finger0,11,finger,15,time,304207,runTime,1875.49
line,31267799,total,0.00811222,total0,0.0800415,false,0.00543399,over,0.0167497,false0,0.029802,over0,0.0918617,overaggr,0.00581723,overcuckoo,0.00229499,over_uai,0.0343664,over_uai,0.00341349,over_utai,0.0093566,over_utai,0.0111941,over_ai,0.00651725,over_ai,0.00976372,countIP,7.7352e+10,countIP0,8.28711e+10,keysum,7.67295e+10,pktSum,3.35478e+11,aggrSum,4.46353e+08,blackkey_num,63600738,feedback,46,feedsumportion,0.737469,finger0,11,finger,15,time,307214,runTime,1876.49
line,31284269,total,0.00812269,total0,0.0800218,false,0.00547923,over,0.0168751,false0,0.0296258,over0,0.0912423,overaggr,0.00582808,overcuckoo,0.00229461,over_uai,0.0432957,over_uai,0.00202171,over_utai,0.00937435,over_utai,0.0111879,over_ai,0.00653887,over_ai,0.0097575,countIP,7.73982e+10,countIP0,8.29182e+10,keysum,7.67746e+10,pktSum,3.35653e+11,aggrSum,4.47448e+08,blackkey_num,64305879,feedback,46,feedsumportion,0.737469,finger0,11,finger,15,time,307214,runTime,1877.49
line,31300442,total,0.00813225,total0,0.0800039,false,0.00551352,over,0.016979,false0,0.0294475,over0,0.0906843,overaggr,0.0058387,overcuckoo,0.00229355,over_uai,0.0432254,over_uai,0.00190935,over_utai,0.00939122,over_utai,0.0111813,over_ai,0.00655896,over_ai,0.00975098,countIP,7.74434e+10,countIP0,8.29645e+10,keysum,7.68187e+10,pktSum,3.35832e+11,aggrSum,4.48521e+08,blackkey_num,64887891,feedback,46,feedsumportion,0.737469,finger0,11,finger,15,time,307214,runTime,1878.49
line,31316697,total,0.00814149,total0,0.0800251,false,0.00554086,over,0.0170767,false0,0.0295364,over0,0.0910298,overaggr,0.00584858,overcuckoo,0.0022929,over_uai,0.0370097,over_uai,0.00353745,over_utai,0.00940666,over_utai,0.0111763,over_ai,0.00657785,over_ai,0.00974572,countIP,7.74873e+10,countIP0,8.30123e+10,keysum,7.68615e+10,pktSum,3.36015e+11,aggrSum,4.49531e+08,blackkey_num,65410766,feedback,46,feedsumportion,0.737469,finger0,11,finger,15,time,307214,runTime,1879.49
line,31332946,total,0.00815439,total0,0.0800277,false,0.00559787,over,0.0172593,false0,0.0295009,over0,0.0909568,overaggr,0.00586128,overcuckoo,0.00229311,over_uai,0.0498071,over_uai,0.0022743,over_utai,0.00942852,over_utai,0.011171,over_ai,0.00660272,over_ai,0.00974091,countIP,7.75295e+10,countIP0,8.30567e+10,keysum,7.69024e+10,pktSum,3.36186e+11,aggrSum,4.50747e+08,blackkey_num,65965510,feedback,46,feedsumportion,0.737469,finger0,11,finger,15,time,307214,runTime,1880.49
line,31349256,total,0.00815105,total0,0.0800339,false,0.00553708,over,0.0170765,false0,0.0294954,over0,0.0909644,overaggr,0.00585896,overcuckoo,0.00229209,over_uai,0.0122008,over_uai,0.00197008,over_utai,0.00942967,over_utai,0.0111656,over_ai,0.00659979,over_ai,0.00973592,countIP,7.75711e+10,countIP0,8.3102e+10,keysum,7.69439e+10,pktSum,3.36359e+11,aggrSum,4.50811e+08,blackkey_num,67715519,feedback,40,feedsumportion,0.978992,finger0,11,finger,15,time,377787,runTime,1881.49
line,31365517,total,0.0081481,total0,0.0800563,false,0.00547768,over,0.0169044,false0,0.0295918,over0,0.0913215,overaggr,0.00585707,overcuckoo,0.00229103,over_uai,0.016329,over_uai,0.00345363,over_utai,0.00943347,over_utai,0.0111616,over_ai,0.00659713,over_ai,0.00973237,countIP,7.76136e+10,countIP0,8.31495e+10,keysum,7.69863e+10,pktSum,3.36539e+11,aggrSum,4.50914e+08,blackkey_num,69299714,feedback,40,feedsumportion,0.978992,finger0,11,finger,15,time,377787,runTime,1882.49
line,31382114,total,0.00814528,total0,0.0800678,false,0.00542145,over,0.0167428,false0,0.0296098,over0,0.0914424,overaggr,0.0058552,overcuckoo,0.00229008,over_uai,0.0168294,over_uai,0.00280667,over_utai,0.00943709,over_utai,0.0111565,over_ai,0.00659491,over_ai,0.00972803,countIP,7.76546e+10,countIP0,8.31946e+10,keysum,7.70272e+10,pktSum,3.36714e+11,aggrSum,4.5101e+08,blackkey_num,70870240,feedback,40,feedsumportion,0.978992,finger0,11,finger,15,time,377787,runTime,1883.49
line,31398362,total,0.00814159,total0,0.0800782,false,0.00536544,over,0.016552,false0,0.0296655,over0,0.0915164,overaggr,0.00585266,overcuckoo,0.00228893,over_uai,0.014226,over_uai,0.00269614,over_utai,0.00943943,over_utai,0.0111513,over_ai,0.00659163,over_ai,0.00972286,countIP,7.77016e+10,countIP0,8.3246e+10,keysum,7.70741e+10,pktSum,3.36894e+11,aggrSum,4.51088e+08,blackkey_num,72616834,feedback,40,feedsumportion,0.978992,finger0,11,finger,15,time,377787,runTime,1884.49
line,31414629,total,0.0081401,total0,0.0800861,false,0.00532333,over,0.0164179,false0,0.0296819,over0,0.0915434,overaggr,0.00585226,overcuckoo,0.00228783,over_uai,0.0179384,over_uai,0.00530392,over_utai,0.00944375,over_utai,0.0111476,over_ai,0.00659039,over_ai,0.00972013,countIP,7.77463e+10,countIP0,8.32947e+10,keysum,7.71186e+10,pktSum,3.37072e+11,aggrSum,4.51318e+08,blackkey_num,74389378,feedback,40,feedsumportion,0.978992,finger0,11,finger,15,time,377787,runTime,1885.49
line,31431044,total,0.00815184,total0,0.080102,false,0.00536967,over,0.0165699,false0,0.0297315,over0,0.0917468,overaggr,0.00586436,overcuckoo,0.00228748,over_uai,0.044111,over_uai,0.0690378,over_utai,0.00946223,over_utai,0.0111813,over_ai,0.00661348,over_ai,0.00971486,countIP,7.77893e+10,countIP0,8.33409e+10,keysum,7.71603e+10,pktSum,3.37249e+11,aggrSum,4.52496e+08,blackkey_num,75144207,feedback,46,feedsumportion,0.70931,finger0,11,finger,15,time,308788,runTime,1886.49
line,31447341,total,0.00816122,total0,0.0801094,false,0.00539934,over,0.0166701,false0,0.0297234,over0,0.091769,overaggr,0.00587412,overcuckoo,0.00228709,over_uai,0.0396779,over_uai,0.0139464,over_utai,0.00947775,over_utai,0.0111825,over_ai,0.00663251,over_ai,0.00970949,countIP,7.78319e+10,countIP0,8.33864e+10,keysum,7.72019e+10,pktSum,3.37425e+11,aggrSum,4.53493e+08,blackkey_num,75992546,feedback,46,feedsumportion,0.70931,finger0,11,finger,15,time,308788,runTime,1887.49
line,31463285,total,0.00816925,total0,0.0801179,false,0.00541553,over,0.016743,false0,0.0296988,over0,0.0918187,overaggr,0.00588282,overcuckoo,0.00228643,over_uai,0.0425892,over_uai,0.00671216,over_utai,0.00949425,over_utai,0.0111794,over_ai,0.00664978,over_ai,0.00970351,countIP,7.78734e+10,countIP0,8.34309e+10,keysum,7.72424e+10,pktSum,3.37607e+11,aggrSum,4.54403e+08,blackkey_num,76586061,feedback,46,feedsumportion,0.70931,finger0,11,finger,15,time,308788,runTime,1888.49
line,31479629,total,0.00818146,total0,0.0801242,false,0.00546245,over,0.0168939,false0,0.0296872,over0,0.0918146,overaggr,0.0058956,overcuckoo,0.00228585,over_uai,0.0406852,over_uai,0.00294001,over_utai,0.00951267,over_utai,0.0111743,over_ai,0.00667369,over_ai,0.00969793,countIP,7.79176e+10,countIP0,8.34777e+10,keysum,7.72853e+10,pktSum,3.37786e+11,aggrSum,4.55643e+08,blackkey_num,77177876,feedback,46,feedsumportion,0.70931,finger0,11,finger,15,time,308788,runTime,1889.49
line,31496017,total,0.00819311,total0,0.0801307,false,0.00550094,over,0.0170362,false0,0.0296494,over0,0.0918231,overaggr,0.00590778,overcuckoo,0.00228534,over_uai,0.0423856,over_uai,0.00293796,over_utai,0.00953044,over_utai,0.011169,over_ai,0.00669622,over_ai,0.00969328,countIP,7.79593e+10,countIP0,8.35219e+10,keysum,7.73258e+10,pktSum,3.37968e+11,aggrSum,4.56823e+08,blackkey_num,77675840,feedback,46,feedsumportion,0.70931,finger0,11,finger,15,time,308788,runTime,1890.49
line,31512325,total,0.00819034,total0,0.080122,false,0.00544908,over,0.0168798,false0,0.0295428,over0,0.0915158,overaggr,0.00590587,overcuckoo,0.00228447,over_uai,0.0164058,over_uai,0.003104,over_utai,0.00953369,over_utai,0.0111633,over_ai,0.00669401,over_ai,0.00968905,countIP,7.80042e+10,countIP0,8.35696e+10,keysum,7.73705e+10,pktSum,3.38154e+11,aggrSum,4.5694e+08,blackkey_num,79015301,feedback,44,feedsumportion,0.978516,finger0,11,finger,15,time,303668,runTime,1891.49
line,31528599,total,0.00818903,total0,0.0801264,false,0.00540625,over,0.0167665,false0,0.0294994,over0,0.0914867,overaggr,0.00590548,overcuckoo,0.00228355,over_uai,0.0179943,over_uai,0.00472792,over_utai,0.00953754,over_utai,0.0111594,over_ai,0.00669265,over_ai,0.00968687,countIP,7.80442e+10,countIP0,8.36128e+10,keysum,7.74102e+10,pktSum,3.38331e+11,aggrSum,4.57145e+08,blackkey_num,80584817,feedback,44,feedsumportion,0.978516,finger0,11,finger,15,time,303668,runTime,1892.49
line,31544931,total,0.00818739,total0,0.0801433,false,0.0053601,over,0.0166551,false0,0.0295152,over0,0.0917103,overaggr,0.00590455,overcuckoo,0.00228284,over_uai,0.0248549,over_uai,0.00245808,over_utai,0.00954442,over_utai,0.0111547,over_ai,0.00669176,over_ai,0.00968322,countIP,7.80812e+10,countIP0,8.3654e+10,keysum,7.74471e+10,pktSum,3.38506e+11,aggrSum,4.5729e+08,blackkey_num,82065044,feedback,44,feedsumportion,0.978516,finger0,11,finger,15,time,303668,runTime,1893.49
line,31561444,total,0.00818753,total0,0.0801322,false,0.00533166,over,0.0165677,false0,0.0294054,over0,0.0913747,overaggr,0.00590572,overcuckoo,0.00228182,over_uai,0.0248414,over_uai,0.00328835,over_utai,0.00955206,over_utai,0.0111498,over_ai,0.00669397,over_ai,0.00967986,countIP,7.81244e+10,countIP0,8.36993e+10,keysum,7.74899e+10,pktSum,3.38683e+11,aggrSum,4.57633e+08,blackkey_num,83652045,feedback,44,feedsumportion,0.978516,finger0,11,finger,15,time,303668,runTime,1894.49
line,31578038,total,0.00818546,total0,0.0801413,false,0.00528867,over,0.0164418,false0,0.0294097,over0,0.0914308,overaggr,0.00590461,overcuckoo,0.00228085,over_uai,0.0173331,over_uai,0.00366722,over_utai,0.00955555,over_utai,0.0111451,over_ai,0.00669184,over_ai,0.009677,countIP,7.81664e+10,countIP0,8.37453e+10,keysum,7.75318e+10,pktSum,3.3886e+11,aggrSum,4.57795e+08,blackkey_num,85419842,feedback,44,feedsumportion,0.978516,finger0,11,finger,15,time,303668,runTime,1895.49
line,31594559,total,0.00818224,total0,0.0801553,false,0.00523867,over,0.0163028,false0,0.0294308,over0,0.0915888,overaggr,0.00590235,overcuckoo,0.0022799,over_uai,0.00451766,over_uai,0.0364812,over_utai,0.0095529,over_utai,0.0111583,over_ai,0.00668948,over_ai,0.00967219,countIP,7.82053e+10,countIP0,8.37883e+10,keysum,7.75706e+10,pktSum,3.39033e+11,aggrSum,4.57849e+08,blackkey_num,87145706,feedback,46,feedsumportion,0.862444,finger0,11,finger,15,time,303481,runTime,1896.49
line,31610935,total,0.00817853,total0,0.0801682,false,0.00518925,over,0.0161492,false0,0.0294704,over0,0.0917133,overaggr,0.00589968,overcuckoo,0.00227886,over_uai,0.00421795,over_uai,0.0282803,over_utai,0.00954956,over_utai,0.0111684,over_ai,0.00668665,over_ai,0.00966648,countIP,7.82483e+10,countIP0,8.38357e+10,keysum,7.76135e+10,pktSum,3.3921e+11,aggrSum,4.57895e+08,blackkey_num,88714800,feedback,46,feedsumportion,0.862444,finger0,11,finger,15,time,303481,runTime,1897.49
line,31627180,total,0.00817526,total0,0.0801685,false,0.00514191,over,0.0160031,false0,0.0294298,over0,0.0915942,overaggr,0.00589749,overcuckoo,0.00227777,over_uai,0.00551639,over_uai,0.0172721,over_utai,0.00954693,over_utai,0.0111724,over_ai,0.00668497,over_ai,0.00965975,countIP,7.82933e+10,countIP0,8.38842e+10,keysum,7.76584e+10,pktSum,3.39395e+11,aggrSum,4.57989e+08,blackkey_num,90570283,feedback,46,feedsumportion,0.862444,finger0,11,finger,15,time,303481,runTime,1898.49
line,31643870,total,0.00817202,total0,0.0801774,false,0.00509638,over,0.0158637,false0,0.0294407,over0,0.0916413,overaggr,0.00589527,overcuckoo,0.00227675,over_uai,0.00702147,over_uai,0.0232196,over_utai,0.00954508,over_utai,0.0111797,over_ai,0.00668252,over_ai,0.00965507,countIP,7.83366e+10,countIP0,8.39316e+10,keysum,7.77017e+10,pktSum,3.39575e+11,aggrSum,4.58072e+08,blackkey_num,92377687,feedback,46,feedsumportion,0.862444,finger0,11,finger,15,time,303481,runTime,1899.49
line,31660331,total,0.00816897,total0,0.0801588,false,0.00505224,over,0.0157318,false0,0.029285,over0,0.0911885,overaggr,0.00589327,overcuckoo,0.0022757,over_uai,0.00815196,over_uai,0.0262816,over_utai,0.00954395,over_utai,0.0111879,over_ai,0.00668012,over_ai,0.0096506,countIP,7.83792e+10,countIP0,8.3976e+10,keysum,7.77441e+10,pktSum,3.39754e+11,aggrSum,4.58167e+08,blackkey_num,94220110,feedback,46,feedsumportion,0.862444,finger0,11,finger,15,time,303481,runTime,1900.49
line,31677017,total,0.00817866,total0,0.0801418,false,0.00508322,over,0.0158307,false0,0.0291471,over0,0.090773,overaggr,0.00590368,overcuckoo,0.00227498,over_uai,0.0974002,over_uai,0.00189991,over_utai,0.00958261,over_utai,0.0111813,over_ai,0.00669992,over_ai,0.00964447,countIP,7.84235e+10,countIP0,8.40213e+10,keysum,7.77873e+10,pktSum,3.39934e+11,aggrSum,4.59231e+08,blackkey_num,94729327,feedback,39,feedsumportion,0.761115,finger0,11,finger,15,time,304978,runTime,1901.49
line,31694106,total,0.0081866,total0,0.0801296,false,0.00509989,over,0.0159021,false0,0.0290103,over0,0.0904577,overaggr,0.00591249,overcuckoo,0.00227411,over_uai,0.0559024,over_uai,0.00202151,over_utai,0.00960558,over_utai,0.0111755,over_ai,0.00671612,over_ai,0.00963984,countIP,7.84646e+10,countIP0,8.40637e+10,keysum,7.78274e+10,pktSum,3.40116e+11,aggrSum,4.60154e+08,blackkey_num,95260359,feedback,39,feedsumportion,0.761115,finger0,11,finger,15,time,304978,runTime,1902.49
line,31710488,total,0.00819451,total0,0.0801212,false,0.00511235,over,0.0159713,false0,0.028877,over0,0.0902135,overaggr,0.0059214,overcuckoo,0.00227311,over_uai,0.0439142,over_uai,0.00140196,over_utai,0.00962502,over_utai,0.0111689,over_ai,0.00673269,over_ai,0.00963467,countIP,7.85058e+10,countIP0,8.41066e+10,keysum,7.78677e+10,pktSum,3.40308e+11,aggrSum,4.61086e+08,blackkey_num,95849112,feedback,39,feedsumportion,0.761115,finger0,11,finger,15,time,304978,runTime,1903.49
line,31727054,total,0.00820394,total0,0.080109,false,0.00513381,over,0.0160705,false0,0.0287231,over0,0.0899128,overaggr,0.00593179,overcuckoo,0.00227215,over_uai,0.0563288,over_uai,0.00149175,over_utai,0.00964857,over_utai,0.0111632,over_ai,0.00675123,over_ai,0.0096304,countIP,7.85448e+10,countIP0,8.41466e+10,keysum,7.79057e+10,pktSum,3.40492e+11,aggrSum,4.6212e+08,blackkey_num,96375796,feedback,39,feedsumportion,0.761115,finger0,11,finger,15,time,304978,runTime,1904.49
line,31743947,total,0.00821017,total0,0.0800988,false,0.00514041,over,0.0161065,false0,0.0286102,over0,0.089645,overaggr,0.00593893,overcuckoo,0.00227123,over_uai,0.0412825,over_uai,0.0015436,over_utai,0.00966652,over_utai,0.0111568,over_ai,0.00676437,over_ai,0.00962611,countIP,7.85868e+10,countIP0,8.41903e+10,keysum,7.79468e+10,pktSum,3.40675e+11,aggrSum,4.62921e+08,blackkey_num,96812741,feedback,39,feedsumportion,0.761115,finger0,11,finger,15,time,304978,runTime,1905.49
line,31760783,total,0.00820697,total0,0.0800888,false,0.00509612,over,0.0159814,false0,0.028504,over0,0.0893883,overaggr,0.00593664,overcuckoo,0.00227033,over_uai,0.00488042,over_uai,0.00145516,over_utai,0.00966339,over_utai,0.0111501,over_ai,0.00676156,over_ai,0.00962151,countIP,7.86269e+10,countIP0,8.42327e+10,keysum,7.79869e+10,pktSum,3.40853e+11,aggrSum,4.6298e+08,blackkey_num,98265665,feedback,44,feedsumportion,0.968973,finger0,11,finger,15,time,305554,runTime,1906.49
line,31777725,total,0.00820342,total0,0.0800752,false,0.0050528,over,0.0158464,false0,0.0284001,over0,0.0890675,overaggr,0.00593409,overcuckoo,0.00226933,over_uai,0.00577982,over_uai,0.00123431,over_utai,0.0096609,over_utai,0.0111434,over_ai,0.00675865,over_ai,0.0096166,countIP,7.86705e+10,countIP0,8.42787e+10,keysum,7.80304e+10,pktSum,3.41034e+11,aggrSum,4.63039e+08,blackkey_num,99453804,feedback,44,feedsumportion,0.968973,finger0,11,finger,15,time,305554,runTime,1907.49
line,31794049,total,0.00820054,total0,0.0800559,false,0.00501239,over,0.0157277,false0,0.0282549,over0,0.0886576,overaggr,0.00593213,overcuckoo,0.00226841,over_uai,0.00549326,over_uai,0.00181296,over_utai,0.00965818,over_utai,0.0111364,over_ai,0.00675648,over_ai,0.00961175,countIP,7.87128e+10,countIP0,8.43227e+10,keysum,7.80725e+10,pktSum,3.41215e+11,aggrSum,4.63137e+08,blackkey_num,100778970,feedback,44,feedsumportion,0.968973,finger0,11,finger,15,time,305554,runTime,1908.49
line,31810719,total,0.00819901,total0,0.0800417,false,0.00497573,over,0.0156423,false0,0.0281038,over0,0.0883507,overaggr,0.0059309,overcuckoo,0.00226811,over_uai,0.00898335,over_uai,0.00418288,over_utai,0.00965748,over_utai,0.0111317,over_ai,0.00675437,over_ai,0.00961018,countIP,7.87497e+10,countIP0,8.43613e+10,keysum,7.81093e+10,pktSum,3.41395e+11,aggrSum,4.63259e+08,blackkey_num,102146878,feedback,44,feedsumportion,0.968973,finger0,11,finger,15,time,305554,runTime,1909.49
line,31827351,total,0.00819733,total0,0.0800263,false,0.00494022,over,0.0155485,false0,0.0279667,over0,0.0880205,overaggr,0.0059294,overcuckoo,0.00226793,over_uai,0.00981562,over_uai,0.00297235,over_utai,0.00965727,over_utai,0.011126,over_ai,0.00675348,over_ai,0.00960686,countIP,7.87913e+10,countIP0,8.44048e+10,keysum,7.81507e+10,pktSum,3.41584e+11,aggrSum,4.63387e+08,blackkey_num,103483974,feedback,44,feedsumportion,0.968973,finger0,11,finger,15,time,305554,runTime,1910.49
line,31843892,total,0.00819894,total0,0.080019,false,0.00492536,over,0.0155081,false0,0.0278937,over0,0.087827,overaggr,0.00593153,overcuckoo,0.0022674,over_uai,0.0158951,over_uai,0.0145275,over_utai,0.0096603,over_utai,0.011128,over_ai,0.00675072,over_ai,0.00961433,countIP,7.88348e+10,countIP0,8.44507e+10,keysum,7.81937e+10,pktSum,3.41768e+11,aggrSum,4.63809e+08,blackkey_num,104660960,feedback,43,feedsumportion,0.77538,finger0,11,finger,15,time,305022,runTime,1911.49
line,31860594,total,0.0082027,total0,0.0800054,false,0.00492039,over,0.0155102,false0,0.0277706,over0,0.0875394,overaggr,0.00593556,overcuckoo,0.00226714,over_uai,0.0166523,over_uai,0.0198211,over_utai,0.00966389,over_utai,0.011133,over_ai,0.00674957,over_ai,0.00962498,countIP,7.88744e+10,countIP0,8.44917e+10,keysum,7.82327e+10,pktSum,3.41947e+11,aggrSum,4.64354e+08,blackkey_num,105966667,feedback,43,feedsumportion,0.77538,finger0,11,finger,15,time,305022,runTime,1912.49
line,31877282,total,0.00820619,total0,0.0799912,false,0.00491232,over,0.0155064,false0,0.0276388,over0,0.0872453,overaggr,0.00593966,overcuckoo,0.00226653,over_uai,0.0239822,over_uai,0.020944,over_utai,0.00967134,over_utai,0.0111385,over_ai,0.00674719,over_ai,0.00963647,countIP,7.89149e+10,countIP0,8.45337e+10,keysum,7.82726e+10,pktSum,3.42134e+11,aggrSum,4.64912e+08,blackkey_num,106628227,feedback,43,feedsumportion,0.77538,finger0,11,finger,15,time,305022,runTime,1913.49
line,31893838,total,0.00820934,total0,0.0799737,false,0.00490489,over,0.0154966,false0,0.0275056,over0,0.0869017,overaggr,0.00594321,overcuckoo,0.00226613,over_uai,0.0177758,over_uai,0.0168597,over_utai,0.00967517,over_utai,0.0111421,over_ai,0.00674549,over_ai,0.00964563,countIP,7.89558e+10,countIP0,8.45758e+10,keysum,7.83129e+10,pktSum,3.42315e+11,aggrSum,4.6543e+08,blackkey_num,107622864,feedback,43,feedsumportion,0.77538,finger0,11,finger,15,time,305022,runTime,1914.49
line,31910653,total,0.00821138,total0,0.0799562,false,0.00489132,over,0.0154686,false0,0.0273723,over0,0.0865636,overaggr,0.00594579,overcuckoo,0.00226559,over_uai,0.0174255,over_uai,0.0176643,over_utai,0.00967896,over_utai,0.0111459,over_ai,0.00674318,over_ai,0.00965321,countIP,7.89969e+10,countIP0,8.46184e+10,keysum,7.83535e+10,pktSum,3.42499e+11,aggrSum,4.65873e+08,blackkey_num,108617147,feedback,43,feedsumportion,0.77538,finger0,11,finger,15,time,305022,runTime,1915.49
line,31927661,total,0.00820771,total0,0.0799379,false,0.00485095,over,0.0153502,false0,0.0272465,over0,0.086218,overaggr,0.0059431,overcuckoo,0.00226461,over_uai,0.00296508,over_uai,0.0013702,over_utai,0.00967526,over_utai,0.0111393,over_ai,0.00674017,over_ai,0.00964826,countIP,7.90377e+10,countIP0,8.46609e+10,keysum,7.83942e+10,pktSum,3.42678e+11,aggrSum,4.65905e+08,blackkey_num,110005237,feedback,43,feedsumportion,0.94333,finger0,11,finger,15,time,303003,runTime,1916.49
line,31944408,total,0.00820438,total0,0.0799288,false,0.00480976,over,0.0152417,false0,0.0271464,over0,0.0860246,overaggr,0.00594064,overcuckoo,0.00226374,over_uai,0.00406978,over_uai,0.00280593,over_utai,0.009672,over_utai,0.0111333,over_ai,0.00673719,over_ai,0.00964382,countIP,7.90766e+10,countIP0,8.47022e+10,keysum,7.84331e+10,pktSum,3.42862e+11,aggrSum,4.65943e+08,blackkey_num,111404118,feedback,43,feedsumportion,0.94333,finger0,11,finger,15,time,303003,runTime,1917.49
line,31961169,total,0.00820074,total0,0.0799245,false,0.00476828,over,0.0151258,false0,0.0270811,over0,0.0859056,overaggr,0.00593811,overcuckoo,0.00226264,over_uai,0.00406612,over_uai,0.00484894,over_utai,0.0096687,over_utai,0.0111288,over_ai,0.00673393,over_ai,0.00963916,countIP,7.91186e+10,countIP0,8.47471e+10,keysum,7.8475e+10,pktSum,3.43053e+11,aggrSum,4.65993e+08,blackkey_num,113192932,feedback,43,feedsumportion,0.94333,finger0,11,finger,15,time,303003,runTime,1918.49
line,31977904,total,0.00819716,total0,0.0799886,false,0.0047288,over,0.015014,false0,0.027356,over0,0.0868556,overaggr,0.00593553,overcuckoo,0.00226163,over_uai,0.00535731,over_uai,0.00437936,over_utai,0.00966611,over_utai,0.011124,over_ai,0.00673067,over_ai,0.0096347,countIP,7.91595e+10,countIP0,8.47963e+10,keysum,7.85159e+10,pktSum,3.43238e+11,aggrSum,4.66033e+08,blackkey_num,114536586,feedback,43,feedsumportion,0.94333,finger0,11,finger,15,time,303003,runTime,1919.49
line,31994488,total,0.00819404,total0,0.0800222,false,0.00469014,over,0.0149159,false0,0.0274581,over0,0.0873238,overaggr,0.00593325,overcuckoo,0.00226078,over_uai,0.00351812,over_uai,0.00346614,over_utai,0.0096623,over_utai,0.0111196,over_ai,0.00672739,over_ai,0.00963152,countIP,7.91967e+10,countIP0,8.4839e+10,keysum,7.8553e+10,pktSum,3.4342e+11,aggrSum,4.66075e+08,blackkey_num,116128047,feedback,43,feedsumportion,0.94333,finger0,11,finger,15,time,303003,runTime,1920.49
line,32011014,total,0.00820281,total0,0.0800745,false,0.00470782,over,0.0150056,false0,0.0276334,over0,0.0880778,overaggr,0.00594277,overcuckoo,0.00226005,over_uai,0.0480871,over_uai,0.0166155,over_utai,0.00968147,over_utai,0.0111219,over_ai,0.00674404,over_ai,0.00962863,countIP,7.9232e+10,countIP0,8.48802e+10,keysum,7.85873e+10,pktSum,3.43599e+11,aggrSum,4.67026e+08,blackkey_num,116788863,feedback,39,feedsumportion,0.583425,finger0,11,finger,15,time,305439,runTime,1921.49
line,32027306,total,0.00821273,total0,0.0801253,false,0.00472972,over,0.0151106,false0,0.0277944,over0,0.0887983,overaggr,0.0059535,overcuckoo,0.00225923,over_uai,0.0470052,over_uai,0.0158126,over_utai,0.00970114,over_utai,0.0111237,over_ai,0.00676263,over_ai,0.00962565,countIP,7.92681e+10,countIP0,8.4922e+10,keysum,7.86224e+10,pktSum,3.43785e+11,aggrSum,4.68078e+08,blackkey_num,117377280,feedback,39,feedsumportion,0.583425,finger0,11,finger,15,time,305439,runTime,1922.49
line,32044287,total,0.00822631,total0,0.0801283,false,0.00477017,over,0.0152726,false0,0.0277319,over0,0.0887888,overaggr,0.00596779,overcuckoo,0.00225852,over_uai,0.0481019,over_uai,0.029035,over_utai,0.0097202,over_utai,0.011133,over_ai,0.00678057,over_ai,0.00963284,countIP,7.93025e+10,countIP0,8.4958e+10,keysum,7.86555e+10,pktSum,3.43959e+11,aggrSum,4.694e+08,blackkey_num,117957827,feedback,39,feedsumportion,0.583425,finger0,11,finger,15,time,305439,runTime,1923.49
line,32060783,total,0.00824177,total0,0.0801231,false,0.00481794,over,0.0154572,false0,0.0276323,over0,0.0886517,overaggr,0.00598389,overcuckoo,0.00225788,over_uai,0.055496,over_uai,0.0382629,over_utai,0.00974253,over_utai,0.0111468,over_ai,0.00679688,over_ai,0.00964705,countIP,7.93398e+10,countIP0,8.49962e+10,keysum,7.86912e+10,pktSum,3.44144e+11,aggrSum,4.7088e+08,blackkey_num,118602578,feedback,39,feedsumportion,0.583425,finger0,11,finger,15,time,305439,runTime,1924.49
line,32077442,total,0.00825414,total0,0.080107,false,0.00485284,over,0.015589,false0,0.0275023,over0,0.0883468,overaggr,0.00599702,overcuckoo,0.00225713,over_uai,0.0467007,over_uai,0.0219911,over_utai,0.00976317,over_utai,0.0111525,over_ai,0.00681692,over_ai,0.00964798,countIP,7.938e+10,countIP0,8.5037e+10,keysum,7.87302e+10,pktSum,3.44329e+11,aggrSum,4.72146e+08,blackkey_num,119214906,feedback,39,feedsumportion,0.583425,finger0,11,finger,15,time,305439,runTime,1925.49
line,32094292,total,0.00825181,total0,0.080091,false,0.00481859,over,0.015499,false0,0.0273734,over0,0.0880467,overaggr,0.00599476,overcuckoo,0.00225705,over_uai,0.0062413,over_uai,0.00385635,over_utai,0.00976065,over_utai,0.0111476,over_ai,0.0068155,over_ai,0.00964342,countIP,7.94202e+10,countIP0,8.5079e+10,keysum,7.87702e+10,pktSum,3.4452e+11,aggrSum,4.72208e+08,blackkey_num,121978234,feedback,42,feedsumportion,0.978882,finger0,11,finger,15,time,306000,runTime,1926.49
line,32111211,total,0.00825336,total0,0.0800779,false,0.00480289,over,0.01547,false0,0.0272576,over0,0.0877963,overaggr,0.00599427,overcuckoo,0.00225909,over_uai,0.0153908,over_uai,0.0046664,over_utai,0.0097631,over_utai,0.0111435,over_ai,0.00681977,over_ai,0.00964044,countIP,7.94588e+10,countIP0,8.51192e+10,keysum,7.88083e+10,pktSum,3.44704e+11,aggrSum,4.72399e+08,blackkey_num,124025620,feedback,42,feedsumportion,0.978882,finger0,11,finger,15,time,306000,runTime,1927.49
line,32128214,total,0.00825481,total0,0.0800632,false,0.00478891,over,0.0154353,false0,0.027154,over0,0.0875212,overaggr,0.00599308,overcuckoo,0.00226173,over_uai,0.0139388,over_uai,0.00298068,over_utai,0.00976501,over_utai,0.0111369,over_ai,0.00682448,over_ai,0.00963632,countIP,7.9501e+10,countIP0,8.51631e+10,keysum,7.88501e+10,pktSum,3.44892e+11,aggrSum,4.72555e+08,blackkey_num,125462148,feedback,42,feedsumportion,0.978882,finger0,11,finger,15,time,306000,runTime,1928.49
line,32145218,total,0.00825602,total0,0.0800603,false,0.00477549,over,0.0153947,false0,0.0271177,over0,0.0874194,overaggr,0.00599385,overcuckoo,0.00226217,over_uai,0.00813851,over_uai,0.00943256,over_utai,0.00976356,over_utai,0.0111353,over_ai,0.00682478,over_ai,0.00963803,countIP,7.95454e+10,countIP0,8.52103e+10,keysum,7.88941e+10,pktSum,3.45081e+11,aggrSum,4.72879e+08,blackkey_num,126977773,feedback,42,feedsumportion,0.978882,finger0,11,finger,15,time,306000,runTime,1929.49
line,32162572,total,0.00825403,total0,0.0800648,false,0.00474517,over,0.0153155,false0,0.0270888,over0,0.0874316,overaggr,0.00599235,overcuckoo,0.00226169,over_uai,0.0057873,over_uai,0.00568392,over_utai,0.00976084,over_utai,0.0111314,over_ai,0.00682289,over_ai,0.00963486,countIP,7.95842e+10,countIP0,8.52524e+10,keysum,7.89327e+10,pktSum,3.45265e+11,aggrSum,4.72992e+08,blackkey_num,128302911,feedback,42,feedsumportion,0.978882,finger0,11,finger,15,time,306000,runTime,1930.49
line,32179602,total,0.00826161,total0,0.0800823,false,0.0047559,over,0.0153763,false0,0.027105,over0,0.0876334,overaggr,0.00600036,overcuckoo,0.00226125,over_uai,0.0287732,over_uai,0.00515408,over_utai,0.00977018,over_utai,0.0111279,over_ai,0.00683584,over_ai,0.00963407,countIP,7.96225e+10,countIP0,8.52941e+10,keysum,7.897e+10,pktSum,3.45454e+11,aggrSum,4.73848e+08,blackkey_num,128803649,feedback,45,feedsumportion,0.908284,finger0,11,finger,15,time,306625,runTime,1931.49
line,32196330,total,0.00827116,total0,0.0801177,false,0.00477475,over,0.0154651,false0,0.0271965,over0,0.0880879,overaggr,0.00600943,overcuckoo,0.00226173,over_uai,0.0321652,over_uai,0.00740462,over_utai,0.0097811,over_utai,0.0111254,over_ai,0.0068509,over_ai,0.00963488,countIP,7.96604e+10,countIP0,8.53368e+10,keysum,7.9007e+10,pktSum,3.45642e+11,aggrSum,4.74787e+08,blackkey_num,129785204,feedback,45,feedsumportion,0.908284,finger0,11,finger,15,time,306625,runTime,1932.49
line,32212971,total,0.00827905,total0,0.0801249,false,0.0047882,over,0.0155243,false0,0.0271828,over0,0.088132,overaggr,0.00601789,overcuckoo,0.00226116,over_uai,0.0286149,over_uai,0.00565383,over_utai,0.00979068,over_utai,0.0111218,over_ai,0.00686402,over_ai,0.00963502,countIP,7.97022e+10,countIP0,8.53814e+10,keysum,7.90477e+10,pktSum,3.45833e+11,aggrSum,4.757e+08,blackkey_num,130890284,feedback,45,feedsumportion,0.908284,finger0,11,finger,15,time,306625,runTime,1933.49
line,32229713,total,0.00828667,total0,0.0801254,false,0.00479804,over,0.0155839,false0,0.0271203,over0,0.0880861,overaggr,0.00602617,overcuckoo,0.0022605,over_uai,0.030302,over_uai,0.00341737,over_utai,0.00980099,over_utai,0.0111171,over_ai,0.00687815,over_ai,0.00963268,countIP,7.974e+10,countIP0,8.54214e+10,keysum,7.90847e+10,pktSum,3.46022e+11,aggrSum,4.76578e+08,blackkey_num,131610811,feedback,45,feedsumportion,0.908284,finger0,11,finger,15,time,306625,runTime,1934.49
line,32246749,total,0.00829462,total0,0.0801392,false,0.00480754,over,0.0156508,false0,0.0271022,over0,0.0882304,overaggr,0.00603419,overcuckoo,0.00226043,over_uai,0.0308577,over_uai,0.0030701,over_utai,0.00981158,over_utai,0.0111127,over_ai,0.00689273,over_ai,0.00963088,countIP,7.97755e+10,countIP0,8.54597e+10,keysum,7.91192e+10,pktSum,3.46211e+11,aggrSum,4.7742e+08,blackkey_num,132153127,feedback,45,feedsumportion,0.908284,finger0,11,finger,15,time,306625,runTime,1935.49
line,32263886,total,0.00829407,total0,0.0801308,false,0.00478315,over,0.0155982,false0,0.0270048,over0,0.0880646,overaggr,0.00603427,overcuckoo,0.0022598,over_uai,0.0225874,over_uai,0.00212209,over_utai,0.00981798,over_utai,0.0111077,over_ai,0.00689346,over_ai,0.00962826,countIP,7.98104e+10,countIP0,8.54966e+10,keysum,7.91539e+10,pktSum,3.46391e+11,aggrSum,4.77636e+08,blackkey_num,133517003,feedback,43,feedsumportion,0.965495,finger0,11,finger,15,time,306293,runTime,1936.49
line,32280654,total,0.00829338,total0,0.0801135,false,0.00476112,over,0.0155393,false0,0.0268924,over0,0.0877712,overaggr,0.00603392,overcuckoo,0.00225946,over_uai,0.0235272,over_uai,0.00513639,over_utai,0.00982515,over_utai,0.0111039,over_ai,0.00689227,over_ai,0.00962811,countIP,7.98493e+10,countIP0,8.5537e+10,keysum,7.91926e+10,pktSum,3.46571e+11,aggrSum,4.77842e+08,blackkey_num,134719048,feedback,43,feedsumportion,0.965495,finger0,11,finger,15,time,306293,runTime,1937.49
line,32297304,total,0.00829184,total0,0.0800972,false,0.00473376,over,0.0154702,false0,0.0267732,over0,0.0874963,overaggr,0.00603286,overcuckoo,0.00225898,over_uai,0.0222776,over_uai,0.00366518,over_utai,0.00983174,over_utai,0.0110989,over_ai,0.00689016,over_ai,0.00962695,countIP,7.98876e+10,countIP0,8.55768e+10,keysum,7.92307e+10,pktSum,3.46758e+11,aggrSum,4.77987e+08,blackkey_num,136017759,feedback,43,feedsumportion,0.965495,finger0,11,finger,15,time,306293,runTime,1938.49
line,32313947,total,0.00828991,total0,0.080077,false,0.00470798,over,0.0153928,false0,0.0266609,over0,0.0871684,overaggr,0.00603156,overcuckoo,0.00225835,over_uai,0.0199038,over_uai,0.00337077,over_utai,0.00983705,over_utai,0.0110935,over_ai,0.00688798,over_ai,0.00962464,countIP,7.99291e+10,countIP0,8.56198e+10,keysum,7.92719e+10,pktSum,3.46943e+11,aggrSum,4.78133e+08,blackkey_num,137380692,feedback,43,feedsumportion,0.965495,finger0,11,finger,15,time,306293,runTime,1939.49
line,32330189,total,0.00828839,total0,0.0800629,false,0.00468254,over,0.0153254,false0,0.0265606,over0,0.0869297,overaggr,0.00603049,overcuckoo,0.0022579,over_uai,0.0180927,over_uai,0.0034657,over_utai,0.00984092,over_utai,0.0110887,over_ai,0.00688641,over_ai,0.00962262,countIP,7.99678e+10,countIP0,8.56603e+10,keysum,7.93105e+10,pktSum,3.47127e+11,aggrSum,4.78281e+08,blackkey_num,139081645,feedback,43,feedsumportion,0.965495,finger0,11,finger,15,time,306293,runTime,1940.49
line,32346526,total,0.00829763,total0,0.0800537,false,0.0046996,over,0.0154084,false0,0.0264635,over0,0.0867652,overaggr,0.00604053,overcuckoo,0.0022571,over_uai,0.0342251,over_uai,0.0228614,over_utai,0.00985389,over_utai,0.0110942,over_ai,0.00690178,over_ai,0.00962271,countIP,8.00036e+10,countIP0,8.56971e+10,keysum,7.93452e+10,pktSum,3.4731e+11,aggrSum,4.79288e+08,blackkey_num,139628841,feedback,43,feedsumportion,0.854854,finger0,11,finger,15,time,307183,runTime,1941.49
line,32362840,total,0.00830555,total0,0.0800426,false,0.004711,over,0.0154716,false0,0.0263615,over0,0.0865751,overaggr,0.00604931,overcuckoo,0.00225625,over_uai,0.036503,over_uai,0.0198051,over_utai,0.00986775,over_utai,0.0110992,over_ai,0.00691578,over_ai,0.00962162,countIP,8.00404e+10,countIP0,8.5735e+10,keysum,7.93811e+10,pktSum,3.47496e+11,aggrSum,4.80201e+08,blackkey_num,140418493,feedback,43,feedsumportion,0.854854,finger0,11,finger,15,time,307183,runTime,1942.49
line,32379280,total,0.00831554,total0,0.0800393,false,0.00473118,over,0.015561,false0,0.026297,over0,0.0864916,overaggr,0.00605997,overcuckoo,0.00225557,over_uai,0.0371042,over_uai,0.0125887,over_utai,0.00988292,over_utai,0.0110999,over_ai,0.0069347,over_ai,0.00961825,countIP,8.0078e+10,countIP0,8.57741e+10,keysum,7.94176e+10,pktSum,3.47681e+11,aggrSum,4.81268e+08,blackkey_num,141155692,feedback,43,feedsumportion,0.854854,finger0,11,finger,15,time,307183,runTime,1943.49
line,32395703,total,0.0083256,total0,0.0800327,false,0.00475,over,0.0156507,false0,0.0262115,over0,0.0863639,overaggr,0.00607068,overcuckoo,0.00225491,over_uai,0.0329738,over_uai,0.0153855,over_utai,0.00989641,over_utai,0.011102,over_ai,0.00695332,over_ai,0.00961541,countIP,8.01153e+10,countIP0,8.58127e+10,keysum,7.94538e+10,pktSum,3.47871e+11,aggrSum,4.82339e+08,blackkey_num,141928651,feedback,43,feedsumportion,0.854854,finger0,11,finger,15,time,307183,runTime,1944.49
line,32412102,total,0.00833288,total0,0.0800337,false,0.00475808,over,0.0157031,false0,0.0261611,over0,0.0863398,overaggr,0.00607864,overcuckoo,0.00225424,over_uai,0.0310008,over_uai,0.0171193,over_utai,0.00990799,over_utai,0.0111045,over_ai,0.00696746,over_ai,0.00961249,countIP,8.01521e+10,countIP0,8.58516e+10,keysum,7.94897e+10,pktSum,3.48058e+11,aggrSum,4.83189e+08,blackkey_num,142477161,feedback,43,feedsumportion,0.854854,finger0,11,finger,15,time,307183,runTime,1945.49
line,32428427,total,0.00833015,total0,0.0800433,false,0.00472847,over,0.0156195,false0,0.0261634,over0,0.0864253,overaggr,0.0060766,overcuckoo,0.00225356,over_uai,0.0160426,over_uai,0.00231108,over_utai,0.00991107,over_utai,0.0110993,over_ai,0.00696452,over_ai,0.00960942,countIP,8.01916e+10,countIP0,8.58949e+10,keysum,7.95291e+10,pktSum,3.48245e+11,aggrSum,4.83266e+08,blackkey_num,143837131,feedback,43,feedsumportion,0.974743,finger0,11,finger,15,time,308075,runTime,1946.49
line,32444856,total,0.00832754,total0,0.0800366,false,0.00469945,over,0.0155382,false0,0.0260998,over0,0.0862961,overaggr,0.00607474,overcuckoo,0.0022528,over_uai,0.0190856,over_uai,0.00179577,over_utai,0.00991566,over_utai,0.0110935,over_ai,0.00696251,over_ai,0.00960533,countIP,8.02312e+10,countIP0,8.5937e+10,keysum,7.95686e+10,pktSum,3.48434e+11,aggrSum,4.83358e+08,blackkey_num,145048753,feedback,43,feedsumportion,0.974743,finger0,11,finger,15,time,308075,runTime,1947.49
line,32461289,total,0.00833268,total0,0.0800311,false,0.00470099,over,0.015556,false0,0.0260439,over0,0.0861819,overaggr,0.00608084,overcuckoo,0.00225184,over_uai,0.0429336,over_uai,0.00131263,over_utai,0.00993252,over_utai,0.0110866,over_ai,0.00697438,over_ai,0.00960001,countIP,8.02735e+10,countIP0,8.59814e+10,keysum,7.96102e+10,pktSum,3.4863e+11,aggrSum,4.84097e+08,blackkey_num,146305475,feedback,43,feedsumportion,0.974743,finger0,11,finger,15,time,308075,runTime,1948.49
line,32477445,total,0.00833181,total0,0.0800248,false,0.0046825,over,0.0154906,false0,0.0260127,over0,0.0860547,overaggr,0.00608115,overcuckoo,0.00225066,over_uai,0.0230002,over_uai,0.0010843,over_utai,0.00993996,over_utai,0.0110795,over_ai,0.00697648,over_ai,0.00959418,countIP,8.03203e+10,countIP0,8.60311e+10,keysum,7.96566e+10,pktSum,3.48825e+11,aggrSum,4.84404e+08,blackkey_num,147504347,feedback,43,feedsumportion,0.974743,finger0,11,finger,15,time,308075,runTime,1949.49
line,32493505,total,0.00832992,total0,0.0800254,false,0.00465835,over,0.015416,false0,0.0259934,over0,0.0860204,overaggr,0.00608024,overcuckoo,0.00224968,over_uai,0.018627,over_uai,0.00163471,over_utai,0.00994493,over_utai,0.0110738,over_ai,0.00697598,over_ai,0.00959001,countIP,8.03644e+10,countIP0,8.60786e+10,keysum,7.97005e+10,pktSum,3.49021e+11,aggrSum,4.84599e+08,blackkey_num,149246292,feedback,43,feedsumportion,0.974743,finger0,11,finger,15,time,308075,runTime,1950.49
line,32509709,total,0.00833691,total0,0.0800332,false,0.00466696,over,0.0154571,false0,0.0259898,over0,0.0860791,overaggr,0.00608817,overcuckoo,0.00224874,over_uai,0.0325911,over_uai,0.00145004,over_utai,0.00995865,over_utai,0.0110679,over_ai,0.00699058,over_ai,0.00958581,countIP,8.04076e+10,countIP0,8.61249e+10,keysum,7.97428e+10,pktSum,3.4922e+11,aggrSum,4.85487e+08,blackkey_num,149953944,feedback,44,feedsumportion,0.918197,finger0,11,finger,15,time,312913,runTime,1951.49
line,32526091,total,0.00834413,total0,0.0800512,false,0.00467664,over,0.0155032,false0,0.0260234,over0,0.0862684,overaggr,0.0060963,overcuckoo,0.00224783,over_uai,0.0371039,over_uai,0.00121454,over_utai,0.00997448,over_utai,0.0110625,over_ai,0.00700537,over_ai,0.00958205,countIP,8.04485e+10,countIP0,8.61695e+10,keysum,7.97828e+10,pktSum,3.49411e+11,aggrSum,4.8638e+08,blackkey_num,150398687,feedback,44,feedsumportion,0.918197,finger0,11,finger,15,time,312913,runTime,1952.49
line,32542119,total,0.00834994,total0,0.0800579,false,0.00468087,over,0.0155277,false0,0.0260186,over0,0.0863106,overaggr,0.00610298,overcuckoo,0.00224696,over_uai,0.0285061,over_uai,0.00604216,over_utai,0.00998473,over_utai,0.0110591,over_ai,0.00701496,over_ai,0.00958218,countIP,8.04924e+10,countIP0,8.62166e+10,keysum,7.98259e+10,pktSum,3.49611e+11,aggrSum,4.87176e+08,blackkey_num,151186856,feedback,44,feedsumportion,0.918197,finger0,11,finger,15,time,312913,runTime,1953.49
line,32558429,total,0.00835598,total0,0.0800685,false,0.00468643,over,0.0155553,false0,0.0260306,over0,0.0864015,overaggr,0.00611,overcuckoo,0.00224598,over_uai,0.0327663,over_uai,0.00322068,over_utai,0.00999843,over_utai,0.0110541,over_ai,0.00702659,over_ai,0.0095805,countIP,8.05358e+10,countIP0,8.62634e+10,keysum,7.98684e+10,pktSum,3.49808e+11,aggrSum,4.87996e+08,blackkey_num,152014794,feedback,44,feedsumportion,0.918197,finger0,11,finger,15,time,312913,runTime,1954.49
line,32574707,total,0.008362,total0,0.0800728,false,0.00469081,over,0.0155837,false0,0.0260111,over0,0.0864137,overaggr,0.00611685,overcuckoo,0.00224515,over_uai,0.031397,over_uai,0.0012673,over_utai,0.0100107,over_utai,0.0110482,over_ai,0.00703942,over_ai,0.00957645,countIP,8.0578e+10,countIP0,8.63084e+10,keysum,7.99098e+10,pktSum,3.50006e+11,aggrSum,4.88796e+08,blackkey_num,152474717,feedback,44,feedsumportion,0.918197,finger0,11,finger,15,time,312913,runTime,1955.49
line,32591342,total,0.00835883,total0,0.0800829,false,0.00465983,over,0.0155052,false0,0.0259972,over0,0.0865037,overaggr,0.00611448,overcuckoo,0.00224435,over_uai,0.0159,over_uai,0.00181442,over_utai,0.0100136,over_utai,0.0110428,over_ai,0.00703615,over_ai,0.00957317,countIP,8.06134e+10,countIP0,8.63474e+10,keysum,7.99452e+10,pktSum,3.50192e+11,aggrSum,4.88823e+08,blackkey_num,153767213,feedback,38,feedsumportion,0.977585,finger0,11,finger,15,time,308716,runTime,1956.49
line,32607951,total,0.00835552,total0,0.0800964,false,0.00462901,over,0.0154247,false0,0.025999,over0,0.0866332,overaggr,0.00611198,overcuckoo,0.00224354,over_uai,0.0186031,over_uai,0.00227219,over_utai,0.010018,over_utai,0.0110373,over_ai,0.00703292,over_ai,0.00956939,countIP,8.06498e+10,countIP0,8.63878e+10,keysum,7.99815e+10,pktSum,3.50381e+11,aggrSum,4.88846e+08,blackkey_num,155123663,feedback,38,feedsumportion,0.977585,finger0,11,finger,15,time,308716,runTime,1957.49
line,32624330,total,0.00835178,total0,0.0800891,false,0.00459903,over,0.0153351,false0,0.0259426,over0,0.0865036,overaggr,0.00610919,overcuckoo,0.00224259,over_uai,0.0146476,over_uai,0.00226408,over_utai,0.0100204,over_utai,0.0110315,over_ai,0.00702946,over_ai,0.00956482,countIP,8.06906e+10,countIP0,8.64311e+10,keysum,8.00222e+10,pktSum,3.50572e+11,aggrSum,4.88871e+08,blackkey_num,156638281,feedback,38,feedsumportion,0.977585,finger0,11,finger,15,time,308716,runTime,1958.49
line,32640809,total,0.00834775,total0,0.0800898,false,0.00456989,over,0.0152407,false0,0.0259279,over0,0.0864703,overaggr,0.00610615,overcuckoo,0.0022416,over_uai,0.0140961,over_uai,0.00233161,over_utai,0.0100227,over_utai,0.0110253,over_ai,0.00702538,over_ai,0.00956073,countIP,8.07336e+10,countIP0,8.64776e+10,keysum,8.00652e+10,pktSum,3.50762e+11,aggrSum,4.8889e+08,blackkey_num,158282493,feedback,38,feedsumportion,0.977585,finger0,11,finger,15,time,308716,runTime,1959.49
line,32657023,total,0.00834399,total0,0.0800835,false,0.00454048,over,0.0151534,false0,0.025875,over0,0.0863553,overaggr,0.00610337,overcuckoo,0.00224062,over_uai,0.0148792,over_uai,0.00212377,over_utai,0.0100253,over_utai,0.0110193,over_ai,0.00702145,over_ai,0.00955717,countIP,8.07739e+10,countIP0,8.65206e+10,keysum,8.01055e+10,pktSum,3.50952e+11,aggrSum,4.88914e+08,blackkey_num,159669679,feedback,38,feedsumportion,0.977585,finger0,11,finger,15,time,308716,runTime,1960.49
line,32673474,total,0.00834932,total0,0.0800788,false,0.0045451,over,0.015174,false0,0.0258375,over0,0.0862593,overaggr,0.00610967,overcuckoo,0.00223965,over_uai,0.0377265,over_uai,0.00132375,over_utai,0.0100412,over_utai,0.0110123,over_ai,0.00703336,over_ai,0.00955283,countIP,8.08172e+10,countIP0,8.65662e+10,keysum,8.01481e+10,pktSum,3.51144e+11,aggrSum,4.89678e+08,blackkey_num,160166672,feedback,33,feedsumportion,0.50765,finger0,11,finger,15,time,331954,runTime,1961.49
line,32689983,total,0.00835734,total0,0.0800833,false,0.00455939,over,0.0152275,false0,0.0258324,over0,0.0862752,overaggr,0.00611853,overcuckoo,0.0022388,over_uai,0.0455004,over_uai,0.00152129,over_utai,0.0100625,over_utai,0.0110057,over_ai,0.00704978,over_ai,0.00954848,countIP,8.08598e+10,countIP0,8.66114e+10,keysum,8.01896e+10,pktSum,3.51333e+11,aggrSum,4.90643e+08,blackkey_num,160669342,feedback,33,feedsumportion,0.50765,finger0,11,finger,15,time,331954,runTime,1962.49
line,32706578,total,0.00836228,total0,0.0800873,false,0.00456229,over,0.0152449,false0,0.0258224,over0,0.0862856,overaggr,0.00612433,overcuckoo,0.00223795,over_uai,0.0373432,over_uai,0.00422786,over_utai,0.0100777,over_utai,0.0110015,over_ai,0.0070608,over_ai,0.00954463,countIP,8.09011e+10,countIP0,8.66556e+10,keysum,8.02302e+10,pktSum,3.51521e+11,aggrSum,4.91356e+08,blackkey_num,161165437,feedback,33,feedsumportion,0.50765,finger0,11,finger,15,time,331954,runTime,1963.49
line,32723396,total,0.00837483,total0,0.0800817,false,0.00459094,over,0.0153541,false0,0.0257693,over0,0.0861839,overaggr,0.0061377,overcuckoo,0.00223713,over_uai,0.0451403,over_uai,0.00318866,over_utai,0.0100966,over_utai,0.0109971,over_ai,0.00708417,over_ai,0.00954114,countIP,8.09409e+10,countIP0,8.66967e+10,keysum,8.02686e+10,pktSum,3.51708e+11,aggrSum,4.92665e+08,blackkey_num,161678116,feedback,33,feedsumportion,0.50765,finger0,11,finger,15,time,331954,runTime,1964.49
line,32740564,total,0.0083984,total0,0.0800708,false,0.00465867,over,0.015593,false0,0.0257009,over0,0.0860233,overaggr,0.00616205,overcuckoo,0.00223634,over_uai,0.0772439,over_uai,0.0062895,over_utai,0.0101306,over_utai,0.0109948,over_ai,0.00712656,over_ai,0.00953767,countIP,8.09803e+10,countIP0,8.6736e+10,keysum,8.03058e+10,pktSum,3.51887e+11,aggrSum,4.94849e+08,blackkey_num,162291363,feedback,33,feedsumportion,0.50765,finger0,11,finger,15,time,331954,runTime,1965.49
line,32757803,total,0.00839519,total0,0.080066,false,0.00463285,over,0.0155176,false0,0.0256562,over0,0.0859348,overaggr,0.00615966,overcuckoo,0.00223553,over_uai,0.0186076,over_uai,0.00155576,over_utai,0.0101348,over_utai,0.0109907,over_ai,0.00712325,over_ai,0.0095343,countIP,8.10165e+10,countIP0,8.67747e+10,keysum,8.0342e+10,pktSum,3.52061e+11,aggrSum,4.9488e+08,blackkey_num,164236098,feedback,37,feedsumportion,0.980968,finger0,11,finger,15,time,341002,runTime,1966.49
line,32774657,total,0.00839127,total0,0.0800555,false,0.00460652,over,0.0154279,false0,0.0256117,over0,0.0857771,overaggr,0.00615667,overcuckoo,0.0022346,over_uai,0.0159258,over_uai,0.00130694,over_utai,0.0101376,over_utai,0.0109854,over_ai,0.00711984,over_ai,0.00952926,countIP,8.10594e+10,countIP0,8.68202e+10,keysum,8.03849e+10,pktSum,3.52245e+11,aggrSum,4.94903e+08,blackkey_num,167468570,feedback,37,feedsumportion,0.980968,finger0,11,finger,15,time,341002,runTime,1967.49
line,32791624,total,0.00838751,total0,0.0800355,false,0.00457931,over,0.0153438,false0,0.0255208,over0,0.0855123,overaggr,0.00615385,overcuckoo,0.00223367,over_uai,0.0126489,over_uai,0.0012677,over_utai,0.0101388,over_utai,0.0109807,over_ai,0.00711589,over_ai,0.00952578,countIP,8.10996e+10,countIP0,8.68619e+10,keysum,8.04251e+10,pktSum,3.52431e+11,aggrSum,4.94923e+08,blackkey_num,169421077,feedback,37,feedsumportion,0.980968,finger0,11,finger,15,time,341002,runTime,1968.49
line,32808313,total,0.0083841,total0,0.0800244,false,0.00455392,over,0.0152646,false0,0.0254637,over0,0.0853537,overaggr,0.00615119,overcuckoo,0.00223291,over_uai,0.0166876,over_uai,0.00176982,over_utai,0.0101423,over_utai,0.0109761,over_ai,0.00711227,over_ai,0.00952253,countIP,8.11398e+10,countIP0,8.69044e+10,keysum,8.04652e+10,pktSum,3.52614e+11,aggrSum,4.94957e+08,blackkey_num,170765022,feedback,37,feedsumportion,0.980968,finger0,11,finger,15,time,341002,runTime,1969.49
line,32824954,total,0.00838034,total0,0.0800235,false,0.00452966,over,0.015181,false0,0.0254551,over0,0.0853121,overaggr,0.00614837,overcuckoo,0.00223196,over_uai,0.0179467,over_uai,0.00142473,over_utai,0.0101465,over_utai,0.0109718,over_ai,0.00710841,over_ai,0.00951878,countIP,8.11814e+10,countIP0,8.69491e+10,keysum,8.05067e+10,pktSum,3.52792e+11,aggrSum,4.94985e+08,blackkey_num,171894608,feedback,37,feedsumportion,0.980968,finger0,11,finger,15,time,341002,runTime,1970.49
line,32841654,total,0.00838558,total0,0.0800198,false,0.00453365,over,0.0152039,false0,0.0254182,over0,0.0852416,overaggr,0.00615438,overcuckoo,0.0022312,over_uai,0.0256329,over_uai,0.00274111,over_utai,0.0101549,over_utai,0.0109679,over_ai,0.00711929,over_ai,0.00951553,countIP,8.12204e+10,countIP0,8.69902e+10,keysum,8.0545e+10,pktSum,3.52973e+11,aggrSum,4.95705e+08,blackkey_num,172430979,feedback,36,feedsumportion,0.521103,finger0,11,finger,15,time,303210,runTime,1971.49
line,32858524,total,0.00839565,total0,0.0800111,false,0.00455555,over,0.0152787,false0,0.0253776,over0,0.0851127,overaggr,0.00616532,overcuckoo,0.00223033,over_uai,0.0354666,over_uai,0.00233776,over_utai,0.0101696,over_utai,0.0109642,over_ai,0.00713832,over_ai,0.00951276,countIP,8.12626e+10,countIP0,8.70338e+10,keysum,8.0586e+10,pktSum,3.53154e+11,aggrSum,4.96839e+08,blackkey_num,172985078,feedback,36,feedsumportion,0.521103,finger0,11,finger,15,time,303210,runTime,1972.49
line,32875153,total,0.00840377,total0,0.0800085,false,0.0045707,over,0.01533,false0,0.025359,over0,0.0850535,overaggr,0.00617438,overcuckoo,0.00222939,over_uai,0.0359799,over_uai,0.00205405,over_utai,0.010182,over_utai,0.0109592,over_ai,0.00715452,over_ai,0.00950887,countIP,8.13053e+10,countIP0,8.70787e+10,keysum,8.06278e+10,pktSum,3.53336e+11,aggrSum,4.97827e+08,blackkey_num,173486708,feedback,36,feedsumportion,0.521103,finger0,11,finger,15,time,303210,runTime,1973.49
line,32891955,total,0.00841177,total0,0.0800119,false,0.00458394,over,0.0153824,false0,0.0253491,over0,0.0850641,overaggr,0.00618328,overcuckoo,0.00222849,over_uai,0.0339222,over_uai,0.00213092,over_utai,0.0101952,over_utai,0.0109547,over_ai,0.00717021,over_ai,0.00950556,countIP,8.1345e+10,countIP0,8.71207e+10,keysum,8.06664e+10,pktSum,3.53517e+11,aggrSum,4.98783e+08,blackkey_num,174041383,feedback,36,feedsumportion,0.521103,finger0,11,finger,15,time,303210,runTime,1974.49
line,32908705,total,0.00841813,total0,0.0800027,false,0.00459019,over,0.0154174,false0,0.025288,over0,0.0849364,overaggr,0.00619057,overcuckoo,0.00222756,over_uai,0.035509,over_uai,0.00116731,over_utai,0.0102074,over_utai,0.0109496,over_ai,0.00718333,over_ai,0.00950179,countIP,8.13832e+10,countIP0,8.71603e+10,keysum,8.07038e+10,pktSum,3.53702e+11,aggrSum,4.99603e+08,blackkey_num,174574860,feedback,36,feedsumportion,0.521103,finger0,11,finger,15,time,303210,runTime,1975.49
line,32925368,total,0.00841453,total0,0.0799926,false,0.00456461,over,0.0153395,false0,0.0252334,over0,0.0847975,overaggr,0.00618795,overcuckoo,0.00222658,over_uai,0.0187935,over_uai,0.00144563,over_utai,0.0102113,over_utai,0.0109441,over_ai,0.00718011,over_ai,0.00949722,countIP,8.14226e+10,countIP0,8.7202e+10,keysum,8.07431e+10,pktSum,3.53886e+11,aggrSum,4.99634e+08,blackkey_num,176056988,feedback,44,feedsumportion,0.963287,finger0,11,finger,15,time,309337,runTime,1976.49
line,32942129,total,0.00841075,total0,0.0799789,false,0.00454034,over,0.0152589,false0,0.0251785,over0,0.0846187,overaggr,0.00618526,overcuckoo,0.00222549,over_uai,0.0163745,over_uai,0.00166558,over_utai,0.0102143,over_utai,0.0109389,over_ai,0.0071769,over_ai,0.00949228,countIP,8.14637e+10,countIP0,8.72452e+10,keysum,8.07842e+10,pktSum,3.54067e+11,aggrSum,4.99672e+08,blackkey_num,177485902,feedback,44,feedsumportion,0.963287,finger0,11,finger,15,time,309337,runTime,1977.49
line,32958681,total,0.00840783,total0,0.0799785,false,0.00451716,over,0.0151916,false0,0.0251525,over0,0.0845903,overaggr,0.00618331,overcuckoo,0.00222452,over_uai,0.0153188,over_uai,0.00147527,over_utai,0.0102166,over_utai,0.0109341,over_ai,0.00717419,over_ai,0.0094889,countIP,8.15015e+10,countIP0,8.7286e+10,keysum,8.0822e+10,pktSum,3.54249e+11,aggrSum,4.99747e+08,blackkey_num,179316528,feedback,44,feedsumportion,0.963287,finger0,11,finger,15,time,309337,runTime,1978.49
line,32975408,total,0.00840557,total0,0.0799743,false,0.00449589,over,0.0151325,false0,0.0251114,over0,0.0845215,overaggr,0.00618199,overcuckoo,0.00222358,over_uai,0.0174614,over_uai,0.00171059,over_utai,0.0102201,over_utai,0.0109292,over_ai,0.00717282,over_ai,0.00948516,countIP,8.15391e+10,countIP0,8.73261e+10,keysum,8.08594e+10,pktSum,3.54433e+11,aggrSum,4.99872e+08,blackkey_num,181024140,feedback,44,feedsumportion,0.963287,finger0,11,finger,15,time,309337,runTime,1979.49
line,32992051,total,0.00840399,total0,0.079977,false,0.00447798,over,0.0150788,false0,0.0251018,over0,0.0845259,overaggr,0.00618131,overcuckoo,0.00222268,over_uai,0.0223612,over_uai,0.00762845,over_utai,0.0102263,over_utai,0.0109273,over_ai,0.00717271,over_ai,0.00948117,countIP,8.15796e+10,countIP0,8.73699e+10,keysum,8.08997e+10,pktSum,3.5462e+11,aggrSum,5.00066e+08,blackkey_num,182792394,feedback,44,feedsumportion,0.963287,finger0,11,finger,15,time,309337,runTime,1980.49
line,33008685,total,0.00841051,total0,0.080002,false,0.00448515,over,0.0151154,false0,0.0251546,over0,0.0847735,overaggr,0.00618868,overcuckoo,0.00222184,over_uai,0.0336633,over_uai,0.00112326,over_utai,0.0102372,over_utai,0.0109213,over_ai,0.00718621,over_ai,0.0094769,countIP,8.16187e+10,countIP0,8.74131e+10,keysum,8.09379e+10,pktSum,3.54807e+11,aggrSum,5.00899e+08,blackkey_num,183898422,feedback,38,feedsumportion,0.81715,finger0,11,finger,15,time,747773,runTime,1981.49
line,33025219,total,0.00841966,total0,0.0800062,false,0.00450152,over,0.0151811,false0,0.0251435,over0,0.0847951,overaggr,0.0061986,overcuckoo,0.00222107,over_uai,0.0732197,over_uai,0.00198895,over_utai,0.0102697,over_utai,0.0109165,over_ai,0.00720393,over_ai,0.00947319,countIP,8.16567e+10,countIP0,8.74534e+10,keysum,8.09749e+10,pktSum,3.54986e+11,aggrSum,5.01931e+08,blackkey_num,185073467,feedback,38,feedsumportion,0.81715,finger0,11,finger,15,time,747773,runTime,1982.49
line,33042164,total,0.00842782,total0,0.0800108,false,0.00451663,over,0.0152324,false0,0.02515,over0,0.084819,overaggr,0.00620762,overcuckoo,0.0022202,over_uai,0.0386985,over_uai,0.00206063,over_utai,0.0102841,over_utai,0.0109114,over_ai,0.0072204,over_ai,0.00946897,countIP,8.16982e+10,countIP0,8.74975e+10,keysum,8.10154e+10,pktSum,3.55164e+11,aggrSum,5.02913e+08,blackkey_num,186369674,feedback,38,feedsumportion,0.81715,finger0,11,finger,15,time,747773,runTime,1983.49
line,33059424,total,0.00843257,total0,0.0800152,false,0.00452206,over,0.0152442,false0,0.0251668,over0,0.0848389,overaggr,0.00621327,overcuckoo,0.0022193,over_uai,0.0259663,over_uai,0.00357272,over_utai,0.010293,over_utai,0.0109073,over_ai,0.00723122,over_ai,0.00946487,countIP,8.17424e+10,countIP0,8.75448e+10,keysum,8.10589e+10,pktSum,3.55343e+11,aggrSum,5.03641e+08,blackkey_num,187754838,feedback,38,feedsumportion,0.81715,finger0,11,finger,15,time,747773,runTime,1984.49
line,33076280,total,0.00844186,total0,0.0800134,false,0.0045393,over,0.0153069,false0,0.025146,over0,0.0847943,overaggr,0.00622343,overcuckoo,0.00221842,over_uai,0.0428524,over_uai,0.00322198,over_utai,0.01031,over_utai,0.0109035,over_ai,0.0072496,over_ai,0.00946067,countIP,8.17838e+10,countIP0,8.75882e+10,keysum,8.10991e+10,pktSum,3.55527e+11,aggrSum,5.04715e+08,blackkey_num,188350506,feedback,38,feedsumportion,0.81715,finger0,11,finger,15,time,747773,runTime,1985.49
line,33093564,total,0.00843883,total0,0.0800284,false,0.00451635,over,0.0152411,false0,0.0251667,over0,0.0849287,overaggr,0.00622115,overcuckoo,0.00221768,over_uai,0.00862594,over_uai,0.00150276,over_utai,0.0103088,over_utai,0.0108988,over_ai,0.00724684,over_ai,0.00945693,countIP,8.18216e+10,countIP0,8.76302e+10,keysum,8.11369e+10,pktSum,3.55711e+11,aggrSum,5.04765e+08,blackkey_num,190056986,feedback,40,feedsumportion,0.976926,finger0,11,finger,15,time,307790,runTime,1986.49
line,33110638,total,0.008435,total0,0.0800243,false,0.00449423,over,0.0151627,false0,0.0251521,over0,0.0848585,overaggr,0.00621825,overcuckoo,0.00221675,over_uai,0.0247016,over_uai,0.0012734,over_utai,0.0103163,over_utai,0.0108935,over_ai,0.00724344,over_ai,0.00945208,countIP,8.18648e+10,countIP0,8.76764e+10,keysum,8.11801e+10,pktSum,3.55894e+11,aggrSum,5.04798e+08,blackkey_num,191460688,feedback,40,feedsumportion,0.976926,finger0,11,finger,15,time,307790,runTime,1987.49
line,33127805,total,0.00843081,total0,0.0800121,false,0.00447143,over,0.01508,false0,0.0251156,over0,0.0847029,overaggr,0.00621504,overcuckoo,0.00221577,over_uai,0.0127185,over_uai,0.0011638,over_utai,0.0103174,over_utai,0.0108878,over_ai,0.00723979,over_ai,0.00944711,countIP,8.19096e+10,countIP0,8.77238e+10,keysum,8.12248e+10,pktSum,3.5608e+11,aggrSum,5.04815e+08,blackkey_num,192905074,feedback,40,feedsumportion,0.976926,finger0,11,finger,15,time,307790,runTime,1988.49
line,33144940,total,0.0084276,total0,0.0800184,false,0.00444839,over,0.0150154,false0,0.0251066,over0,0.0847464,overaggr,0.00621269,overcuckoo,0.00221491,over_uai,0.00799556,over_uai,0.00163139,over_utai,0.0103161,over_utai,0.0108835,over_ai,0.00723679,over_ai,0.00944365,countIP,8.19461e+10,countIP0,8.77636e+10,keysum,8.12612e+10,pktSum,3.56262e+11,aggrSum,5.04851e+08,blackkey_num,194513329,feedback,40,feedsumportion,0.976926,finger0,11,finger,15,time,307790,runTime,1989.49
line,33162033,total,0.00842657,total0,0.0800194,false,0.00443432,over,0.0149689,false0,0.0251005,over0,0.0847317,overaggr,0.00621212,overcuckoo,0.00221445,over_uai,0.00628192,over_uai,0.00930921,over_utai,0.0103135,over_utai,0.0108825,over_ai,0.00723372,over_ai,0.00944544,countIP,8.19889e+10,countIP0,8.78096e+10,keysum,8.13038e+10,pktSum,3.5645e+11,aggrSum,5.05069e+08,blackkey_num,197020126,feedback,40,feedsumportion,0.976926,finger0,11,finger,15,time,307790,runTime,1990.49
line,33179371,total,0.00843437,total0,0.0800138,false,0.00444559,over,0.0150179,false0,0.0250582,over0,0.0846506,overaggr,0.00622045,overcuckoo,0.00221392,over_uai,0.0380222,over_uai,0.00231987,over_utai,0.0103295,over_utai,0.0108785,over_ai,0.00724872,over_ai,0.00944255,countIP,8.20279e+10,countIP0,8.78503e+10,keysum,8.13419e+10,pktSum,3.56636e+11,aggrSum,5.05983e+08,blackkey_num,198603570,feedback,35,feedsumportion,0.82216,finger0,11,finger,15,time,309818,runTime,1991.49
line,33196241,total,0.00844927,total0,0.0800051,false,0.00447805,over,0.0151392,false0,0.0250059,over0,0.0845392,overaggr,0.00623612,overcuckoo,0.00221315,over_uai,0.0536702,over_uai,0.00129665,over_utai,0.0103539,over_utai,0.0108733,over_ai,0.00727646,over_ai,0.00943866,countIP,8.20679e+10,countIP0,8.78911e+10,keysum,8.13803e+10,pktSum,3.56825e+11,aggrSum,5.07497e+08,blackkey_num,200024450,feedback,35,feedsumportion,0.82216,finger0,11,finger,15,time,309818,runTime,1992.49
line,33212984,total,0.00846867,total0,0.0800033,false,0.00452292,over,0.0153076,false0,0.024967,over0,0.0844994,overaggr,0.0062564,overcuckoo,0.00221227,over_uai,0.0758859,over_uai,0.00168224,over_utai,0.0103866,over_utai,0.0108689,over_ai,0.00731198,over_ai,0.00943472,countIP,8.21058e+10,countIP0,8.79299e+10,keysum,8.14163e+10,pktSum,3.57012e+11,aggrSum,5.09373e+08,blackkey_num,200809978,feedback,35,feedsumportion,0.82216,finger0,11,finger,15,time,309818,runTime,1993.49
line,33230045,total,0.00848461,total0,0.0800084,false,0.00455802,over,0.0154371,false0,0.0249585,over0,0.0845296,overaggr,0.00627304,overcuckoo,0.00221157,over_uai,0.0616647,over_uai,0.00161077,over_utai,0.0104125,over_utai,0.0108647,over_ai,0.00734108,over_ai,0.00943115,countIP,8.2146e+10,countIP0,8.7972e+10,keysum,8.14549e+10,pktSum,3.572e+11,aggrSum,5.1097e+08,blackkey_num,201793154,feedback,35,feedsumportion,0.82216,finger0,11,finger,15,time,309818,runTime,1994.49
line,33247124,total,0.00849139,total0,0.0800148,false,0.00456489,over,0.0154732,false0,0.0249507,over0,0.0845732,overaggr,0.00628054,overcuckoo,0.00221085,over_uai,0.0397962,over_uai,0.0026652,over_utai,0.0104293,over_utai,0.0108614,over_ai,0.00735423,over_ai,0.00942848,countIP,8.21847e+10,countIP0,8.80134e+10,keysum,8.14927e+10,pktSum,3.57388e+11,aggrSum,5.11819e+08,blackkey_num,202458369,feedback,35,feedsumportion,0.82216,finger0,11,finger,15,time,309818,runTime,1995.49
line,33264141,total,0.00848805,total0,0.0800093,false,0.00454217,over,0.0154055,false0,0.0249128,over0,0.0844961,overaggr,0.00627788,overcuckoo,0.00221017,over_uai,0.00864599,over_uai,0.0252227,over_utai,0.0104278,over_utai,0.010867,over_ai,0.00735035,over_ai,0.00942566,countIP,8.22239e+10,countIP0,8.80552e+10,keysum,8.15319e+10,pktSum,3.57577e+11,aggrSum,5.11848e+08,blackkey_num,205284695,feedback,39,feedsumportion,0.982099,finger0,11,finger,15,time,309381,runTime,1996.49
line,33281254,total,0.00848463,total0,0.0800121,false,0.00451965,over,0.0153366,false0,0.0249024,over0,0.0845016,overaggr,0.00627532,overcuckoo,0.00220931,over_uai,0.0166545,over_uai,0.0247014,over_utai,0.0104313,over_utai,0.0108719,over_ai,0.00734655,over_ai,0.00942281,countIP,8.22644e+10,countIP0,8.80991e+10,keysum,8.15723e+10,pktSum,3.57767e+11,aggrSum,5.11892e+08,blackkey_num,207445526,feedback,39,feedsumportion,0.982099,finger0,11,finger,15,time,309381,runTime,1997.49
line,33298323,total,0.00848125,total0,0.0800051,false,0.00449882,over,0.0152682,false0,0.0248715,over0,0.0844093,overaggr,0.00627287,overcuckoo,0.00220839,over_uai,0.0275441,over_uai,0.019458,over_utai,0.0104408,over_utai,0.0108756,over_ai,0.00734332,over_ai,0.00941895,countIP,8.23056e+10,countIP0,8.81429e+10,keysum,8.16134e+10,pktSum,3.57952e+11,aggrSum,5.1195e+08,blackkey_num,209606648,feedback,39,feedsumportion,0.982099,finger0,11,finger,15,time,309381,runTime,1998.49
line,33315221,total,0.00847998,total0,0.0799984,false,0.00448277,over,0.0152231,false0,0.02483,over0,0.0843206,overaggr,0.0062725,overcuckoo,0.00220748,over_uai,0.0224527,over_uai,0.024275,over_utai,0.0104463,over_utai,0.0108822,over_ai,0.00733997,over_ai,0.00942036,countIP,8.23448e+10,countIP0,8.81845e+10,keysum,8.16524e+10,pktSum,3.58141e+11,aggrSum,5.12165e+08,blackkey_num,210954361,feedback,39,feedsumportion,0.982099,finger0,11,finger,15,time,309381,runTime,1999.49
line,33331900,total,0.0084817,total0,0.0800174,false,0.0044751,over,0.0152099,false0,0.024859,over0,0.0844901,overaggr,0.0062748,overcuckoo,0.0022069,over_uai,0.0112978,over_uai,0.0339339,over_utai,0.0104465,over_utai,0.0108918,over_ai,0.00733735,over_ai,0.00942843,countIP,8.23822e+10,countIP0,8.82259e+10,keysum,8.16894e+10,pktSum,3.58327e+11,aggrSum,5.12584e+08,blackkey_num,212709436,feedback,39,feedsumportion,0.982099,finger0,11,finger,15,time,309381,runTime,2000.49
line,33348727,total,0.00849384,total0,0.0800363,false,0.00449806,over,0.0153018,false0,0.0248859,over0,0.0846583,overaggr,0.00628755,overcuckoo,0.00220629,over_uai,0.0451586,over_uai,0.00332445,over_utai,0.0104631,over_utai,0.0108884,over_ai,0.00736005,over_ai,0.00942525,countIP,8.24183e+10,countIP0,8.8265e+10,keysum,8.17241e+10,pktSum,3.58505e+11,aggrSum,5.13844e+08,blackkey_num,213532899,feedback,37,feedsumportion,0.88886,finger0,11,finger,15,time,311924,runTime,2001.49
line,33365276,total,0.00849838,total0,0.0800612,false,0.00449928,over,0.0153148,false0,0.0249374,over0,0.084883,overaggr,0.00629299,overcuckoo,0.00220539,over_uai,0.0254774,over_uai,0.00196728,over_utai,0.0104698,over_utai,0.0108842,over_ai,0.00737024,over_ai,0.00942114,countIP,8.24576e+10,countIP0,8.83088e+10,keysum,8.17628e+10,pktSum,3.58692e+11,aggrSum,5.14533e+08,blackkey_num,214167380,feedback,37,feedsumportion,0.88886,finger0,11,finger,15,time,311924,runTime,2002.49
line,33381972,total,0.00850553,total0,0.080053,false,0.0045101,over,0.0153504,false0,0.0249085,over0,0.0847776,overaggr,0.00630094,overcuckoo,0.00220458,over_uai,0.0271054,over_uai,0.00267253,over_utai,0.0104791,over_utai,0.0108804,over_ai,0.00738443,over_ai,0.00941801,countIP,8.25008e+10,countIP0,8.83537e+10,keysum,8.1805e+10,pktSum,3.58875e+11,aggrSum,5.15449e+08,blackkey_num,214701073,feedback,37,feedsumportion,0.88886,finger0,11,finger,15,time,311924,runTime,2003.49
line,33398970,total,0.00851269,total0,0.0800435,false,0.00452012,over,0.0153871,false0,0.0248703,over0,0.0846617,overaggr,0.00630884,overcuckoo,0.00220385,over_uai,0.0261034,over_uai,0.00746514,over_utai,0.010488,over_utai,0.010879,over_ai,0.00739832,over_ai,0.00941547,countIP,8.25425e+10,countIP0,8.8397e+10,keysum,8.18458e+10,pktSum,3.5906e+11,aggrSum,5.16352e+08,blackkey_num,215209415,feedback,37,feedsumportion,0.88886,finger0,11,finger,15,time,311924,runTime,2004.49
line,33415750,total,0.00852327,total0,0.0800413,false,0.00453818,over,0.0154594,false0,0.0248404,over0,0.0846197,overaggr,0.00632023,overcuckoo,0.00220304,over_uai,0.0377734,over_uai,0.00283787,over_utai,0.0105018,over_utai,0.0108757,over_ai,0.007418,over_ai,0.00941241,countIP,8.25812e+10,countIP0,8.84373e+10,keysum,8.18833e+10,pktSum,3.59245e+11,aggrSum,5.17521e+08,blackkey_num,215929898,feedback,37,feedsumportion,0.88886,finger0,11,finger,15,time,311924,runTime,2005.49
line,33432564,total,0.00851935,total0,0.0800362,false,0.00451689,over,0.0153861,false0,0.0248204,over0,0.0845469,overaggr,0.0063172,overcuckoo,0.00220214,over_uai,0.0139712,over_uai,0.00164617,over_utai,0.0105034,over_utai,0.0108714,over_ai,0.00741389,over_ai,0.00940845,countIP,8.26243e+10,countIP0,8.84834e+10,keysum,8.19263e+10,pktSum,3.59433e+11,aggrSum,5.17545e+08,blackkey_num,217271630,feedback,40,feedsumportion,0.978537,finger0,11,finger,15,time,382353,runTime,2006.49
line,33449233,total,0.00851518,total0,0.0800278,false,0.00449645,over,0.0153098,false0,0.0248006,over0,0.0844427,overaggr,0.00631397,overcuckoo,0.00220121,over_uai,0.0106272,over_uai,0.00115692,over_utai,0.0105033,over_utai,0.0108658,over_ai,0.00741049,over_ai,0.00940274,countIP,8.2669e+10,countIP0,8.8531e+10,keysum,8.1971e+10,pktSum,3.59617e+11,aggrSum,5.17562e+08,blackkey_num,218627892,feedback,40,feedsumportion,0.978537,finger0,11,finger,15,time,382353,runTime,2007.49
line,33465751,total,0.00851104,total0,0.0800124,false,0.00447656,over,0.015234,false0,0.0247636,over0,0.0842716,overaggr,0.0063108,overcuckoo,0.00220024,over_uai,0.00940194,over_uai,0.0012883,over_utai,0.0105024,over_utai,0.0108604,over_ai,0.00740673,over_ai,0.00939765,countIP,8.27145e+10,countIP0,8.85788e+10,keysum,8.20164e+10,pktSum,3.59802e+11,aggrSum,5.17589e+08,blackkey_num,219946300,feedback,40,feedsumportion,0.978537,finger0,11,finger,15,time,382353,runTime,2008.49
line,33482558,total,0.00850762,total0,0.080014,false,0.00445622,over,0.0151687,false0,0.0247556,over0,0.0842662,overaggr,0.00630807,overcuckoo,0.00219955,over_uai,0.016408,over_uai,0.0019334,over_utai,0.0105047,over_utai,0.0108548,over_ai,0.00740409,over_ai,0.00939258,countIP,8.27563e+10,countIP0,8.8624e+10,keysum,8.20582e+10,pktSum,3.59993e+11,aggrSum,5.17629e+08,blackkey_num,221545658,feedback,40,feedsumportion,0.978537,finger0,11,finger,15,time,382353,runTime,2009.49
line,33499377,total,0.00850419,total0,0.0800135,false,0.00443626,over,0.0151045,false0,0.024742,over0,0.0842412,overaggr,0.0063053,overcuckoo,0.00219889,over_uai,0.0124869,over_uai,0.00185734,over_utai,0.0105053,over_utai,0.0108498,over_ai,0.00740059,over_ai,0.00938891,countIP,8.27972e+10,countIP0,8.8668e+10,keysum,8.2099e+10,pktSum,3.6018e+11,aggrSum,5.17658e+08,blackkey_num,223218331,feedback,40,feedsumportion,0.978537,finger0,11,finger,15,time,382353,runTime,2010.49
line,33516073,total,0.00850117,total0,0.0800028,false,0.00441707,over,0.0150458,false0,0.0246957,over0,0.0841209,overaggr,0.00630305,overcuckoo,0.00219812,over_uai,0.012436,over_uai,0.0219372,over_utai,0.010506,over_utai,0.0108545,over_ai,0.00739789,over_ai,0.00938491,countIP,8.28367e+10,countIP0,8.87098e+10,keysum,8.21384e+10,pktSum,3.60367e+11,aggrSum,5.17723e+08,blackkey_num,224608428,feedback,38,feedsumportion,0.436485,finger0,11,finger,15,time,353671,runTime,2011.49
line,33533085,total,0.00849771,total0,0.0799897,false,0.00439845,over,0.014981,false0,0.0246556,over0,0.0839763,overaggr,0.0063004,overcuckoo,0.00219732,over_uai,0.00894833,over_uai,0.0245795,over_utai,0.0105048,over_utai,0.0108611,over_ai,0.00739468,over_ai,0.00938094,countIP,8.28798e+10,countIP0,8.87551e+10,keysum,8.21814e+10,pktSum,3.60554e+11,aggrSum,5.17775e+08,blackkey_num,225874679,feedback,38,feedsumportion,0.436485,finger0,11,finger,15,time,353671,runTime,2012.49
line,33550201,total,0.00849426,total0,0.0799875,false,0.00438007,over,0.0149171,false0,0.024646,over0,0.0839367,overaggr,0.00629788,overcuckoo,0.00219638,over_uai,0.0101092,over_uai,0.0259515,over_utai,0.0105043,over_utai,0.0108676,over_ai,0.0073915,over_ai,0.00937685,countIP,8.29223e+10,countIP0,8.88007e+10,keysum,8.22238e+10,pktSum,3.60738e+11,aggrSum,5.17836e+08,blackkey_num,227618495,feedback,38,feedsumportion,0.436485,finger0,11,finger,15,time,353671,runTime,2013.49
line,33567107,total,0.00849109,total0,0.0799854,false,0.00436179,over,0.0148581,false0,0.0246296,over0,0.0838988,overaggr,0.00629537,overcuckoo,0.00219572,over_uai,0.0107319,over_uai,0.0266798,over_utai,0.010504,over_utai,0.0108744,over_ai,0.00738801,over_ai,0.00937368,countIP,8.29625e+10,countIP0,8.8844e+10,keysum,8.2264e+10,pktSum,3.60922e+11,aggrSum,5.17883e+08,blackkey_num,228901033,feedback,38,feedsumportion,0.436485,finger0,11,finger,15,time,353671,runTime,2014.49
line,33584231,total,0.00848797,total0,0.0799791,false,0.00434193,over,0.0148021,false0,0.0245882,over0,0.0838235,overaggr,0.00629288,overcuckoo,0.00219509,over_uai,0.0131848,over_uai,0.0181419,over_utai,0.0105051,over_utai,0.0108771,over_ai,0.00738475,over_ai,0.00937045,countIP,8.30001e+10,countIP0,8.88839e+10,keysum,8.23015e+10,pktSum,3.6111e+11,aggrSum,5.17913e+08,blackkey_num,230399954,feedback,38,feedsumportion,0.436485,finger0,11,finger,15,time,353671,runTime,2015.49
line,33601650,total,0.00849616,total0,0.0799813,false,0.00435308,over,0.0148505,false0,0.024572,over0,0.0838271,overaggr,0.00630177,overcuckoo,0.00219439,over_uai,0.0340885,over_uai,0.00456753,over_utai,0.0105161,over_utai,0.010874,over_ai,0.00740076,over_ai,0.00936686,countIP,8.30399e+10,countIP0,8.8926e+10,keysum,8.23403e+10,pktSum,3.61303e+11,aggrSum,5.1889e+08,blackkey_num,231002229,feedback,40,feedsumportion,0.692403,finger0,11,finger,15,time,357054,runTime,2016.49
line,33618791,total,0.00850225,total0,0.0799849,false,0.00435977,over,0.0148752,false0,0.024573,over0,0.0838414,overaggr,0.0063088,overcuckoo,0.00219345,over_uai,0.0276141,over_uai,0.00418369,over_utai,0.0105246,over_utai,0.01087,over_ai,0.00741354,over_ai,0.00936238,countIP,8.3085e+10,countIP0,8.8974e+10,keysum,8.23845e+10,pktSum,3.61502e+11,aggrSum,5.19748e+08,blackkey_num,231638039,feedback,40,feedsumportion,0.692403,finger0,11,finger,15,time,357054,runTime,2017.49
line,33635980,total,0.00851006,total0,0.0799826,false,0.00436935,over,0.0149182,false0,0.0245447,over0,0.0838024,overaggr,0.00631741,overcuckoo,0.00219265,over_uai,0.0324757,over_uai,0.00188438,over_utai,0.0105352,over_utai,0.0108648,over_ai,0.00742891,over_ai,0.00935851,countIP,8.31265e+10,countIP0,8.90177e+10,keysum,8.24251e+10,pktSum,3.61702e+11,aggrSum,5.20713e+08,blackkey_num,232442771,feedback,40,feedsumportion,0.692403,finger0,11,finger,15,time,357054,runTime,2018.49
line,33653191,total,0.0085176,total0,0.0799981,false,0.0043782,over,0.0149603,false0,0.0245621,over0,0.0839287,overaggr,0.00632567,overcuckoo,0.00219193,over_uai,0.0331443,over_uai,0.00199662,over_utai,0.0105454,over_utai,0.0108604,over_ai,0.00744374,over_ai,0.00935478,countIP,8.31655e+10,countIP0,8.906e+10,keysum,8.24631e+10,pktSum,3.61894e+11,aggrSum,5.21634e+08,blackkey_num,233107170,feedback,40,feedsumportion,0.692403,finger0,11,finger,15,time,357054,runTime,2019.49
line,33670447,total,0.0085277,total0,0.0800064,false,0.00439562,over,0.0150232,false0,0.0245737,over0,0.083987,overaggr,0.0063366,overcuckoo,0.0021911,over_uai,0.041243,over_uai,0.00207351,over_utai,0.0105601,over_utai,0.0108552,over_ai,0.00746342,over_ai,0.00935039,countIP,8.32077e+10,countIP0,8.9105e+10,keysum,8.25041e+10,pktSum,3.62082e+11,aggrSum,5.22795e+08,blackkey_num,233666849,feedback,40,feedsumportion,0.692403,finger0,11,finger,15,time,357054,runTime,2020.49
line,33687902,total,0.00852397,total0,0.0800012,false,0.00437558,over,0.0149596,false0,0.0245465,over0,0.0839216,overaggr,0.00633374,overcuckoo,0.00219023,over_uai,0.0126173,over_uai,0.0260197,over_utai,0.0105607,over_utai,0.0108632,over_ai,0.00745954,over_ai,0.00934642,countIP,8.32492e+10,countIP0,8.91494e+10,keysum,8.25456e+10,pktSum,3.62276e+11,aggrSum,5.22823e+08,blackkey_num,235137130,feedback,43,feedsumportion,0.974671,finger0,11,finger,15,time,350387,runTime,2021.49
line,33705113,total,0.00852446,total0,0.0799953,false,0.00436617,over,0.0149358,false0,0.0245119,over0,0.0838503,overaggr,0.00633516,overcuckoo,0.0021893,over_uai,0.0271471,over_uai,0.0318188,over_utai,0.0105682,over_utai,0.0108751,over_ai,0.00746318,over_ai,0.00934211,countIP,8.32897e+10,countIP0,8.91922e+10,keysum,8.25857e+10,pktSum,3.6247e+11,aggrSum,5.23194e+08,blackkey_num,236861446,feedback,43,feedsumportion,0.974671,finger0,11,finger,15,time,350387,runTime,2022.49
line,33722206,total,0.00852148,total0,0.0799844,false,0.00434872,over,0.0148798,false0,0.0244722,over0,0.083735,overaggr,0.00633308,overcuckoo,0.00218841,over_uai,0.0148977,over_uai,0.0359644,over_utai,0.0105701,over_utai,0.0108884,over_ai,0.00746064,over_ai,0.00933799,countIP,8.33314e+10,countIP0,8.92362e+10,keysum,8.26273e+10,pktSum,3.62662e+11,aggrSum,5.23285e+08,blackkey_num,238263702,feedback,43,feedsumportion,0.974671,finger0,11,finger,15,time,350387,runTime,2023.49
line,33739296,total,0.00851757,total0,0.0799781,false,0.00432938,over,0.014815,false0,0.0244482,over0,0.0836606,overaggr,0.0063301,overcuckoo,0.00218747,over_uai,0.0173764,over_uai,0.0368877,over_utai,0.010573,over_utai,0.0109022,over_ai,0.00745704,over_ai,0.0093334,countIP,8.33744e+10,countIP0,8.92821e+10,keysum,8.26703e+10,pktSum,3.62855e+11,aggrSum,5.23311e+08,blackkey_num,240075506,feedback,43,feedsumportion,0.974671,finger0,11,finger,15,time,350387,runTime,2024.49
line,33756514,total,0.00851367,total0,0.079964,false,0.00431238,over,0.0147478,false0,0.0244208,over0,0.0835159,overaggr,0.00632729,overcuckoo,0.00218638,over_uai,0.0137349,over_uai,0.0491627,over_utai,0.0105741,over_utai,0.0109257,over_ai,0.00745419,over_ai,0.00932735,countIP,8.34219e+10,countIP0,8.93321e+10,keysum,8.27177e+10,pktSum,3.63045e+11,aggrSum,5.23378e+08,blackkey_num,241800632,feedback,43,feedsumportion,0.974671,finger0,11,finger,15,time,350387,runTime,2025.49
line,33773502,total,0.00850996,total0,0.0799515,false,0.00429506,over,0.0146836,false0,0.0243911,over0,0.0833861,overaggr,0.00632455,overcuckoo,0.00218541,over_uai,0.00981296,over_uai,0.00157491,over_utai,0.0105735,over_utai,0.0109198,over_ai,0.00745153,over_ai,0.00932161,countIP,8.34685e+10,countIP0,8.93813e+10,keysum,8.27642e+10,pktSum,3.6324e+11,aggrSum,5.23446e+08,blackkey_num,243261078,feedback,41,feedsumportion,0.844149,finger0,11,finger,15,time,310791,runTime,2026.49
line,33790241,total,0.00850612,total0,0.0799493,false,0.00427655,over,0.014621,false0,0.0243798,over0,0.0833514,overaggr,0.00632161,overcuckoo,0.00218451,over_uai,0.00895448,over_uai,0.00199981,over_utai,0.0105723,over_utai,0.0109149,over_ai,0.00744793,over_ai,0.00931702,countIP,8.35117e+10,countIP0,8.94278e+10,keysum,8.28074e+10,pktSum,3.63432e+11,aggrSum,5.23476e+08,blackkey_num,244615371,feedback,41,feedsumportion,0.844149,finger0,11,finger,15,time,310791,runTime,2027.49
line,33807273,total,0.00850267,total0,0.0799534,false,0.00425931,over,0.0145637,false0,0.0243829,over0,0.083372,overaggr,0.006319,overcuckoo,0.00218367,over_uai,0.00906645,over_uai,0.00239249,over_utai,0.0105712,over_utai,0.0109104,over_ai,0.00744448,over_ai,0.00931289,countIP,8.35528e+10,countIP0,8.94724e+10,keysum,8.28484e+10,pktSum,3.63617e+11,aggrSum,5.23519e+08,blackkey_num,245850137,feedback,41,feedsumportion,0.844149,finger0,11,finger,15,time,310791,runTime,2028.49
line,33824403,total,0.00849938,total0,0.0799533,false,0.00424338,over,0.0145074,false0,0.0243815,over0,0.0833559,overaggr,0.00631655,overcuckoo,0.00218283,over_uai,0.0118936,over_uai,0.00250791,over_utai,0.0105717,over_utai,0.0109061,over_ai,0.00744149,over_ai,0.00930916,countIP,8.35956e+10,countIP0,8.95185e+10,keysum,8.28911e+10,pktSum,3.63802e+11,aggrSum,5.23586e+08,blackkey_num,247471035,feedback,41,feedsumportion,0.844149,finger0,11,finger,15,time,310791,runTime,2029.49
line,33841221,total,0.00849593,total0,0.0799507,false,0.00422582,over,0.0144525,false0,0.0243622,over0,0.0833195,overaggr,0.00631389,overcuckoo,0.00218204,over_uai,0.0112279,over_uai,0.00193954,over_utai,0.0105718,over_utai,0.0109017,over_ai,0.00743798,over_ai,0.0093055,countIP,8.36344e+10,countIP0,8.95602e+10,keysum,8.29299e+10,pktSum,3.63985e+11,aggrSum,5.2361e+08,blackkey_num,249196663,feedback,41,feedsumportion,0.844149,finger0,11,finger,15,time,310791,runTime,2030.49
line,33858574,total,0.00849231,total0,0.0799424,false,0.00420837,over,0.0143965,false0,0.0243306,over0,0.083233,overaggr,0.0063112,overcuckoo,0.0021811,over_uai,0.00621961,over_uai,0.00127042,over_utai,0.0105694,over_utai,0.0108972,over_ai,0.00743465,over_ai,0.00930122,countIP,8.36732e+10,countIP0,8.96013e+10,keysum,8.29686e+10,pktSum,3.64164e+11,aggrSum,5.23632e+08,blackkey_num,250831798,feedback,39,feedsumportion,0.709886,finger0,11,finger,15,time,310849,runTime,2031.49
line,33875478,total,0.00848852,total0,0.0799373,false,0.00419127,over,0.0143368,false0,0.0243153,over0,0.0831738,overaggr,0.0063082,overcuckoo,0.00218032,over_uai,0.00440101,over_uai,0.00156863,over_utai,0.0105659,over_utai,0.0108919,over_ai,0.007431,over_ai,0.00929689,countIP,8.37165e+10,countIP0,8.96476e+10,keysum,8.30119e+10,pktSum,3.64353e+11,aggrSum,5.23656e+08,blackkey_num,252316446,feedback,39,feedsumportion,0.709886,finger0,11,finger,15,time,310849,runTime,2032.49
line,33892885,total,0.00848486,total0,0.0799309,false,0.00417373,over,0.0142794,false0,0.0242906,over0,0.0831045,overaggr,0.00630535,overcuckoo,0.00217951,over_uai,0.00409031,over_uai,0.00455581,over_utai,0.0105622,over_utai,0.0108883,over_ai,0.00742724,over_ai,0.00929291,countIP,8.37587e+10,countIP0,8.96926e+10,keysum,8.3054e+10,pktSum,3.64545e+11,aggrSum,5.23684e+08,blackkey_num,253904232,feedback,39,feedsumportion,0.709886,finger0,11,finger,15,time,310849,runTime,2033.49
line,33910149,total,0.0084816,total0,0.0799239,false,0.0041563,over,0.0142276,false0,0.0242558,over0,0.0830309,overaggr,0.00630277,overcuckoo,0.00217882,over_uai,0.00510661,over_uai,0.00167481,over_utai,0.0105591,over_utai,0.0108837,over_ai,0.00742403,over_ai,0.00928895,countIP,8.37981e+10,countIP0,8.97345e+10,keysum,8.30934e+10,pktSum,3.64737e+11,aggrSum,5.23719e+08,blackkey_num,255930434,feedback,39,feedsumportion,0.709886,finger0,11,finger,15,time,310849,runTime,2034.49
line,33927794,total,0.00847858,total0,0.0799254,false,0.00413821,over,0.0141808,false0,0.0242303,over0,0.0830326,overaggr,0.00630037,overcuckoo,0.00217821,over_uai,0.00487707,over_uai,0.00256895,over_utai,0.0105564,over_utai,0.0108796,over_ai,0.00742105,over_ai,0.00928558,countIP,8.38331e+10,countIP0,8.97723e+10,keysum,8.31283e+10,pktSum,3.64927e+11,aggrSum,5.23739e+08,blackkey_num,258253564,feedback,39,feedsumportion,0.709886,finger0,11,finger,15,time,310849,runTime,2035.49
line,33944779,total,0.00848596,total0,0.0799237,false,0.00414618,over,0.0142223,false0,0.0241983,over0,0.0830055,overaggr,0.00630849,overcuckoo,0.00217747,over_uai,0.0402531,over_uai,0.0014402,over_utai,0.0105677,over_utai,0.0108743,over_ai,0.00743637,over_ai,0.00928126,countIP,8.38711e+10,countIP0,8.98122e+10,keysum,8.31653e+10,pktSum,3.65124e+11,aggrSum,5.24648e+08,blackkey_num,259004523,feedback,38,feedsumportion,0.498058,finger0,11,finger,15,time,305025,runTime,2036.49
line,33961954,total,0.00849211,total0,0.0799255,false,0.00415252,over,0.0142513,false0,0.0241868,over0,0.0830085,overaggr,0.00631546,overcuckoo,0.00217665,over_uai,0.0310967,over_uai,0.00169548,over_utai,0.0105772,over_utai,0.01087,over_ai,0.00744907,over_ai,0.00927759,countIP,8.39118e+10,countIP0,8.98555e+10,keysum,8.32053e+10,pktSum,3.65318e+11,aggrSum,5.25479e+08,blackkey_num,259684131,feedback,38,feedsumportion,0.498058,finger0,11,finger,15,time,305025,runTime,2037.49
line,33978838,total,0.00849888,total0,0.0799242,false,0.00415945,over,0.0142874,false0,0.0241595,over0,0.082986,overaggr,0.00632275,overcuckoo,0.00217612,over_uai,0.0319074,over_uai,0.0019954,over_utai,0.0105868,over_utai,0.0108659,over_ai,0.0074624,over_ai,0.00927445,countIP,8.39494e+10,countIP0,8.98949e+10,keysum,8.32419e+10,pktSum,3.65509e+11,aggrSum,5.26318e+08,blackkey_num,260603013,feedback,38,feedsumportion,0.498058,finger0,11,finger,15,time,305025,runTime,2038.49
line,33996241,total,0.00850708,total0,0.0799345,false,0.00417126,over,0.0143346,false0,0.0241704,over0,0.0830618,overaggr,0.00633126,overcuckoo,0.00217582,over_uai,0.037079,over_uai,0.00160879,over_utai,0.0105988,over_utai,0.0108616,over_ai,0.00747859,over_ai,0.0092708,countIP,8.39884e+10,countIP0,8.99369e+10,keysum,8.328e+10,pktSum,3.65694e+11,aggrSum,5.27267e+08,blackkey_num,261269535,feedback,38,feedsumportion,0.498058,finger0,11,finger,15,time,305025,runTime,2039.49
line,34013637,total,0.00851614,total0,0.0799409,false,0.00418477,over,0.0143888,false0,0.0241696,over0,0.0831042,overaggr,0.00633982,overcuckoo,0.00217631,over_uai,0.0401441,over_uai,0.00162532,over_utai,0.0106116,over_utai,0.0108571,over_ai,0.00749611,over_ai,0.00926716,countIP,8.40273e+10,countIP0,8.99782e+10,keysum,8.33177e+10,pktSum,3.6588e+11,aggrSum,5.2822e+08,blackkey_num,262201015,feedback,38,feedsumportion,0.498058,finger0,11,finger,15,time,305025,runTime,2040.49
line,34030826,total,0.00851304,total0,0.079943,false,0.00416753,over,0.0143407,false0,0.0241522,over0,0.0831093,overaggr,0.0063375,overcuckoo,0.00217555,over_uai,0.00162755,over_uai,0.00140309,over_utai,0.010607,over_utai,0.0108529,over_ai,0.00749271,over_ai,0.00926403,countIP,8.40644e+10,countIP0,9.00184e+10,keysum,8.33548e+10,pktSum,3.66071e+11,aggrSum,5.28261e+08,blackkey_num,264406503,feedback,41,feedsumportion,0.979463,finger0,11,finger,15,time,310965,runTime,2041.49
line,34048666,total,0.00851024,total0,0.0799521,false,0.00415158,over,0.0142963,false0,0.0241536,over0,0.0831749,overaggr,0.00633535,overcuckoo,0.00217489,over_uai,0.00222445,over_uai,0.0016711,over_utai,0.0106033,over_utai,0.0108484,over_ai,0.00749018,over_ai,0.00926059,countIP,8.41001e+10,countIP0,9.00576e+10,keysum,8.33904e+10,pktSum,3.66254e+11,aggrSum,5.28308e+08,blackkey_num,266063925,feedback,41,feedsumportion,0.979463,finger0,11,finger,15,time,310965,runTime,2042.49
line,34066117,total,0.00850739,total0,0.0799686,false,0.00413564,over,0.0142508,false0,0.0241743,over0,0.0833007,overaggr,0.0063333,overcuckoo,0.00217409,over_uai,0.00253246,over_uai,0.00111993,over_utai,0.010599,over_utai,0.010844,over_ai,0.00748748,over_ai,0.00925735,countIP,8.41374e+10,countIP0,9.00992e+10,keysum,8.34276e+10,pktSum,3.66442e+11,aggrSum,5.28372e+08,blackkey_num,267834164,feedback,41,feedsumportion,0.979463,finger0,11,finger,15,time,310965,runTime,2043.49
line,34083631,total,0.00850433,total0,0.0799716,false,0.00411924,over,0.0142043,false0,0.0241609,over0,0.0833137,overaggr,0.00633107,overcuckoo,0.00217326,over_uai,0.00193664,over_uai,0.00108108,over_utai,0.0105949,over_utai,0.0108389,over_ai,0.00748466,over_ai,0.00925345,countIP,8.41739e+10,countIP0,9.01388e+10,keysum,8.34641e+10,pktSum,3.66628e+11,aggrSum,5.28417e+08,blackkey_num,269906360,feedback,41,feedsumportion,0.979463,finger0,11,finger,15,time,310965,runTime,2044.49
line,34100706,total,0.00850143,total0,0.0799815,false,0.00410418,over,0.0141584,false0,0.0241709,over0,0.0833835,overaggr,0.00632899,overcuckoo,0.00217244,over_uai,0.00337547,over_uai,0.00101342,over_utai,0.010592,over_utai,0.0108329,over_ai,0.00748287,over_ai,0.00924846,countIP,8.42123e+10,countIP0,9.01811e+10,keysum,8.35025e+10,pktSum,3.66813e+11,aggrSum,5.28486e+08,blackkey_num,271242331,feedback,41,feedsumportion,0.979463,finger0,11,finger,15,time,310965,runTime,2045.49
line,34117964,total,0.0084991,total0,0.079983,false,0.00409057,over,0.0141185,false0,0.0241589,over0,0.0833837,overaggr,0.00632746,overcuckoo,0.00217164,over_uai,0.0269355,over_uai,0.00094961,over_utai,0.010598,over_utai,0.0108272,over_ai,0.00748194,over_ai,0.00924372,countIP,8.4249e+10,countIP0,9.02207e+10,keysum,8.3539e+10,pktSum,3.66994e+11,aggrSum,5.2859e+08,blackkey_num,272797014,feedback,38,feedsumportion,0.673918,finger0,11,finger,15,time,305648,runTime,2046.49
line,34135398,total,0.00849783,total0,0.0799814,false,0.00408017,over,0.0140875,false0,0.0241429,over0,0.0833577,overaggr,0.00632697,overcuckoo,0.00217086,over_uai,0.0220019,over_uai,0.00768334,over_utai,0.0106026,over_utai,0.0108255,over_ai,0.00747916,over_ai,0.00924422,countIP,8.42861e+10,countIP0,9.02604e+10,keysum,8.35759e+10,pktSum,3.6717e+11,aggrSum,5.28782e+08,blackkey_num,274239164,feedback,38,feedsumportion,0.673918,finger0,11,finger,15,time,305648,runTime,2047.49
line,34152644,total,0.00849545,total0,0.0799807,false,0.00406617,over,0.0140485,false0,0.024122,over0,0.0833407,overaggr,0.0063252,overcuckoo,0.00217025,over_uai,0.0204961,over_uai,0.00135529,over_utai,0.0106063,over_utai,0.0108213,over_ai,0.00747704,over_ai,0.00924104,countIP,8.43213e+10,countIP0,9.02982e+10,keysum,8.3611e+10,pktSum,3.67349e+11,aggrSum,5.28856e+08,blackkey_num,275629495,feedback,38,feedsumportion,0.673918,finger0,11,finger,15,time,305648,runTime,2048.49
line,34169797,total,0.00849313,total0,0.079977,false,0.00405261,over,0.0140102,false0,0.024095,over0,0.0832982,overaggr,0.00632354,overcuckoo,0.00216958,over_uai,0.0240716,over_uai,0.00132997,over_utai,0.0106114,over_utai,0.0108155,over_ai,0.00747537,over_ai,0.00923727,countIP,8.43567e+10,countIP0,9.0336e+10,keysum,8.36463e+10,pktSum,3.67528e+11,aggrSum,5.28941e+08,blackkey_num,277103800,feedback,38,feedsumportion,0.673918,finger0,11,finger,15,time,305648,runTime,2049.49
line,34187078,total,0.00849115,total0,0.0799796,false,0.00404023,over,0.0139759,false0,0.0240835,over0,0.083309,overaggr,0.00632218,overcuckoo,0.00216897,over_uai,0.0612847,over_uai,0.00131696,over_utai,0.0106295,over_utai,0.0108105,over_ai,0.00747382,over_ai,0.00923369,countIP,8.43903e+10,countIP0,9.03724e+10,keysum,8.36797e+10,pktSum,3.67699e+11,aggrSum,5.29039e+08,blackkey_num,278698584,feedback,38,feedsumportion,0.673918,finger0,11,finger,15,time,305648,runTime,2050.49
line,34204072,total,0.00848823,total0,0.0799844,false,0.00402563,over,0.0139328,false0,0.0240784,over0,0.0833364,overaggr,0.00631985,overcuckoo,0.00216838,over_uai,0.00619056,over_uai,0.0030011,over_utai,0.0106273,over_utai,0.0108065,over_ai,0.00747066,over_ai,0.0092307,countIP,8.44262e+10,countIP0,9.04115e+10,keysum,8.37156e+10,pktSum,3.67878e+11,aggrSum,5.2907e+08,blackkey_num,280058364,feedback,42,feedsumportion,0.804429,finger0,11,finger,15,time,305648,runTime,2051.49
line,34221190,total,0.00848532,total0,0.079982,false,0.00401143,over,0.0138906,false0,0.0240574,over0,0.0833051,overaggr,0.00631759,overcuckoo,0.00216773,over_uai,0.00571383,over_uai,0.00321987,over_utai,0.0106249,over_utai,0.0108028,over_ai,0.00746748,over_ai,0.00922801,countIP,8.44612e+10,countIP0,9.04491e+10,keysum,8.37505e+10,pktSum,3.68051e+11,aggrSum,5.29101e+08,blackkey_num,281425823,feedback,42,feedsumportion,0.804429,finger0,11,finger,15,time,305648,runTime,2052.49
line,34238050,total,0.00848272,total0,0.0799739,false,0.00399739,over,0.0138517,false0,0.0240185,over0,0.0832286,overaggr,0.00631534,overcuckoo,0.00216738,over_uai,0.00921637,over_uai,0.00192071,over_utai,0.0106239,over_utai,0.0107977,over_ai,0.00746489,over_ai,0.00922483,countIP,8.44952e+10,countIP0,9.04851e+10,keysum,8.37845e+10,pktSum,3.68228e+11,aggrSum,5.29128e+08,blackkey_num,283007760,feedback,42,feedsumportion,0.804429,finger0,11,finger,15,time,305648,runTime,2053.49
line,34254704,total,0.00847959,total0,0.0799654,false,0.00398314,over,0.0138078,false0,0.0239859,over0,0.0831487,overaggr,0.00631288,overcuckoo,0.00216671,over_uai,0.00794767,over_uai,0.00122475,over_utai,0.0106226,over_utai,0.0107923,over_ai,0.00746191,over_ai,0.00922109,countIP,8.45311e+10,countIP0,9.0523e+10,keysum,8.38203e+10,pktSum,3.68402e+11,aggrSum,5.29148e+08,blackkey_num,284508219,feedback,42,feedsumportion,0.804429,finger0,11,finger,15,time,305648,runTime,2054.49
line,34271420,total,0.00847691,total0,0.0799585,false,0.00397042,over,0.0137667,false0,0.0239613,over0,0.0830815,overaggr,0.00631095,overcuckoo,0.00216596,over_uai,0.00685054,over_uai,0.00129512,over_utai,0.0106207,over_utai,0.0107868,over_ai,0.00745969,over_ai,0.00921752,countIP,8.4569e+10,countIP0,9.05633e+10,keysum,8.38582e+10,pktSum,3.68579e+11,aggrSum,5.29225e+08,blackkey_num,285884903,feedback,42,feedsumportion,0.804429,finger0,11,finger,15,time,305648,runTime,2055.49
line,34288001,total,0.00852775,total0,0.0799523,false,0.00408113,over,0.0141577,false0,0.0239318,over0,0.0830208,overaggr,0.00632384,overcuckoo,0.00220391,over_uai,0.0674069,over_uai,0.101498,over_utai,0.0106407,over_utai,0.0108413,over_ai,0.00748306,over_ai,0.00930863,countIP,8.46094e+10,countIP0,9.06015e+10,keysum,8.38939e+10,pktSum,3.68757e+11,aggrSum,5.30532e+08,blackkey_num,286532923,feedback,35,feedsumportion,0.650428,finger0,11,finger,15,time,389194,runTime,2056.49
line,34304528,total,0.00854296,total0,0.0799496,false,0.00410867,over,0.0142613,false0,0.0239089,over0,0.0829887,overaggr,0.00633248,overcuckoo,0.00221048,over_uai,0.0515761,over_uai,0.0245614,over_utai,0.0106552,over_utai,0.0108481,over_ai,0.00749843,over_ai,0.00932353,countIP,8.46451e+10,countIP0,9.06381e+10,keysum,8.39281e+10,pktSum,3.6893e+11,aggrSum,5.31473e+08,blackkey_num,287178697,feedback,35,feedsumportion,0.650428,finger0,11,finger,15,time,389194,runTime,2057.49
line,34320936,total,0.008548,total0,0.0799625,false,0.00411083,over,0.0142841,false0,0.0239105,over0,0.0830831,overaggr,0.0063382,overcuckoo,0.0022098,over_uai,0.0392507,over_uai,0.00112141,over_utai,0.0106656,over_utai,0.0108423,over_ai,0.0075097,over_ai,0.00931936,countIP,8.46781e+10,countIP0,9.06741e+10,keysum,8.39604e+10,pktSum,3.69114e+11,aggrSum,5.32158e+08,blackkey_num,287737690,feedback,35,feedsumportion,0.650428,finger0,11,finger,15,time,389194,runTime,2058.49
line,34337409,total,0.00855339,total0,0.0799788,false,0.00411385,over,0.0143086,false0,0.0239216,over0,0.0832031,overaggr,0.00634414,overcuckoo,0.00220926,over_uai,0.0426978,over_uai,0.00140539,over_utai,0.0106776,over_utai,0.0108372,over_ai,0.007521,over_ai,0.00931522,countIP,8.47128e+10,countIP0,9.07121e+10,keysum,8.39943e+10,pktSum,3.69301e+11,aggrSum,5.32871e+08,blackkey_num,288310779,feedback,35,feedsumportion,0.650428,finger0,11,finger,15,time,389194,runTime,2059.49
line,34354042,total,0.00855877,total0,0.079987,false,0.00411735,over,0.0143324,false0,0.0239179,over0,0.0832578,overaggr,0.00635022,overcuckoo,0.00220855,over_uai,0.0417516,over_uai,0.00123828,over_utai,0.0106892,over_utai,0.0108251,over_ai,0.00753248,over_ai,0.00930025,countIP,8.47483e+10,countIP0,9.07504e+10,keysum,8.40291e+10,pktSum,3.69487e+11,aggrSum,5.33603e+08,blackkey_num,288924339,feedback,35,feedsumportion,0.650428,finger0,11,finger,15,time,389194,runTime,2060.49
line,34370760,total,0.00855553,total0,0.0799838,false,0.0041027,over,0.0142862,false0,0.0238992,over0,0.0832206,overaggr,0.00634759,overcuckoo,0.00220794,over_uai,0.00394097,over_uai,0.0020289,over_utai,0.0106862,over_utai,0.0108148,over_ai,0.00752921,over_ai,0.00928845,countIP,8.4786e+10,countIP0,9.07908e+10,keysum,8.40668e+10,pktSum,3.69668e+11,aggrSum,5.33621e+08,blackkey_num,290225963,feedback,40,feedsumportion,0.980492,finger0,11,finger,15,time,311330,runTime,2061.49
line,34387481,total,0.00855223,total0,0.0799723,false,0.00408772,over,0.0142401,false0,0.0238596,over0,0.0831182,overaggr,0.00634495,overcuckoo,0.00220728,over_uai,0.00321768,over_uai,0.00180484,over_utai,0.0106825,over_utai,0.0108032,over_ai,0.00752565,over_ai,0.00927456,countIP,8.48232e+10,countIP0,9.08299e+10,keysum,8.41039e+10,pktSum,3.6985e+11,aggrSum,5.33635e+08,blackkey_num,291538205,feedback,40,feedsumportion,0.980492,finger0,11,finger,15,time,311330,runTime,2062.49
line,34404350,total,0.00854917,total0,0.0799815,false,0.00407336,over,0.014197,false0,0.0238658,over0,0.0831805,overaggr,0.00634243,overcuckoo,0.00220675,over_uai,0.00153394,over_uai,0.00256419,over_utai,0.0106784,over_utai,0.0107939,over_ai,0.00752233,over_ai,0.00926286,countIP,8.48589e+10,countIP0,9.08692e+10,keysum,8.41396e+10,pktSum,3.70028e+11,aggrSum,5.33649e+08,blackkey_num,293297696,feedback,40,feedsumportion,0.980492,finger0,11,finger,15,time,311330,runTime,2063.49
line,34421384,total,0.00854584,total0,0.0799964,false,0.00405903,over,0.0141508,false0,0.02389,over0,0.0832864,overaggr,0.0063397,overcuckoo,0.00220613,over_uai,0.00199284,over_uai,0.00225003,over_utai,0.0106741,over_utai,0.0107829,over_ai,0.00751888,over_ai,0.00924949,countIP,8.4897e+10,countIP0,9.09115e+10,keysum,8.41776e+10,pktSum,3.70208e+11,aggrSum,5.33661e+08,blackkey_num,294940997,feedback,40,feedsumportion,0.980492,finger0,11,finger,15,time,311330,runTime,2064.49
line,34438082,total,0.00854174,total0,0.0799776,false,0.00404532,over,0.0140955,false0,0.0238564,over0,0.083125,overaggr,0.00633653,overcuckoo,0.00220521,over_uai,0.00160127,over_uai,0.00231993,over_utai,0.0106696,over_utai,0.0107739,over_ai,0.00751524,over_ai,0.00923754,countIP,8.49414e+10,countIP0,9.09579e+10,keysum,8.4222e+10,pktSum,3.70388e+11,aggrSum,5.33675e+08,blackkey_num,296445447,feedback,40,feedsumportion,0.980492,finger0,11,finger,15,time,311330,runTime,2065.49
line,34454714,total,0.00853791,total0,0.07998,false,0.00403113,over,0.014044,false0,0.0238617,over0,0.0831317,overaggr,0.00633357,overcuckoo,0.00220434,over_uai,0.0143149,over_uai,0.00189742,over_utai,0.010671,over_utai,0.0107637,over_ai,0.00751176,over_ai,0.00922413,countIP,8.49834e+10,countIP0,9.10034e+10,keysum,8.42639e+10,pktSum,3.70571e+11,aggrSum,5.33691e+08,blackkey_num,298107761,feedback,31,feedsumportion,0.389353,finger0,11,finger,15,time,306357,runTime,2066.49
line,34471435,total,0.00853405,total0,0.0799833,false,0.00401715,over,0.0139928,false0,0.0238701,over0,0.0831456,overaggr,0.00633058,overcuckoo,0.00220348,over_uai,0.0118415,over_uai,0.00159192,over_utai,0.0106715,over_utai,0.0107536,over_ai,0.00750802,over_ai,0.00921183,countIP,8.50252e+10,countIP0,9.10488e+10,keysum,8.43058e+10,pktSum,3.70751e+11,aggrSum,5.33704e+08,blackkey_num,299597065,feedback,31,feedsumportion,0.389353,finger0,11,finger,15,time,306357,runTime,2067.49
line,34488459,total,0.0085306,total0,0.0799873,false,0.00400334,over,0.0139471,false0,0.0238716,over0,0.0831656,overaggr,0.00632793,overcuckoo,0.00220267,over_uai,0.0155988,over_uai,0.00190854,over_utai,0.0106737,over_utai,0.0107448,over_ai,0.00750452,over_ai,0.00920028,countIP,8.5063e+10,countIP0,9.10899e+10,keysum,8.43435e+10,pktSum,3.70927e+11,aggrSum,5.3372e+08,blackkey_num,301263105,feedback,31,feedsumportion,0.389353,finger0,11,finger,15,time,306357,runTime,2068.49
line,34505407,total,0.00852725,total0,0.0799899,false,0.00398979,over,0.0139025,false0,0.0238697,over0,0.0831746,overaggr,0.00632524,overcuckoo,0.00220201,over_uai,0.014996,over_uai,0.00235858,over_utai,0.0106754,over_utai,0.010736,over_ai,0.00750146,over_ai,0.00918873,countIP,8.51006e+10,countIP0,9.11307e+10,keysum,8.43811e+10,pktSum,3.71103e+11,aggrSum,5.3373e+08,blackkey_num,302783195,feedback,31,feedsumportion,0.389353,finger0,11,finger,15,time,306357,runTime,2069.49
line,34522532,total,0.0085235,total0,0.0799972,false,0.00397528,over,0.0138539,false0,0.0238791,over0,0.0832191,overaggr,0.00632234,overcuckoo,0.00220116,over_uai,0.0143544,over_uai,0.00140738,over_utai,0.0106768,over_utai,0.010725,over_ai,0.0074983,over_ai,0.00917411,countIP,8.51408e+10,countIP0,9.11747e+10,keysum,8.44212e+10,pktSum,3.71288e+11,aggrSum,5.3374e+08,blackkey_num,304406505,feedback,31,feedsumportion,0.389353,finger0,11,finger,15,time,306357,runTime,2070.49
line,34539556,total,0.00851952,total0,0.0799918,false,0.00396195,over,0.0138018,false0,0.0238731,over0,0.0831643,overaggr,0.00631928,overcuckoo,0.00220024,over_uai,0.00129595,over_uai,0.00163001,over_utai,0.0106725,over_utai,0.0107117,over_ai,0.00749497,over_ai,0.00915645,countIP,8.51853e+10,countIP0,9.12223e+10,keysum,8.44657e+10,pktSum,3.71472e+11,aggrSum,5.33763e+08,blackkey_num,305985049,feedback,30,feedsumportion,0.453802,finger0,11,finger,15,time,304547,runTime,2071.49
line,34556441,total,0.00851704,total0,0.0799832,false,0.00395026,over,0.0137643,false0,0.0238456,over0,0.083088,overaggr,0.00631655,overcuckoo,0.00220049,over_uai,0.0016113,over_uai,0.00470173,over_utai,0.0106687,over_utai,0.0107026,over_ai,0.00749207,over_ai,0.00914501,countIP,8.5224e+10,countIP0,9.12632e+10,keysum,8.45043e+10,pktSum,3.71654e+11,aggrSum,5.33775e+08,blackkey_num,307433372,feedback,30,feedsumportion,0.453802,finger0,11,finger,15,time,304547,runTime,2072.49
line,34573423,total,0.00851426,total0,0.0799792,false,0.00393774,over,0.013725,false0,0.0238262,over0,0.0830462,overaggr,0.00631385,overcuckoo,0.00220042,over_uai,0.00135022,over_uai,0.00370979,over_utai,0.0106643,over_utai,0.0106939,over_ai,0.00748895,over_ai,0.00913433,countIP,8.52624e+10,countIP0,9.13042e+10,keysum,8.45426e+10,pktSum,3.71838e+11,aggrSum,5.33789e+08,blackkey_num,308961976,feedback,30,feedsumportion,0.453802,finger0,11,finger,15,time,304547,runTime,2073.49
line,34590593,total,0.00851082,total0,0.0799881,false,0.00392463,over,0.0136802,false0,0.0238408,over0,0.0831028,overaggr,0.00631115,overcuckoo,0.00219967,over_uai,0.00264609,over_uai,0.00181485,over_utai,0.010661,over_utai,0.010685,over_ai,0.00748588,over_ai,0.00912409,countIP,8.5302e+10,countIP0,9.13477e+10,keysum,8.45821e+10,pktSum,3.72018e+11,aggrSum,5.33811e+08,blackkey_num,310534391,feedback,30,feedsumportion,0.453802,finger0,11,finger,15,time,304547,runTime,2074.49
line,34607570,total,0.00850734,total0,0.0800107,false,0.00391086,over,0.0136357,false0,0.0238809,over0,0.0832637,overaggr,0.0063086,overcuckoo,0.00219874,over_uai,0.00196911,over_uai,0.00180074,over_utai,0.0106569,over_utai,0.0106744,over_ai,0.00748273,over_ai,0.00911115,countIP,8.53412e+10,countIP0,9.13919e+10,keysum,8.46213e+10,pktSum,3.72203e+11,aggrSum,5.33842e+08,blackkey_num,312175315,feedback,30,feedsumportion,0.453802,finger0,11,finger,15,time,304547,runTime,2075.49
line,34624262,total,0.00850743,total0,0.0800101,false,0.0039051,over,0.0136199,false0,0.023869,over0,0.0832487,overaggr,0.00630944,overcuckoo,0.00219799,over_uai,0.000515632,over_uai,0.0137643,over_utai,0.0106524,over_utai,0.0106704,over_ai,0.00747949,over_ai,0.00910807,countIP,8.53774e+10,countIP0,9.14306e+10,keysum,8.46571e+10,pktSum,3.72377e+11,aggrSum,5.34139e+08,blackkey_num,313479086,feedback,32,feedsumportion,0.765511,finger0,11,finger,15,time,312021,runTime,2076.49
line,34641219,total,0.00850696,total0,0.0800182,false,0.00389767,over,0.0135994,false0,0.0238739,over0,0.083299,overaggr,0.00630971,overcuckoo,0.00219724,over_uai,0.000970314,over_uai,0.0105397,over_utai,0.0106485,over_utai,0.0106641,over_ai,0.00747666,over_ai,0.0091014,countIP,8.54147e+10,countIP0,9.14713e+10,keysum,8.46943e+10,pktSum,3.72559e+11,aggrSum,5.34396e+08,blackkey_num,315029719,feedback,32,feedsumportion,0.765511,finger0,11,finger,15,time,312021,runTime,2077.49
line,34658420,total,0.00850536,total0,0.0800364,false,0.00388783,over,0.01357,false0,0.0239014,over0,0.0834252,overaggr,0.006309,overcuckoo,0.00219636,over_uai,0.000877842,over_uai,0.00802772,over_utai,0.0106442,over_utai,0.0106581,over_ai,0.00747349,over_ai,0.00909492,countIP,8.54534e+10,countIP0,9.15144e+10,keysum,8.47327e+10,pktSum,3.72746e+11,aggrSum,5.34579e+08,blackkey_num,316413588,feedback,32,feedsumportion,0.765511,finger0,11,finger,15,time,312021,runTime,2078.49
line,34675763,total,0.00850336,total0,0.0800564,false,0.00387778,over,0.0135383,false0,0.0239351,over0,0.0835633,overaggr,0.00630777,overcuckoo,0.00219559,over_uai,0.000802247,over_uai,0.00599471,over_utai,0.0106398,over_utai,0.0106556,over_ai,0.00747028,over_ai,0.00909416,countIP,8.54909e+10,countIP0,9.15565e+10,keysum,8.47701e+10,pktSum,3.72923e+11,aggrSum,5.3471e+08,blackkey_num,318225013,feedback,32,feedsumportion,0.765511,finger0,11,finger,15,time,312021,runTime,2079.49
line,34692645,total,0.00850046,total0,0.0800567,false,0.00386735,over,0.0134975,false0,0.0239399,over0,0.0835527,overaggr,0.00630583,overcuckoo,0.00219463,over_uai,0.000615229,over_uai,0.00530423,over_utai,0.0106346,over_utai,0.0106527,over_ai,0.00746635,over_ai,0.00909239,countIP,8.55342e+10,countIP0,9.16031e+10,keysum,8.48133e+10,pktSum,3.73104e+11,aggrSum,5.34818e+08,blackkey_num,319609193,feedback,32,feedsumportion,0.765511,finger0,11,finger,15,time,312021,runTime,2080.49
line,34709798,total,0.00849808,total0,0.0800669,false,0.00385602,over,0.0134645,false0,0.0239469,over0,0.0836181,overaggr,0.00630417,overcuckoo,0.00219391,over_uai,0.0105407,over_uai,0.00425803,over_utai,0.0106343,over_utai,0.0106497,over_ai,0.00746327,over_ai,0.00909079,countIP,8.5569e+10,countIP0,9.16415e+10,keysum,8.4848e+10,pktSum,3.73279e+11,aggrSum,5.34896e+08,blackkey_num,320788917,feedback,40,feedsumportion,0.890003,finger0,11,finger,15,time,311377,runTime,2081.49
line,34726743,total,0.00849491,total0,0.0800598,false,0.00384324,over,0.0134251,false0,0.0239192,over0,0.0835537,overaggr,0.00630179,overcuckoo,0.00219312,over_uai,0.0109508,over_uai,0.00589706,over_utai,0.0106344,over_utai,0.0106474,over_ai,0.00746001,over_ai,0.00908775,countIP,8.56054e+10,countIP0,9.16801e+10,keysum,8.48843e+10,pktSum,3.73458e+11,aggrSum,5.34923e+08,blackkey_num,322156083,feedback,40,feedsumportion,0.890003,finger0,11,finger,15,time,311377,runTime,2082.49
line,34743969,total,0.00849173,total0,0.0800554,false,0.00383058,over,0.0133856,false0,0.0238982,over0,0.08351,overaggr,0.00629944,overcuckoo,0.00219229,over_uai,0.0108114,over_uai,0.0207343,over_utai,0.0106343,over_utai,0.0106515,over_ai,0.00745696,over_ai,0.0090842,countIP,8.56423e+10,countIP0,9.17196e+10,keysum,8.49212e+10,pktSum,3.73638e+11,aggrSum,5.34956e+08,blackkey_num,323515461,feedback,40,feedsumportion,0.890003,finger0,11,finger,15,time,311377,runTime,2083.49
line,34760796,total,0.00848864,total0,0.0800587,false,0.00381823,over,0.0133464,false0,0.0238947,over0,0.0835226,overaggr,0.00629714,overcuckoo,0.0021915,over_uai,0.00849382,over_uai,0.0026921,over_utai,0.0106332,over_utai,0.0106474,over_ai,0.00745358,over_ai,0.00908124,countIP,8.56807e+10,countIP0,9.17613e+10,keysum,8.49595e+10,pktSum,3.73822e+11,aggrSum,5.35002e+08,blackkey_num,324710360,feedback,40,feedsumportion,0.890003,finger0,11,finger,15,time,311377,runTime,2084.49
line,34777717,total,0.00848632,total0,0.080055,false,0.00380697,over,0.0133144,false0,0.0238706,over0,0.0834846,overaggr,0.00629564,overcuckoo,0.00219068,over_uai,0.0105013,over_uai,0.00409679,over_utai,0.010633,over_utai,0.010644,over_ai,0.00745072,over_ai,0.00907944,countIP,8.57162e+10,countIP0,9.17992e+10,keysum,8.49949e+10,pktSum,3.74004e+11,aggrSum,5.35097e+08,blackkey_num,325989581,feedback,40,feedsumportion,0.890003,finger0,11,finger,15,time,311377,runTime,2085.49
line,34794607,total,0.0084828,total0,0.0800567,false,0.0037942,over,0.0132727,false0,0.0238657,over0,0.0834858,overaggr,0.00629303,overcuckoo,0.00218977,over_uai,0.000721105,over_uai,0.0266473,over_utai,0.0106285,over_utai,0.0106516,over_ai,0.00744758,over_ai,0.0090753,countIP,8.57543e+10,countIP0,9.18404e+10,keysum,8.50329e+10,pktSum,3.74184e+11,aggrSum,5.35115e+08,blackkey_num,327513718,feedback,34,feedsumportion,0.745516,finger0,11,finger,15,time,311394,runTime,2086.49
line,34811623,total,0.00847939,total0,0.0800932,false,0.0037811,over,0.0132322,false0,0.0239294,over0,0.0837424,overaggr,0.00629047,overcuckoo,0.00218892,over_uai,0.000634508,over_uai,0.0200698,over_utai,0.010624,over_utai,0.0106557,over_ai,0.0074444,over_ai,0.00907172,countIP,8.57918e+10,countIP0,9.1884e+10,keysum,8.50704e+10,pktSum,3.74369e+11,aggrSum,5.35133e+08,blackkey_num,328794327,feedback,34,feedsumportion,0.745516,finger0,11,finger,15,time,311394,runTime,2087.49
line,34828408,total,0.00847625,total0,0.0801411,false,0.00376765,over,0.0131952,false0,0.0240082,over0,0.0840822,overaggr,0.00628809,overcuckoo,0.00218817,over_uai,0.000602645,over_uai,0.0286182,over_utai,0.0106191,over_utai,0.0106638,over_ai,0.00744116,over_ai,0.00906895,countIP,8.58262e+10,countIP0,9.19252e+10,keysum,8.51048e+10,pktSum,3.74554e+11,aggrSum,5.35146e+08,blackkey_num,330128733,feedback,34,feedsumportion,0.745516,finger0,11,finger,15,time,311394,runTime,2088.49
line,34845410,total,0.00847343,total0,0.0801885,false,0.00375565,over,0.0131605,false0,0.0240901,over0,0.0844161,overaggr,0.00628566,overcuckoo,0.00218778,over_uai,0.000576605,over_uai,0.0698915,over_utai,0.0106142,over_utai,0.0106858,over_ai,0.00743783,over_ai,0.00906729,countIP,8.58612e+10,countIP0,9.1967e+10,keysum,8.51398e+10,pktSum,3.74735e+11,aggrSum,5.3516e+08,blackkey_num,331427018,feedback,34,feedsumportion,0.745516,finger0,11,finger,15,time,311394,runTime,2089.49
line,34861945,total,0.00847034,total0,0.080217,false,0.00374318,over,0.013124,false0,0.0241324,over0,0.0846106,overaggr,0.00628337,overcuckoo,0.00218697,over_uai,0.000672276,over_uai,0.0781271,over_utai,0.0106097,over_utai,0.0107133,over_ai,0.00743486,over_ai,0.00906403,countIP,8.58963e+10,countIP0,9.20073e+10,keysum,8.51748e+10,pktSum,3.74915e+11,aggrSum,5.35185e+08,blackkey_num,332853590,feedback,34,feedsumportion,0.745516,finger0,11,finger,15,time,311394,runTime,2090.49
line,34878552,total,0.00847986,total0,0.0802131,false,0.00375731,over,0.0131777,false0,0.0241127,over0,0.0845685,overaggr,0.00629181,overcuckoo,0.00218805,over_uai,0.0331567,over_uai,0.0131715,over_utai,0.0106202,over_utai,0.010714,over_ai,0.00745006,over_ai,0.00906516,countIP,8.59361e+10,countIP0,9.20487e+10,keysum,8.52135e+10,pktSum,3.75102e+11,aggrSum,5.36147e+08,blackkey_num,333794664,feedback,29,feedsumportion,0.598947,finger0,11,finger,15,time,310559,runTime,2091.49
line,34895571,total,0.00849895,total0,0.0802128,false,0.0037906,over,0.0133026,false0,0.0240936,over0,0.0845535,overaggr,0.00630184,overcuckoo,0.00219711,over_uai,0.0414646,over_uai,0.0393573,over_utai,0.0106334,over_utai,0.0107258,over_ai,0.00746768,over_ai,0.00908696,countIP,8.59713e+10,countIP0,9.20847e+10,keysum,8.52468e+10,pktSum,3.75278e+11,aggrSum,5.37212e+08,blackkey_num,335085582,feedback,29,feedsumportion,0.598947,finger0,11,finger,15,time,310559,runTime,2092.49
line,34912417,total,0.00855056,total0,0.0802163,false,0.00389155,over,0.0136598,false0,0.024092,over0,0.0845654,overaggr,0.0063098,overcuckoo,0.00224076,over_uai,0.0365246,over_uai,0.139418,over_utai,0.010644,over_utai,0.0107914,over_ai,0.00748224,over_ai,0.00919329,countIP,8.60138e+10,countIP0,9.21258e+10,keysum,8.52846e+10,pktSum,3.75457e+11,aggrSum,5.38129e+08,blackkey_num,335652456,feedback,29,feedsumportion,0.598947,finger0,11,finger,15,time,310559,runTime,2093.49
line,34929256,total,0.0086091,total0,0.0802019,false,0.00400702,over,0.0140629,false0,0.0240616,over0,0.084446,overaggr,0.00631531,overcuckoo,0.00229378,over_uai,0.0287037,over_uai,0.151628,over_utai,0.0106515,over_utai,0.010871,over_ai,0.00749323,over_ai,0.00932179,countIP,8.60611e+10,countIP0,9.21698e+10,keysum,8.53265e+10,pktSum,3.75639e+11,aggrSum,5.38863e+08,blackkey_num,336306482,feedback,29,feedsumportion,0.598947,finger0,11,finger,15,time,310559,runTime,2094.49
line,34945984,total,0.00861674,total0,0.0801894,false,0.00401635,over,0.0141006,false0,0.0240238,over0,0.0843429,overaggr,0.00632382,overcuckoo,0.00229292,over_uai,0.0448816,over_uai,0.00176109,over_utai,0.0106637,over_utai,0.0108661,over_ai,0.00750956,over_ai,0.00931694,countIP,8.60994e+10,countIP0,9.22091e+10,keysum,8.53638e+10,pktSum,3.75822e+11,aggrSum,5.39825e+08,blackkey_num,336928996,feedback,29,feedsumportion,0.598947,finger0,11,finger,15,time,310559,runTime,2095.49
line,34962979,total,0.00861422,total0,0.0801865,false,0.00400394,over,0.0140674,false0,0.023997,over0,0.0843109,overaggr,0.00632204,overcuckoo,0.00229218,over_uai,0.00489309,over_uai,0.00129419,over_utai,0.0106612,over_utai,0.0108621,over_ai,0.00750758,over_ai,0.00931352,countIP,8.61325e+10,countIP0,9.22445e+10,keysum,8.53968e+10,pktSum,3.76002e+11,aggrSum,5.39882e+08,blackkey_num,338289575,feedback,31,feedsumportion,0.986898,finger0,11,finger,15,time,304545,runTime,2096.49
line,34979396,total,0.00861183,total0,0.0801862,false,0.0039926,over,0.0140336,false0,0.0239825,over0,0.0842959,overaggr,0.00632044,overcuckoo,0.00229139,over_uai,0.00540243,over_uai,0.00142221,over_utai,0.0106586,over_utai,0.0108574,over_ai,0.00750601,over_ai,0.00930943,countIP,8.61694e+10,countIP0,9.22842e+10,keysum,8.54336e+10,pktSum,3.76186e+11,aggrSum,5.39978e+08,blackkey_num,339403816,feedback,31,feedsumportion,0.986898,finger0,11,finger,15,time,304545,runTime,2097.49
line,34995939,total,0.00860908,total0,0.0801911,false,0.00398015,over,0.0139978,false0,0.0239751,over0,0.0843185,overaggr,0.00631841,overcuckoo,0.00229067,over_uai,0.00797256,over_uai,0.00156417,over_utai,0.0106572,over_utai,0.0108531,over_ai,0.00750378,over_ai,0.00930571,countIP,8.62051e+10,countIP0,9.23232e+10,keysum,8.54693e+10,pktSum,3.76372e+11,aggrSum,5.4003e+08,blackkey_num,340779754,feedback,31,feedsumportion,0.986898,finger0,11,finger,15,time,304545,runTime,2098.49
line,35012540,total,0.00860661,total0,0.0801854,false,0.00396858,over,0.0139639,false0,0.0239486,over0,0.0842659,overaggr,0.00631662,overcuckoo,0.00228999,over_uai,0.00497399,over_uai,0.00183506,over_utai,0.0106542,over_utai,0.0108484,over_ai,0.00750194,over_ai,0.00930197,countIP,8.62419e+10,countIP0,9.23623e+10,keysum,8.5506e+10,pktSum,3.76558e+11,aggrSum,5.40109e+08,blackkey_num,342135506,feedback,31,feedsumportion,0.986898,finger0,11,finger,15,time,304545,runTime,2099.49
line,35021226,total,0.00860606,total0,0.0801893,false,0.00396568,over,0.0139555,false0,0.0239522,over0,0.0842898,overaggr,0.0063161,overcuckoo,0.00228996,over_uai,0.00660316,over_uai,0.00139627,over_utai,0.0106535,over_utai,0.0108474,over_ai,0.00750161,over_ai,0.00930103,countIP,8.6252e+10,countIP0,9.23735e+10,keysum,8.5516e+10,pktSum,3.76609e+11,aggrSum,5.40127e+08,blackkey_num,342549305,feedback,31,feedsumportion,0.986898,finger0,11,finger,15,time,304545,runTime,2099.77
line,35038456,total,0.00860611,total0,0.080198,false,0.00194283,over,0.00873084,false0,0.022638,over0,0.101732,overaggr,0.0063151,overcuckoo,0.00229101,over_uai,0.0135528,over_uai,0.00133819,over_utai,0.0106546,over_utai,0.0108429,over_ai,0.00750416,over_ai,0.00929733,countIP,8.62867e+10,countIP0,9.24114e+10,keysum,8.55504e+10,pktSum,3.76798e+11,aggrSum,5.4026e+08,blackkey_num,1051945,feedback,31,feedsumportion,0.986898,finger0,11,finger,15,time,304545,runTime,2100.77
line,35055961,total,0.00860265,total0,0.080196,false,0.00115023,over,0.00469907,false0,0.0215119,over0,0.0878837,overaggr,0.00631259,overcuckoo,0.00229007,over_uai,0.000859519,over_uai,0.00326365,over_utai,0.0106499,over_utai,0.0108393,over_ai,0.00750081,over_ai,0.00929365,countIP,8.63269e+10,countIP0,9.24546e+10,keysum,8.55906e+10,pktSum,3.76988e+11,aggrSum,5.40298e+08,blackkey_num,2424678,feedback,39,feedsumportion,0.83752,finger0,11,finger,15,time,308160,runTime,2101.77
line,35073252,total,0.00860124,total0,0.0801878,false,0.00125563,over,0.00501962,false0,0.0197802,over0,0.0790754,overaggr,0.00631206,overcuckoo,0.00228917,over_uai,0.000815809,over_uai,0.00819066,over_utai,0.0106448,over_utai,0.010838,over_ai,0.00749755,over_ai,0.00929511,countIP,8.63677e+10,countIP0,9.24977e+10,keysum,8.56312e+10,pktSum,3.77184e+11,aggrSum,5.40509e+08,blackkey_num,3687817,feedback,39,feedsumportion,0.83752,finger0,11,finger,15,time,308160,runTime,2102.77
line,35090205,total,0.00859874,total0,0.0801736,false,0.00114945,over,0.00455208,false0,0.0180602,over0,0.0715224,overaggr,0.00631035,overcuckoo,0.0022884,over_uai,0.00137592,over_uai,0.00476968,over_utai,0.0106406,over_utai,0.0108347,over_ai,0.00749478,over_ai,0.00929301,countIP,8.64073e+10,countIP0,9.25392e+10,keysum,8.56707e+10,pktSum,3.77376e+11,aggrSum,5.40612e+08,blackkey_num,5102365,feedback,39,feedsumportion,0.83752,finger0,11,finger,15,time,308160,runTime,2103.77
line,35106988,total,0.00859559,total0,0.0801521,false,0.00106498,over,0.00408265,false0,0.0167226,over0,0.0641066,overaggr,0.00630785,overcuckoo,0.00228774,over_uai,0.00179456,over_uai,0.0061431,over_utai,0.0106366,over_utai,0.010832,over_ai,0.00749201,over_ai,0.00928964,countIP,8.64511e+10,countIP0,9.25845e+10,keysum,8.57144e+10,pktSum,3.77567e+11,aggrSum,5.40673e+08,blackkey_num,6279346,feedback,39,feedsumportion,0.83752,finger0,11,finger,15,time,308160,runTime,2104.77
line,35123756,total,0.00859176,total0,0.0801327,false,0.00095997,over,0.00357775,false0,0.01618,over0,0.0603019,overaggr,0.00630503,overcuckoo,0.00228673,over_uai,0.000565922,over_uai,0.00932223,over_utai,0.0106315,over_utai,0.0108311,over_ai,0.00748866,over_ai,0.00928514,countIP,8.64967e+10,countIP0,9.2632e+10,keysum,8.57599e+10,pktSum,3.77761e+11,aggrSum,5.40719e+08,blackkey_num,7403031,feedback,39,feedsumportion,0.83752,finger0,11,finger,15,time,308160,runTime,2105.77
line,35140948,total,0.00858994,total0,0.0801204,false,0.000977832,over,0.00368686,false0,0.015691,over0,0.059162,overaggr,0.00630407,overcuckoo,0.00228587,over_uai,0.000659574,over_uai,0.0278945,over_utai,0.0106271,over_utai,0.0108397,over_ai,0.00748583,over_ai,0.00928487,countIP,8.65341e+10,countIP0,9.26712e+10,keysum,8.57971e+10,pktSum,3.77949e+11,aggrSum,5.40871e+08,blackkey_num,8866827,feedback,35,feedsumportion,0.891572,finger0,11,finger,15,time,347484,runTime,2106.77
line,35158007,total,0.00858631,total0,0.0801084,false,0.000881624,over,0.00331506,false0,0.0155651,over0,0.0585273,overaggr,0.00630129,overcuckoo,0.00228503,over_uai,0.000680067,over_uai,0.0213783,over_utai,0.0106224,over_utai,0.0108448,over_ai,0.00748251,over_ai,0.00928107,countIP,8.65734e+10,countIP0,9.27126e+10,keysum,8.58364e+10,pktSum,3.78133e+11,aggrSum,5.40879e+08,blackkey_num,10729500,feedback,35,feedsumportion,0.891572,finger0,11,finger,15,time,347484,runTime,2107.77
line,35175124,total,0.00858278,total0,0.0801005,false,0.000805513,over,0.00303795,false0,0.0156315,over0,0.0589534,overaggr,0.00629856,overcuckoo,0.00228422,over_uai,0.00110823,over_uai,0.0217114,over_utai,0.0106185,over_utai,0.0108504,over_ai,0.00747976,over_ai,0.00927641,countIP,8.66121e+10,countIP0,9.27536e+10,keysum,8.5875e+10,pktSum,3.78322e+11,aggrSum,5.40889e+08,blackkey_num,12190471,feedback,35,feedsumportion,0.891572,finger0,11,finger,15,time,347484,runTime,2108.77
line,35192154,total,0.00857959,total0,0.0800891,false,0.000751742,over,0.00286065,false0,0.015357,over0,0.0584392,overaggr,0.00629612,overcuckoo,0.00228347,over_uai,0.00082925,over_uai,0.0156089,over_utai,0.0106149,over_utai,0.0108526,over_ai,0.00747713,over_ai,0.00927225,countIP,8.66489e+10,countIP0,9.27924e+10,keysum,8.59118e+10,pktSum,3.78511e+11,aggrSum,5.40911e+08,blackkey_num,13537183,feedback,35,feedsumportion,0.891572,finger0,11,finger,15,time,347484,runTime,2109.77
line,35209289,total,0.0085768,total0,0.0800794,false,0.000727083,over,0.00278243,false0,0.0152405,over0,0.0583229,overaggr,0.00629413,overcuckoo,0.00228267,over_uai,0.00100933,over_uai,0.0185379,over_utai,0.010611,over_utai,0.0108564,over_ai,0.00747457,over_ai,0.00926914,countIP,8.6685e+10,countIP0,9.28305e+10,keysum,8.59478e+10,pktSum,3.78693e+11,aggrSum,5.40967e+08,blackkey_num,15080499,feedback,35,feedsumportion,0.891572,finger0,11,finger,15,time,347484,runTime,2110.77
line,35226497,total,0.0085735,total0,0.0800706,false,0.000686288,over,0.00263404,false0,0.0152204,over0,0.0584174,overaggr,0.00629156,overcuckoo,0.00228194,over_uai,0.000715774,over_uai,0.00330152,over_utai,0.0106069,over_utai,0.0108527,over_ai,0.00747176,over_ai,0.00926531,countIP,8.6722e+10,countIP0,9.28697e+10,keysum,8.59848e+10,pktSum,3.78877e+11,aggrSum,5.40979e+08,blackkey_num,16554115,feedback,29,feedsumportion,0.831646,finger0,11,finger,15,time,312110,runTime,2111.77
line,35243466,total,0.00856999,total0,0.080066,false,0.000645854,over,0.00248914,false0,0.015383,over0,0.0592866,overaggr,0.00628888,overcuckoo,0.00228111,over_uai,0.000875868,over_uai,0.00253918,over_utai,0.0106029,over_utai,0.0108475,over_ai,0.00746901,over_ai,0.00926083,countIP,8.67605e+10,countIP0,9.29108e+10,keysum,8.60232e+10,pktSum,3.79071e+11,aggrSum,5.4099e+08,blackkey_num,18471158,feedback,29,feedsumportion,0.831646,finger0,11,finger,15,time,312110,runTime,2112.77
line,35260583,total,0.00856625,total0,0.080061,false,0.000617189,over,0.00236387,false0,0.0156828,over0,0.060066,overaggr,0.00628599,overcuckoo,0.00228027,over_uai,0.00464067,over_uai,0.00290575,over_utai,0.0106004,over_utai,0.0108428,over_ai,0.00746616,over_ai,0.00925584,countIP,8.68021e+10,countIP0,9.29553e+10,keysum,8.60648e+10,pktSum,3.79259e+11,aggrSum,5.41002e+08,blackkey_num,19656455,feedback,29,feedsumportion,0.831646,finger0,11,finger,15,time,312110,runTime,2113.77
line,35277681,total,0.00856266,total0,0.0800464,false,0.00059051,over,0.00225475,false0,0.0155261,over0,0.0592834,overaggr,0.00628322,overcuckoo,0.00227944,over_uai,0.000691391,over_uai,0.00473215,over_utai,0.0105962,over_utai,0.0108392,over_ai,0.00746315,over_ai,0.00925144,countIP,8.68417e+10,countIP0,9.29968e+10,keysum,8.61044e+10,pktSum,3.79444e+11,aggrSum,5.41013e+08,blackkey_num,21240138,feedback,29,feedsumportion,0.831646,finger0,11,finger,15,time,312110,runTime,2114.77
line,35294112,total,0.00855926,total0,0.0800324,false,0.000568565,over,0.00217002,false0,0.0153557,over0,0.0586073,overaggr,0.00628065,overcuckoo,0.00227861,over_uai,0.00067775,over_uai,0.00251615,over_utai,0.0105916,over_utai,0.0108354,over_ai,0.00746,over_ai,0.00924774,countIP,8.68797e+10,countIP0,9.30365e+10,keysum,8.61424e+10,pktSum,3.79625e+11,aggrSum,5.4103e+08,blackkey_num,22554875,feedback,29,feedsumportion,0.831646,finger0,11,finger,15,time,312110,runTime,2115.77
line,35310734,total,0.00856244,total0,0.0800216,false,0.00076735,over,0.00293347,false0,0.0152701,over0,0.0583755,overaggr,0.00628432,overcuckoo,0.00227813,over_uai,0.000854758,over_uai,0.0267959,over_utai,0.0105869,over_utai,0.0108413,over_ai,0.00745681,over_ai,0.00926,countIP,8.69165e+10,countIP0,9.30748e+10,keysum,8.61786e+10,pktSum,3.79804e+11,aggrSum,5.41574e+08,blackkey_num,23340874,feedback,29,feedsumportion,0.386914,finger0,11,finger,15,time,305775,runTime,2116.77
line,35327223,total,0.00856446,total0,0.080007,false,0.000902273,over,0.00346778,false0,0.0150052,over0,0.0576708,overaggr,0.0062868,overcuckoo,0.00227765,over_uai,0.000892445,over_uai,0.0182941,over_utai,0.0105825,over_utai,0.0108447,over_ai,0.00745365,over_ai,0.00926949,countIP,8.69525e+10,countIP0,9.31118e+10,keysum,8.62141e+10,pktSum,3.7999e+11,aggrSum,5.42011e+08,blackkey_num,24395186,feedback,29,feedsumportion,0.386914,finger0,11,finger,15,time,305775,runTime,2117.77
line,35343817,total,0.00856841,total0,0.0799918,false,0.00108775,over,0.00418612,false0,0.0148111,over0,0.0569993,overaggr,0.00629131,overcuckoo,0.0022771,over_uai,0.000459126,over_uai,0.0290845,over_utai,0.0105781,over_utai,0.0108518,over_ai,0.00745053,over_ai,0.00928354,countIP,8.69897e+10,countIP0,9.315e+10,keysum,8.62507e+10,pktSum,3.8017e+11,aggrSum,5.4263e+08,blackkey_num,25240183,feedback,29,feedsumportion,0.386914,finger0,11,finger,15,time,305775,runTime,2118.77
line,35360302,total,0.00857189,total0,0.0799767,false,0.00124243,over,0.00478441,false0,0.0146488,over0,0.0564101,overaggr,0.00629531,overcuckoo,0.00227659,over_uai,0.000679728,over_uai,0.0238727,over_utai,0.0105734,over_utai,0.0108574,over_ai,0.00744757,over_ai,0.00929583,countIP,8.70271e+10,countIP0,9.31884e+10,keysum,8.62874e+10,pktSum,3.80351e+11,aggrSum,5.43206e+08,blackkey_num,26154223,feedback,29,feedsumportion,0.386914,finger0,11,finger,15,time,305775,runTime,2119.77
line,35377188,total,0.00857462,total0,0.0799662,false,0.00136346,over,0.00524881,false0,0.0146425,over0,0.0563682,overaggr,0.00629868,overcuckoo,0.00227595,over_uai,0.00101858,over_uai,0.0235538,over_utai,0.0105688,over_utai,0.0108623,over_ai,0.00744428,over_ai,0.00930703,countIP,8.70645e+10,countIP0,9.32273e+10,keysum,8.63243e+10,pktSum,3.80528e+11,aggrSum,5.43729e+08,blackkey_num,27055915,feedback,29,feedsumportion,0.386914,finger0,11,finger,15,time,305775,runTime,2120.77
line,35394078,total,0.00857157,total0,0.0799709,false,0.00132142,over,0.00508253,false0,0.0150484,over0,0.0578802,overaggr,0.00629639,overcuckoo,0.00227519,over_uai,0.000815326,over_uai,0.00222724,over_utai,0.0105641,over_utai,0.0108584,over_ai,0.00744104,over_ai,0.00930405,countIP,8.71015e+10,countIP0,9.32676e+10,keysum,8.63612e+10,pktSum,3.80705e+11,aggrSum,5.43764e+08,blackkey_num,28545012,feedback,45,feedsumportion,0.943649,finger0,11,finger,15,time,309165,runTime,2121.77
line,35411169,total,0.00856818,total0,0.0799715,false,0.00127952,over,0.00490779,false0,0.015363,over0,0.0589272,overaggr,0.00629384,overcuckoo,0.00227434,over_uai,0.000786996,over_uai,0.00187927,over_utai,0.0105588,over_utai,0.0108533,over_ai,0.00743713,over_ai,0.00930128,countIP,8.71412e+10,countIP0,9.33105e+10,keysum,8.64009e+10,pktSum,3.80888e+11,aggrSum,5.43794e+08,blackkey_num,29657058,feedback,45,feedsumportion,0.943649,finger0,11,finger,15,time,309165,runTime,2122.77
line,35428006,total,0.00856562,total0,0.0799656,false,0.00124632,over,0.00479942,false0,0.0153547,over0,0.059129,overaggr,0.00629196,overcuckoo,0.00227366,over_uai,0.000833309,over_uai,0.00256105,over_utai,0.0105546,over_utai,0.0108489,over_ai,0.00743407,over_ai,0.00929901,countIP,8.71746e+10,countIP0,9.3346e+10,keysum,8.64342e+10,pktSum,3.81063e+11,aggrSum,5.4384e+08,blackkey_num,30900580,feedback,45,feedsumportion,0.943649,finger0,11,finger,15,time,309165,runTime,2123.77
line,35445066,total,0.00856296,total0,0.0799564,false,0.00120864,over,0.00468435,false0,0.015223,over0,0.0590005,overaggr,0.00629006,overcuckoo,0.0022729,over_uai,0.000994722,over_uai,0.00221012,over_utai,0.0105506,over_utai,0.0108446,over_ai,0.00743118,over_ai,0.00929617,countIP,8.72067e+10,countIP0,9.33799e+10,keysum,8.64663e+10,pktSum,3.81242e+11,aggrSum,5.43878e+08,blackkey_num,32525538,feedback,45,feedsumportion,0.943649,finger0,11,finger,15,time,309165,runTime,2124.77
line,35462264,total,0.00856116,total0,0.0799452,false,0.00120288,over,0.00466611,false0,0.0151503,over0,0.0587694,overaggr,0.00628904,overcuckoo,0.00227211,over_uai,0.000607375,over_uai,0.00668525,over_utai,0.010546,over_utai,0.0108424,over_ai,0.00742827,over_ai,0.00929576,countIP,8.72424e+10,countIP0,9.34172e+10,keysum,8.65018e+10,pktSum,3.81418e+11,aggrSum,5.44014e+08,blackkey_num,34113209,feedback,45,feedsumportion,0.943649,finger0,11,finger,15,time,309165,runTime,2125.77
line,35479464,total,0.00855807,total0,0.0799378,false,0.0011689,over,0.00453954,false0,0.0151614,over0,0.0588812,overaggr,0.00628681,overcuckoo,0.00227126,over_uai,0.000858933,over_uai,0.0325794,over_utai,0.0105407,over_utai,0.0108505,over_ai,0.00742506,over_ai,0.00929277,countIP,8.72778e+10,countIP0,9.34548e+10,keysum,8.65372e+10,pktSum,3.81596e+11,aggrSum,5.44043e+08,blackkey_num,35559132,feedback,43,feedsumportion,0.680687,finger0,11,finger,15,time,312145,runTime,2126.77
line,35496375,total,0.00855531,total0,0.0799295,false,0.00114391,over,0.00444837,false0,0.0151488,over0,0.0589099,overaggr,0.00628489,overcuckoo,0.00227042,over_uai,0.000674778,over_uai,0.0275392,over_utai,0.0105361,over_utai,0.0108575,over_ai,0.00742206,over_ai,0.0092903,countIP,8.73135e+10,countIP0,9.34925e+10,keysum,8.65728e+10,pktSum,3.81775e+11,aggrSum,5.441e+08,blackkey_num,37074757,feedback,43,feedsumportion,0.680687,finger0,11,finger,15,time,312145,runTime,2127.77
line,35513408,total,0.00855223,total0,0.0799127,false,0.00112356,over,0.00435386,false0,0.0150569,over0,0.0583461,overaggr,0.00628274,overcuckoo,0.00226949,over_uai,0.000914663,over_uai,0.0278891,over_utai,0.0105315,over_utai,0.0108662,over_ai,0.00741902,over_ai,0.0092869,countIP,8.73533e+10,countIP0,9.3534e+10,keysum,8.66126e+10,pktSum,3.81954e+11,aggrSum,5.44164e+08,blackkey_num,38341331,feedback,43,feedsumportion,0.680687,finger0,11,finger,15,time,312145,runTime,2128.77
line,35530324,total,0.00854915,total0,0.0798982,false,0.0010989,over,0.00425743,false0,0.0149577,over0,0.0579499,overaggr,0.00628048,overcuckoo,0.00226867,over_uai,0.000657903,over_uai,0.0204569,over_utai,0.0105276,over_utai,0.0108706,over_ai,0.00741602,over_ai,0.00928371,countIP,8.73909e+10,countIP0,9.35733e+10,keysum,8.66501e+10,pktSum,3.82136e+11,aggrSum,5.44204e+08,blackkey_num,39723647,feedback,43,feedsumportion,0.680687,finger0,11,finger,15,time,312145,runTime,2129.77
line,35547406,total,0.00854587,total0,0.0798873,false,0.00107068,over,0.00415035,false0,0.0149195,over0,0.0578336,overaggr,0.00627807,overcuckoo,0.0022678,over_uai,0.000657125,over_uai,0.0308092,over_utai,0.0105231,over_utai,0.0108794,over_ai,0.00741278,over_ai,0.00928038,countIP,8.74278e+10,countIP0,9.36121e+10,keysum,8.66869e+10,pktSum,3.82318e+11,aggrSum,5.44227e+08,blackkey_num,41382030,feedback,43,feedsumportion,0.680687,finger0,11,finger,15,time,312145,runTime,2130.77
line,35564295,total,0.00854327,total0,0.0798822,false,0.00104473,over,0.00407511,false0,0.014877,over0,0.0580295,overaggr,0.00627617,overcuckoo,0.00226709,over_uai,0.000850843,over_uai,0.00233088,over_utai,0.0105192,over_utai,0.0108758,over_ai,0.00741016,over_ai,0.0092777,countIP,8.74587e+10,countIP0,9.3645e+10,keysum,8.67178e+10,pktSum,3.82498e+11,aggrSum,5.44256e+08,blackkey_num,42723846,feedback,36,feedsumportion,0.692123,finger0,11,finger,15,time,318752,runTime,2131.77
line,35581228,total,0.00854054,total0,0.079877,false,0.00102057,over,0.00399763,false0,0.0148633,over0,0.0582206,overaggr,0.00627412,overcuckoo,0.00226642,over_uai,0.000859419,over_uai,0.00155037,over_utai,0.0105151,over_utai,0.0108715,over_ai,0.00740737,over_ai,0.00927476,countIP,8.74902e+10,countIP0,9.36786e+10,keysum,8.67493e+10,pktSum,3.82673e+11,aggrSum,5.44276e+08,blackkey_num,44412991,feedback,36,feedsumportion,0.692123,finger0,11,finger,15,time,318752,runTime,2132.77
line,35598090,total,0.00853742,total0,0.079876,false,0.000996354,over,0.00390941,false0,0.0149731,over0,0.0587502,overaggr,0.00627177,overcuckoo,0.00226565,over_uai,0.00081605,over_uai,0.00127727,over_utai,0.0105109,over_utai,0.0108666,over_ai,0.00740435,over_ai,0.00927144,countIP,8.75253e+10,countIP0,9.37164e+10,keysum,8.67844e+10,pktSum,3.82854e+11,aggrSum,5.44292e+08,blackkey_num,45709144,feedback,36,feedsumportion,0.692123,finger0,11,finger,15,time,318752,runTime,2133.77
line,35614826,total,0.00853469,total0,0.0798796,false,0.000976925,over,0.00384473,false0,0.0151256,over0,0.0595276,overaggr,0.00626969,overcuckoo,0.002265,over_uai,0.000879666,over_uai,0.00260377,over_utai,0.0105068,over_utai,0.0108628,over_ai,0.00740153,over_ai,0.00926876,countIP,8.75583e+10,countIP0,9.37523e+10,keysum,8.68173e+10,pktSum,3.83031e+11,aggrSum,5.44318e+08,blackkey_num,47097219,feedback,36,feedsumportion,0.692123,finger0,11,finger,15,time,318752,runTime,2134.77
line,35631898,total,0.00853197,total0,0.0798874,false,0.000956443,over,0.00377813,false0,0.0153208,over0,0.0605202,overaggr,0.0062676,overcuckoo,0.00226437,over_uai,0.000886628,over_uai,0.00185746,over_utai,0.0105026,over_utai,0.0108594,over_ai,0.00739871,over_ai,0.00926628,countIP,8.75898e+10,countIP0,9.3787e+10,keysum,8.68488e+10,pktSum,3.83206e+11,aggrSum,5.44334e+08,blackkey_num,48910320,feedback,36,feedsumportion,0.692123,finger0,11,finger,15,time,318752,runTime,2135.77
line,35649032,total,0.00853532,total0,0.0798899,false,0.0010338,over,0.00410159,false0,0.0154065,over0,0.0611253,overaggr,0.00627167,overcuckoo,0.00226365,over_uai,0.0210758,over_uai,0.0665172,over_utai,0.0105065,over_utai,0.0108774,over_ai,0.00740601,over_ai,0.00926369,countIP,8.7622e+10,countIP0,9.38213e+10,keysum,8.68804e+10,pktSum,3.83386e+11,aggrSum,5.44885e+08,blackkey_num,49399817,feedback,34,feedsumportion,0.415676,finger0,11,finger,15,time,308233,runTime,2136.77
line,35665747,total,0.00854657,total0,0.0798997,false,0.00123897,over,0.00491503,false0,0.0156851,over0,0.0622237,overaggr,0.00628366,overcuckoo,0.00226291,over_uai,0.0456583,over_uai,0.0400308,over_utai,0.0105218,over_utai,0.0108907,over_ai,0.00742737,over_ai,0.00926023,countIP,8.76597e+10,countIP0,9.38615e+10,keysum,8.69169e+10,pktSum,3.83567e+11,aggrSum,5.46156e+08,blackkey_num,49940917,feedback,34,feedsumportion,0.415676,finger0,11,finger,15,time,308233,runTime,2137.77
line,35682406,total,0.00855267,total0,0.079895,false,0.00135318,over,0.00537375,false0,0.0157063,over0,0.0623726,overaggr,0.00629057,overcuckoo,0.00226209,over_uai,0.0313798,over_uai,0.041985,over_utai,0.0105303,over_utai,0.0109052,over_ai,0.00744021,over_ai,0.00925647,countIP,8.7696e+10,countIP0,9.38994e+10,keysum,8.69524e+10,pktSum,3.83749e+11,aggrSum,5.4698e+08,blackkey_num,50556505,feedback,34,feedsumportion,0.415676,finger0,11,finger,15,time,308233,runTime,2138.77
line,35699354,total,0.00855913,total0,0.0798769,false,0.00148045,over,0.00584738,false0,0.0156538,over0,0.0618282,overaggr,0.00629801,overcuckoo,0.00226111,over_uai,0.0329915,over_uai,0.0259212,over_utai,0.0105402,over_utai,0.0109127,over_ai,0.00745466,over_ai,0.00925167,countIP,8.77407e+10,countIP0,9.39451e+10,keysum,8.69961e+10,pktSum,3.83935e+11,aggrSum,5.47903e+08,blackkey_num,51205251,feedback,34,feedsumportion,0.415676,finger0,11,finger,15,time,308233,runTime,2139.77
line,35716185,total,0.00856452,total0,0.0798647,false,0.00157073,over,0.0062192,false0,0.0155419,over0,0.061537,overaggr,0.00630416,overcuckoo,0.00226036,over_uai,0.0289199,over_uai,0.00361007,over_utai,0.0105475,over_utai,0.0109092,over_ai,0.00746593,over_ai,0.00924845,countIP,8.7776e+10,countIP0,9.39813e+10,keysum,8.70307e+10,pktSum,3.8412e+11,aggrSum,5.48655e+08,blackkey_num,51723497,feedback,34,feedsumportion,0.415676,finger0,11,finger,15,time,308233,runTime,2140.77
line,35733395,total,0.00856166,total0,0.0798536,false,0.00153881,over,0.00610872,false0,0.0154428,over0,0.0613045,overaggr,0.006302,overcuckoo,0.00225966,over_uai,0.00131003,over_uai,0.00509191,over_utai,0.0105435,over_utai,0.0109068,over_ai,0.00746313,over_ai,0.0092454,countIP,8.78092e+10,countIP0,9.40161e+10,keysum,8.70638e+10,pktSum,3.84301e+11,aggrSum,5.48676e+08,blackkey_num,53100360,feedback,40,feedsumportion,0.968744,finger0,11,finger,15,time,306091,runTime,2141.77
line,35750377,total,0.00855885,total0,0.0798499,false,0.00150947,over,0.0060062,false0,0.0154548,over0,0.0614952,overaggr,0.00629993,overcuckoo,0.00225892,over_uai,0.00148464,over_uai,0.00899251,over_utai,0.0105392,over_utai,0.0109057,over_ai,0.00746017,over_ai,0.00924248,countIP,8.78429e+10,countIP0,9.40522e+10,keysum,8.70975e+10,pktSum,3.84483e+11,aggrSum,5.48708e+08,blackkey_num,54396970,feedback,40,feedsumportion,0.968744,finger0,11,finger,15,time,306091,runTime,2142.77
line,35767402,total,0.00855583,total0,0.0798485,false,0.00148095,over,0.0058977,false0,0.0155219,over0,0.061814,overaggr,0.00629772,overcuckoo,0.00225811,over_uai,0.0010527,over_uai,0.00312046,over_utai,0.010535,over_utai,0.010902,over_ai,0.00745741,over_ai,0.00923911,countIP,8.78774e+10,countIP0,9.40893e+10,keysum,8.71319e+10,pktSum,3.8466e+11,aggrSum,5.48732e+08,blackkey_num,55820885,feedback,40,feedsumportion,0.968744,finger0,11,finger,15,time,306091,runTime,2143.77
line,35784833,total,0.00855273,total0,0.079834,false,0.0014559,over,0.00579275,false0,0.0154439,over0,0.0614483,overaggr,0.00629546,overcuckoo,0.00225727,over_uai,0.00135124,over_uai,0.00399724,over_utai,0.0105306,over_utai,0.0108988,over_ai,0.0074543,over_ai,0.0092356,countIP,8.7914e+10,countIP0,9.41275e+10,keysum,8.71685e+10,pktSum,3.84836e+11,aggrSum,5.48766e+08,blackkey_num,57031676,feedback,40,feedsumportion,0.968744,finger0,11,finger,15,time,306091,runTime,2144.77
line,35801572,total,0.00854974,total0,0.0798209,false,0.00143186,over,0.0056989,false0,0.01537,over0,0.0611736,overaggr,0.00629322,overcuckoo,0.00225652,over_uai,0.00139362,over_uai,0.00423538,over_utai,0.010526,over_utai,0.0108952,over_ai,0.00745133,over_ai,0.00923199,countIP,8.7951e+10,countIP0,9.41662e+10,keysum,8.72054e+10,pktSum,3.85022e+11,aggrSum,5.48803e+08,blackkey_num,58254206,feedback,40,feedsumportion,0.968744,finger0,11,finger,15,time,306091,runTime,2145.77
line,35818141,total,0.00854669,total0,0.0798132,false,0.00140558,over,0.00560273,false0,0.0153444,over0,0.061164,overaggr,0.00629091,overcuckoo,0.00225578,over_uai,0.000951116,over_uai,0.00153807,over_utai,0.0105215,over_utai,0.0108914,over_ai,0.00744817,over_ai,0.00922898,countIP,8.79863e+10,countIP0,9.42036e+10,keysum,8.72407e+10,pktSum,3.85208e+11,aggrSum,5.48823e+08,blackkey_num,59743238,feedback,36,feedsumportion,0.488201,finger0,11,finger,15,time,307038,runTime,2146.77
line,35834834,total,0.0085434,total0,0.0798047,false,0.00138048,over,0.00550205,false0,0.0153404,over0,0.0611405,overaggr,0.00628838,overcuckoo,0.00225501,over_uai,0.00153538,over_uai,0.00238411,over_utai,0.0105173,over_utai,0.0108877,over_ai,0.007445,over_ai,0.00922564,countIP,8.80236e+10,countIP0,9.42432e+10,keysum,8.7278e+10,pktSum,3.85393e+11,aggrSum,5.48837e+08,blackkey_num,61663787,feedback,36,feedsumportion,0.488201,finger0,11,finger,15,time,307038,runTime,2147.77
line,35851765,total,0.00854108,total0,0.0797964,false,0.00136301,over,0.00544591,false0,0.0152874,over0,0.0610806,overaggr,0.00628625,overcuckoo,0.00225482,over_uai,0.00268106,over_uai,0.00422048,over_utai,0.010514,over_utai,0.0108851,over_ai,0.00744276,over_ai,0.00922314,countIP,8.80571e+10,countIP0,9.42785e+10,keysum,8.73114e+10,pktSum,3.85577e+11,aggrSum,5.48862e+08,blackkey_num,63435389,feedback,36,feedsumportion,0.488201,finger0,11,finger,15,time,307038,runTime,2148.77
line,35868858,total,0.00853951,total0,0.0797871,false,0.00136031,over,0.00543301,false0,0.0152767,over0,0.0610145,overaggr,0.00628386,overcuckoo,0.00225565,over_uai,0.00514343,over_uai,0.00377437,over_utai,0.0105112,over_utai,0.0108822,over_ai,0.00744203,over_ai,0.00922053,countIP,8.8094e+10,countIP0,9.43174e+10,keysum,8.73481e+10,pktSum,3.85758e+11,aggrSum,5.48883e+08,blackkey_num,64700601,feedback,36,feedsumportion,0.488201,finger0,11,finger,15,time,307038,runTime,2149.77
line,35885827,total,0.008536,total0,0.0797692,false,0.00134096,over,0.00533776,false0,0.0152222,over0,0.0605927,overaggr,0.00628124,overcuckoo,0.00225477,over_uai,0.000961812,over_uai,0.0014989,over_utai,0.0105061,over_utai,0.0108776,over_ai,0.00743893,over_ai,0.00921649,countIP,8.81352e+10,countIP0,9.43602e+10,keysum,8.73892e+10,pktSum,3.85938e+11,aggrSum,5.48912e+08,blackkey_num,66203739,feedback,36,feedsumportion,0.488201,finger0,11,finger,15,time,307038,runTime,2150.77
line,35902661,total,0.00853288,total0,0.0797523,false,0.00132845,over,0.00526606,false0,0.0151984,over0,0.0602472,overaggr,0.00627906,overcuckoo,0.00225382,over_uai,0.00301334,over_uai,0.00132884,over_utai,0.0105027,over_utai,0.0108723,over_ai,0.0074371,over_ai,0.00921129,countIP,8.81777e+10,countIP0,9.44046e+10,keysum,8.74317e+10,pktSum,3.86118e+11,aggrSum,5.48989e+08,blackkey_num,67439674,feedback,31,feedsumportion,0.781157,finger0,11,finger,15,time,308973,runTime,2151.77
line,35919301,total,0.00852947,total0,0.0797379,false,0.00131026,over,0.00518356,false0,0.0151711,over0,0.0600187,overaggr,0.00627658,overcuckoo,0.00225289,over_uai,0.00177183,over_uai,0.00122256,over_utai,0.0104986,over_utai,0.0108663,over_ai,0.00743491,over_ai,0.00920575,countIP,8.82196e+10,countIP0,9.44485e+10,keysum,8.74735e+10,pktSum,3.8631e+11,aggrSum,5.49035e+08,blackkey_num,68849194,feedback,31,feedsumportion,0.781157,finger0,11,finger,15,time,308973,runTime,2152.77
line,35936160,total,0.00852629,total0,0.0797206,false,0.00129269,over,0.00510879,false0,0.0150912,over0,0.0596414,overaggr,0.00627408,overcuckoo,0.00225221,over_uai,0.00119478,over_uai,0.00177616,over_utai,0.0104941,over_utai,0.0108616,over_ai,0.00743207,over_ai,0.00920204,countIP,8.82582e+10,countIP0,9.44886e+10,keysum,8.75121e+10,pktSum,3.86493e+11,aggrSum,5.49058e+08,blackkey_num,70090492,feedback,31,feedsumportion,0.781157,finger0,11,finger,15,time,308973,runTime,2153.77
line,35953368,total,0.00852336,total0,0.0797061,false,0.00127968,over,0.00504798,false0,0.0150579,over0,0.0593991,overaggr,0.00627181,overcuckoo,0.00225155,over_uai,0.00172827,over_uai,0.00300223,over_utai,0.0104893,over_utai,0.0108585,over_ai,0.00742921,over_ai,0.00919924,countIP,8.82971e+10,countIP0,9.45292e+10,keysum,8.75509e+10,pktSum,3.8667e+11,aggrSum,5.49103e+08,blackkey_num,71556508,feedback,31,feedsumportion,0.781157,finger0,11,finger,15,time,308973,runTime,2154.77
line,35970802,total,0.00852061,total0,0.079692,false,0.00126621,over,0.00499247,false0,0.0150042,over0,0.0591594,overaggr,0.00626982,overcuckoo,0.0022508,over_uai,0.00171121,over_uai,0.00303756,over_utai,0.0104847,over_utai,0.0108551,over_ai,0.00742647,over_ai,0.00919642,countIP,8.83335e+10,countIP0,9.45672e+10,keysum,8.75872e+10,pktSum,3.86846e+11,aggrSum,5.49155e+08,blackkey_num,72953530,feedback,31,feedsumportion,0.781157,finger0,11,finger,15,time,308973,runTime,2155.77
line,35987846,total,0.00852733,total0,0.0796795,false,0.00135192,over,0.00533232,false0,0.0149569,over0,0.0589937,overaggr,0.00627664,overcuckoo,0.00225069,over_uai,0.0328963,over_uai,0.00110487,over_utai,0.0104938,over_utai,0.0108503,over_ai,0.00744027,over_ai,0.00919262,countIP,8.83706e+10,countIP0,9.46052e+10,keysum,8.76234e+10,pktSum,3.87028e+11,aggrSum,5.4998e+08,blackkey_num,73486215,feedback,31,feedsumportion,0.756876,finger0,11,finger,15,time,310512,runTime,2156.77
line,36004757,total,0.008537,total0,0.0796712,false,0.00146119,over,0.00577798,false0,0.0149129,over0,0.0589698,overaggr,0.00628693,overcuckoo,0.00225008,over_uai,0.0421767,over_uai,0.000773476,over_utai,0.0105066,over_utai,0.0108458,over_ai,0.0074588,over_ai,0.00918941,countIP,8.84047e+10,countIP0,9.46401e+10,keysum,8.76564e+10,pktSum,3.87213e+11,aggrSum,5.51089e+08,blackkey_num,74039765,feedback,31,feedsumportion,0.756876,finger0,11,finger,15,time,310512,runTime,2157.77
line,36022123,total,0.0085453,total0,0.0796758,false,0.00155035,over,0.0061518,false0,0.0149816,over0,0.0594471,overaggr,0.00629587,overcuckoo,0.00224943,over_uai,0.0354987,over_uai,0.00242241,over_utai,0.0105171,over_utai,0.0108427,over_ai,0.00747454,over_ai,0.00918685,countIP,8.84362e+10,countIP0,9.46734e+10,keysum,8.76869e+10,pktSum,3.87394e+11,aggrSum,5.52065e+08,blackkey_num,74612593,feedback,31,feedsumportion,0.756876,finger0,11,finger,15,time,310512,runTime,2158.77
line,36039282,total,0.00854932,total0,0.0796773,false,0.0015999,over,0.00635164,false0,0.0150741,over0,0.0598446,overaggr,0.00630047,overcuckoo,0.00224886,over_uai,0.0231138,over_uai,0.00135293,over_utai,0.0105225,over_utai,0.0108379,over_ai,0.00748405,over_ai,0.0091829,countIP,8.84737e+10,countIP0,9.47133e+10,keysum,8.77237e+10,pktSum,3.87581e+11,aggrSum,5.52701e+08,blackkey_num,75175029,feedback,31,feedsumportion,0.756876,finger0,11,finger,15,time,310512,runTime,2159.77
line,36056797,total,0.00855582,total0,0.0796742,false,0.00167411,over,0.0066423,false0,0.0151363,over0,0.0600556,overaggr,0.00630759,overcuckoo,0.00224823,over_uai,0.0317513,over_uai,0.000851133,over_utai,0.0105315,over_utai,0.0108331,over_ai,0.00749775,over_ai,0.00917888,countIP,8.8512e+10,countIP0,9.47534e+10,keysum,8.77611e+10,pktSum,3.87762e+11,aggrSum,5.53561e+08,blackkey_num,75701700,feedback,31,feedsumportion,0.756876,finger0,11,finger,15,time,310512,runTime,2160.77
line,36074084,total,0.00855661,total0,0.0796634,false,0.00169431,over,0.00670708,false0,0.0151563,over0,0.0599977,overaggr,0.00630909,overcuckoo,0.00224752,over_uai,0.000889962,over_uai,0.0141718,over_utai,0.0105269,over_utai,0.0108345,over_ai,0.00749443,over_ai,0.00918529,countIP,8.85539e+10,countIP0,9.47973e+10,keysum,8.78026e+10,pktSum,3.87947e+11,aggrSum,5.53955e+08,blackkey_num,76525842,feedback,39,feedsumportion,0.978036,finger0,11,finger,15,time,307407,runTime,2161.77
line,36090898,total,0.00855715,total0,0.0796515,false,0.00171552,over,0.00676366,false0,0.0152005,over0,0.05993,overaggr,0.00631043,overcuckoo,0.00224672,over_uai,0.000573508,over_uai,0.0138511,over_utai,0.0105222,over_utai,0.0108358,over_ai,0.007491,over_ai,0.00919149,countIP,8.85997e+10,countIP0,9.48452e+10,keysum,8.7848e+10,pktSum,3.88135e+11,aggrSum,5.54359e+08,blackkey_num,77380955,feedback,39,feedsumportion,0.978036,finger0,11,finger,15,time,307407,runTime,2162.77
line,36108185,total,0.00855877,total0,0.0796391,false,0.00174015,over,0.00685334,false0,0.0151835,over0,0.0597977,overaggr,0.0063126,overcuckoo,0.00224617,over_uai,0.00071501,over_uai,0.0182855,over_utai,0.0105174,over_utai,0.0108391,over_ai,0.00748771,over_ai,0.00920042,countIP,8.86395e+10,countIP0,9.48866e+10,keysum,8.78873e+10,pktSum,3.88319e+11,aggrSum,5.54797e+08,blackkey_num,78402377,feedback,39,feedsumportion,0.978036,finger0,11,finger,15,time,307407,runTime,2163.77
line,36125274,total,0.00856222,total0,0.0796256,false,0.00178321,over,0.00700839,false0,0.015176,over0,0.059645,overaggr,0.00631644,overcuckoo,0.00224578,over_uai,0.000575643,over_uai,0.0252949,over_utai,0.0105126,over_utai,0.0108455,over_ai,0.00748431,over_ai,0.00921365,countIP,8.86816e+10,countIP0,9.49302e+10,keysum,8.79288e+10,pktSum,3.88504e+11,aggrSum,5.55397e+08,blackkey_num,79268976,feedback,39,feedsumportion,0.978036,finger0,11,finger,15,time,307407,runTime,2164.77
line,36142474,total,0.00856397,total0,0.0796161,false,0.00180589,over,0.00709535,false0,0.0151733,over0,0.059616,overaggr,0.00631869,overcuckoo,0.00224528,over_uai,0.000855849,over_uai,0.0215984,over_utai,0.0105079,over_utai,0.0108494,over_ai,0.00748062,over_ai,0.00922325,countIP,8.872e+10,countIP0,9.49703e+10,keysum,8.79667e+10,pktSum,3.88688e+11,aggrSum,5.55834e+08,blackkey_num,80142508,feedback,39,feedsumportion,0.978036,finger0,11,finger,15,time,307407,runTime,2165.77
line,36159658,total,0.00856155,total0,0.0796197,false,0.00178838,over,0.00703121,false0,0.0152693,over0,0.0600331,overaggr,0.00631705,overcuckoo,0.0022445,over_uai,0.00176678,over_uai,0.0283714,over_utai,0.0105037,over_utai,0.0108558,over_ai,0.00747717,over_ai,0.00922185,countIP,8.87565e+10,countIP0,9.50098e+10,keysum,8.8003e+10,pktSum,3.88873e+11,aggrSum,5.55919e+08,blackkey_num,82322145,feedback,37,feedsumportion,0.964373,finger0,11,finger,15,time,309023,runTime,2166.77
line,36176977,total,0.00855832,total0,0.0796071,false,0.00176672,over,0.00694189,false0,0.0152435,over0,0.0598953,overaggr,0.00631464,overcuckoo,0.00224368,over_uai,0.000984306,over_uai,0.0526831,over_utai,0.0104987,over_utai,0.0108734,over_ai,0.00747346,over_ai,0.00921897,countIP,8.87954e+10,countIP0,9.50507e+10,keysum,8.80419e+10,pktSum,3.89059e+11,aggrSum,5.55953e+08,blackkey_num,84590821,feedback,37,feedsumportion,0.964373,finger0,11,finger,15,time,309023,runTime,2167.77
line,36194565,total,0.00855503,total0,0.0795918,false,0.00174773,over,0.00685449,false0,0.0152176,over0,0.0596828,overaggr,0.00631223,overcuckoo,0.0022428,over_uai,0.000971474,over_uai,0.0597065,over_utai,0.0104939,over_utai,0.0108975,over_ai,0.00747004,over_ai,0.00921572,countIP,8.88357e+10,countIP0,9.50928e+10,keysum,8.80822e+10,pktSum,3.89239e+11,aggrSum,5.55995e+08,blackkey_num,85936539,feedback,37,feedsumportion,0.964373,finger0,11,finger,15,time,309023,runTime,2168.77
line,36212227,total,0.00855238,total0,0.0795851,false,0.00172968,over,0.0067878,false0,0.0152194,over0,0.0597258,overaggr,0.00631036,overcuckoo,0.00224202,over_uai,0.000731708,over_uai,0.068145,over_utai,0.0104895,over_utai,0.0109204,over_ai,0.00746677,over_ai,0.00921366,countIP,8.88712e+10,countIP0,9.51305e+10,keysum,8.81176e+10,pktSum,3.8942e+11,aggrSum,5.56054e+08,blackkey_num,87281157,feedback,37,feedsumportion,0.964373,finger0,11,finger,15,time,309023,runTime,2169.77
line,36229727,total,0.00855014,total0,0.079584,false,0.00171519,over,0.00673592,false0,0.0152644,over0,0.0599465,overaggr,0.00630875,overcuckoo,0.00224139,over_uai,0.000844454,over_uai,0.0700533,over_utai,0.0104852,over_utai,0.0109457,over_ai,0.00746358,over_ai,0.00921256,countIP,8.89056e+10,countIP0,9.51674e+10,keysum,8.81519e+10,pktSum,3.89596e+11,aggrSum,5.56129e+08,blackkey_num,88629270,feedback,37,feedsumportion,0.964373,finger0,11,finger,15,time,309023,runTime,2170.77
line,36247074,total,0.00854705,total0,0.0795844,false,0.00169503,over,0.00665904,false0,0.0153311,over0,0.0602292,overaggr,0.00630639,overcuckoo,0.00224067,over_uai,0.00068067,over_uai,0.00277617,over_utai,0.0104808,over_utai,0.0109414,over_ai,0.00746048,over_ai,0.00920943,countIP,8.89424e+10,countIP0,9.52071e+10,keysum,8.81887e+10,pktSum,3.89781e+11,aggrSum,5.56152e+08,blackkey_num,89725185,feedback,41,feedsumportion,0.640927,finger0,11,finger,15,time,436909,runTime,2171.77
line,36264170,total,0.00854409,total0,0.0795825,false,0.00167532,over,0.00658698,false0,0.0153663,over0,0.0604167,overaggr,0.0063042,overcuckoo,0.00223989,over_uai,0.000578981,over_uai,0.00204,over_utai,0.0104768,over_utai,0.0109365,over_ai,0.00745781,over_ai,0.009206,countIP,8.89774e+10,countIP0,9.52447e+10,keysum,8.82237e+10,pktSum,3.89962e+11,aggrSum,5.5618e+08,blackkey_num,90834796,feedback,41,feedsumportion,0.640927,finger0,11,finger,15,time,436909,runTime,2172.77
line,36281287,total,0.00854123,total0,0.0795831,false,0.00165597,over,0.00651872,false0,0.0154124,over0,0.0606711,overaggr,0.00630205,overcuckoo,0.00223918,over_uai,0.000970779,over_uai,0.00206003,over_utai,0.0104732,over_utai,0.0109319,over_ai,0.00745527,over_ai,0.0092024,countIP,8.90108e+10,countIP0,9.52807e+10,keysum,8.82569e+10,pktSum,3.90139e+11,aggrSum,5.562e+08,blackkey_num,92390401,feedback,41,feedsumportion,0.640927,finger0,11,finger,15,time,436909,runTime,2173.77
line,36298094,total,0.00853896,total0,0.0795815,false,0.00163969,over,0.00646955,false0,0.0154192,over0,0.0608379,overaggr,0.00630005,overcuckoo,0.0022389,over_uai,0.000713229,over_uai,0.00429511,over_utai,0.0104691,over_utai,0.0109288,over_ai,0.00745261,over_ai,0.00920061,countIP,8.90429e+10,countIP0,9.53152e+10,keysum,8.8289e+10,pktSum,3.90323e+11,aggrSum,5.56225e+08,blackkey_num,93979114,feedback,41,feedsumportion,0.640927,finger0,11,finger,15,time,436909,runTime,2174.77
line,36315097,total,0.00853628,total0,0.0795759,false,0.00162235,over,0.00640975,false0,0.0154096,over0,0.0608816,overaggr,0.00629795,overcuckoo,0.00223834,over_uai,0.000635788,over_uai,0.00350432,over_utai,0.0104649,over_utai,0.0109254,over_ai,0.00744962,over_ai,0.00919837,countIP,8.90759e+10,countIP0,9.53503e+10,keysum,8.8322e+10,pktSum,3.90501e+11,aggrSum,5.56247e+08,blackkey_num,95810421,feedback,41,feedsumportion,0.640927,finger0,11,finger,15,time,436909,runTime,2175.77
line,36331889,total,0.00853311,total0,0.079565,false,0.00160369,over,0.00633776,false0,0.0153792,over0,0.0607782,overaggr,0.00629559,overcuckoo,0.00223752,over_uai,0.000792089,over_uai,0.00133147,over_utai,0.010461,over_utai,0.0109209,over_ai,0.00744677,over_ai,0.00919476,countIP,8.91115e+10,countIP0,9.53877e+10,keysum,8.83576e+10,pktSum,3.9068e+11,aggrSum,5.56263e+08,blackkey_num,97205372,feedback,36,feedsumportion,0.52194,finger0,11,finger,15,time,311268,runTime,2176.77
line,36349069,total,0.00853087,total0,0.0795547,false,0.00159244,over,0.00629545,false0,0.0153512,over0,0.0606888,overaggr,0.00629333,overcuckoo,0.00223755,over_uai,0.000990992,over_uai,0.00423702,over_utai,0.0104567,over_utai,0.010918,over_ai,0.00744378,over_ai,0.00919358,countIP,8.91464e+10,countIP0,9.54243e+10,keysum,8.83923e+10,pktSum,3.90856e+11,aggrSum,5.56282e+08,blackkey_num,98469222,feedback,36,feedsumportion,0.52194,finger0,11,finger,15,time,311268,runTime,2177.77
line,36366158,total,0.00852817,total0,0.079545,false,0.00157713,over,0.00623977,false0,0.0153209,over0,0.0606158,overaggr,0.00629106,overcuckoo,0.00223711,over_uai,0.000661285,over_uai,0.00265247,over_utai,0.0104521,over_utai,0.010915,over_ai,0.00744067,over_ai,0.00919182,countIP,8.91809e+10,countIP0,9.54607e+10,keysum,8.84268e+10,pktSum,3.91035e+11,aggrSum,5.56298e+08,blackkey_num,99904647,feedback,36,feedsumportion,0.52194,finger0,11,finger,15,time,311268,runTime,2178.77
line,36383043,total,0.0085252,total0,0.0795342,false,0.00155914,over,0.00617663,false0,0.0152735,over0,0.060507,overaggr,0.00628886,overcuckoo,0.00223634,over_uai,0.000695597,over_uai,0.00235823,over_utai,0.0104478,over_utai,0.0109118,over_ai,0.00743759,over_ai,0.0091891,countIP,8.92143e+10,countIP0,9.54958e+10,keysum,8.84602e+10,pktSum,3.91216e+11,aggrSum,5.56314e+08,blackkey_num,101048882,feedback,36,feedsumportion,0.52194,finger0,11,finger,15,time,311268,runTime,2179.77
line,36399912,total,0.00852204,total0,0.0795279,false,0.00154232,over,0.00611134,false0,0.0152813,over0,0.0605515,overaggr,0.00628644,overcuckoo,0.0022356,over_uai,0.000886218,over_uai,0.00259829,over_utai,0.0104436,over_utai,0.0109086,over_ai,0.00743437,over_ai,0.00918622,countIP,8.92507e+10,countIP0,9.55345e+10,keysum,8.84965e+10,pktSum,3.91399e+11,aggrSum,5.56328e+08,blackkey_num,102368474,feedback,36,feedsumportion,0.52194,finger0,11,finger,15,time,311268,runTime,2180.77
line,36416760,total,0.00851888,total0,0.0795304,false,0.00152526,over,0.00604666,false0,0.0153482,over0,0.0608457,overaggr,0.00628406,overcuckoo,0.00223482,over_uai,0.00078843,over_uai,0.000921233,over_utai,0.0104398,over_utai,0.0109038,over_ai,0.00743166,over_ai,0.00918251,countIP,8.92859e+10,countIP0,9.55726e+10,keysum,8.85317e+10,pktSum,3.91579e+11,aggrSum,5.56339e+08,blackkey_num,103650710,feedback,32,feedsumportion,0.405061,finger0,11,finger,15,time,312785,runTime,2181.77
line,36433567,total,0.00851593,total0,0.0795265,false,0.00150874,over,0.00598898,false0,0.0153528,over0,0.0609433,overaggr,0.00628189,overcuckoo,0.00223404,over_uai,0.000772078,over_uai,0.00146386,over_utai,0.0104356,over_utai,0.0108994,over_ai,0.00742894,over_ai,0.00917923,countIP,8.93203e+10,countIP0,9.56094e+10,keysum,8.85661e+10,pktSum,3.91766e+11,aggrSum,5.56362e+08,blackkey_num,104922160,feedback,32,feedsumportion,0.405061,finger0,11,finger,15,time,312785,runTime,2182.77
line,36450777,total,0.00851363,total0,0.0795192,false,0.00149842,over,0.00595102,false0,0.0153449,over0,0.0609427,overaggr,0.0062796,overcuckoo,0.00223403,over_uai,0.000787276,over_uai,0.00467389,over_utai,0.0104312,over_utai,0.0108966,over_ai,0.00742588,over_ai,0.00917782,countIP,8.93548e+10,countIP0,9.56459e+10,keysum,8.86005e+10,pktSum,3.91943e+11,aggrSum,5.56376e+08,blackkey_num,106330396,feedback,32,feedsumportion,0.405061,finger0,11,finger,15,time,312785,runTime,2183.77
line,36467613,total,0.00851072,total0,0.079519,false,0.00148491,over,0.00589701,false0,0.0153958,over0,0.0611414,overaggr,0.00627733,overcuckoo,0.0022334,over_uai,0.000853407,over_uai,0.00173593,over_utai,0.0104271,over_utai,0.0108923,over_ai,0.00742302,over_ai,0.00917497,countIP,8.93896e+10,countIP0,9.56834e+10,keysum,8.86353e+10,pktSum,3.92115e+11,aggrSum,5.56392e+08,blackkey_num,107772005,feedback,32,feedsumportion,0.405061,finger0,11,finger,15,time,312785,runTime,2184.77
line,36484354,total,0.008508,total0,0.0795112,false,0.001471,over,0.00584728,false0,0.0153736,over0,0.0611108,overaggr,0.0062752,overcuckoo,0.0022328,over_uai,0.00091931,over_uai,0.00212644,over_utai,0.0104233,over_utai,0.0108886,over_ai,0.00742017,over_ai,0.00917244,countIP,8.94221e+10,countIP0,9.57177e+10,keysum,8.86677e+10,pktSum,3.92288e+11,aggrSum,5.56408e+08,blackkey_num,109268318,feedback,32,feedsumportion,0.405061,finger0,11,finger,15,time,312785,runTime,2185.77
line,36501394,total,0.00850608,total0,0.0795049,false,0.0014649,over,0.00582259,false0,0.0153807,over0,0.0611344,overaggr,0.00627403,overcuckoo,0.00223205,over_uai,0.000734294,over_uai,0.0246919,over_utai,0.0104188,over_utai,0.0108937,over_ai,0.00741706,over_ai,0.00917251,countIP,8.94566e+10,countIP0,9.57543e+10,keysum,8.87021e+10,pktSum,3.92458e+11,aggrSum,5.5652e+08,blackkey_num,110654133,feedback,30,feedsumportion,0.475061,finger0,11,finger,15,time,311642,runTime,2186.77
line,36518288,total,0.00850384,total0,0.0795104,false,0.00145392,over,0.00578683,false0,0.015443,over0,0.0614654,overaggr,0.00627201,overcuckoo,0.00223183,over_uai,0.00108605,over_uai,0.0234551,over_utai,0.010415,over_utai,0.0108986,over_ai,0.00741441,over_ai,0.00917088,countIP,8.94878e+10,countIP0,9.57884e+10,keysum,8.87332e+10,pktSum,3.92631e+11,aggrSum,5.56536e+08,blackkey_num,112032997,feedback,30,feedsumportion,0.475061,finger0,11,finger,15,time,311642,runTime,2187.77
line,36534923,total,0.00851886,total0,0.0795084,false,0.00156411,over,0.00622642,false0,0.015476,over0,0.0616072,overaggr,0.00626963,overcuckoo,0.00224923,over_uai,0.000929724,over_uai,0.0755216,over_utai,0.0104108,over_utai,0.0109302,over_ai,0.00741162,over_ai,0.00921199,countIP,8.9525e+10,countIP0,9.58267e+10,keysum,8.87688e+10,pktSum,3.9281e+11,aggrSum,5.56548e+08,blackkey_num,113415816,feedback,30,feedsumportion,0.475061,finger0,11,finger,15,time,311642,runTime,2188.77
line,36551903,total,0.0085164,total0,0.0794965,false,0.00155548,over,0.00618631,false0,0.0154614,over0,0.0614919,overaggr,0.00626713,overcuckoo,0.00224927,over_uai,0.000967374,over_uai,0.0230448,over_utai,0.0104066,over_utai,0.0109357,over_ai,0.00740862,over_ai,0.00921027,countIP,8.9563e+10,countIP0,9.58665e+10,keysum,8.88067e+10,pktSum,3.92987e+11,aggrSum,5.56563e+08,blackkey_num,114760529,feedback,30,feedsumportion,0.475061,finger0,11,finger,15,time,311642,runTime,2189.77
line,36568861,total,0.00851579,total0,0.0794877,false,0.00155889,over,0.00619637,false0,0.0154628,over0,0.0614625,overaggr,0.0062646,overcuckoo,0.00225119,over_uai,0.000915672,over_uai,0.0341955,over_utai,0.0104025,over_utai,0.0109472,over_ai,0.00740579,over_ai,0.00921289,countIP,8.96009e+10,countIP0,9.59064e+10,keysum,8.88443e+10,pktSum,3.93166e+11,aggrSum,5.56574e+08,blackkey_num,115821671,feedback,30,feedsumportion,0.475061,finger0,11,finger,15,time,311642,runTime,2190.77
line,36585315,total,0.00851822,total0,0.0794765,false,0.00158321,over,0.00628751,false0,0.0154541,over0,0.0613738,overaggr,0.006262,overcuckoo,0.00225622,over_uai,0.000505139,over_uai,0.0193632,over_utai,0.0103981,over_utai,0.0109514,over_ai,0.00740279,over_ai,0.00922328,countIP,8.96404e+10,countIP0,9.59475e+10,keysum,8.88833e+10,pktSum,3.93349e+11,aggrSum,5.56587e+08,blackkey_num,117077346,feedback,30,feedsumportion,0.770687,finger0,11,finger,15,time,311410,runTime,2191.77
line,36602168,total,0.00852901,total0,0.0794664,false,0.00166231,over,0.00659464,false0,0.0154567,over0,0.0613193,overaggr,0.00625941,overcuckoo,0.00226959,over_uai,0.000627174,over_uai,0.0504455,over_utai,0.0103935,over_utai,0.0109693,over_ai,0.00739941,over_ai,0.0092551,countIP,8.96809e+10,countIP0,9.59888e+10,keysum,8.89225e+10,pktSum,3.93529e+11,aggrSum,5.56602e+08,blackkey_num,118378377,feedback,30,feedsumportion,0.770687,finger0,11,finger,15,time,311410,runTime,2192.77
line,36619273,total,0.00852902,total0,0.0794679,false,0.00166565,over,0.00661383,false0,0.0154969,over0,0.0615342,overaggr,0.00625728,overcuckoo,0.00227174,over_uai,0.00199518,over_uai,0.0119118,over_utai,0.0103901,over_utai,0.0109694,over_ai,0.00739682,over_ai,0.00925867,countIP,8.97147e+10,countIP0,9.60252e+10,keysum,8.8956e+10,pktSum,3.93708e+11,aggrSum,5.56622e+08,blackkey_num,119668245,feedback,30,feedsumportion,0.770687,finger0,11,finger,15,time,311410,runTime,2193.77
line,36636304,total,0.00852654,total0,0.07947,false,0.00165123,over,0.00656776,false0,0.0155251,over0,0.0617508,overaggr,0.0062553,overcuckoo,0.00227125,over_uai,0.000975568,over_uai,0.00222041,over_utai,0.010386,over_utai,0.0109655,over_ai,0.00739418,over_ai,0.00925627,countIP,8.97463e+10,countIP0,9.60593e+10,keysum,8.89875e+10,pktSum,3.93888e+11,aggrSum,5.56643e+08,blackkey_num,121003594,feedback,30,feedsumportion,0.770687,finger0,11,finger,15,time,311410,runTime,2194.77
line,36653459,total,0.00852333,total0,0.0794682,false,0.00163722,over,0.00650753,false0,0.0155733,over0,0.0619,overaggr,0.00625282,overcuckoo,0.0022705,over_uai,0.000654901,over_uai,0.00149668,over_utai,0.0103813,over_utai,0.0109604,over_ai,0.00739109,over_ai,0.00925282,countIP,8.97846e+10,countIP0,9.61005e+10,keysum,8.90258e+10,pktSum,3.94069e+11,aggrSum,5.56663e+08,blackkey_num,122499028,feedback,30,feedsumportion,0.770687,finger0,11,finger,15,time,311410,runTime,2195.77
line,36670648,total,0.0085268,total0,0.0794656,false,0.00166272,over,0.00661402,false0,0.015587,over0,0.0620028,overaggr,0.00625649,overcuckoo,0.0022703,over_uai,0.000794655,over_uai,0.0216481,over_utai,0.0103772,over_utai,0.0109654,over_ai,0.00738831,over_ai,0.00926526,countIP,8.98191e+10,countIP0,9.61369e+10,keysum,8.90597e+10,pktSum,3.94248e+11,aggrSum,5.57201e+08,blackkey_num,123316100,feedback,32,feedsumportion,0.456676,finger0,11,finger,15,time,311159,runTime,2196.77
line,36687673,total,0.00853209,total0,0.079459,false,0.00169787,over,0.00676284,false0,0.0155635,over0,0.0619915,overaggr,0.00626187,overcuckoo,0.00227022,over_uai,0.000724705,over_uai,0.0335601,over_utai,0.0103733,over_utai,0.0109737,over_ai,0.00738551,over_ai,0.00928198,countIP,8.98512e+10,countIP0,9.61702e+10,keysum,8.90911e+10,pktSum,3.94424e+11,aggrSum,5.57877e+08,blackkey_num,124400404,feedback,32,feedsumportion,0.456676,finger0,11,finger,15,time,311159,runTime,2197.77
line,36704925,total,0.00853491,total0,0.0794498,false,0.00171907,over,0.00684935,false0,0.0155437,over0,0.061931,overaggr,0.00626484,overcuckoo,0.00227007,over_uai,0.000891944,over_uai,0.0207989,over_utai,0.0103693,over_utai,0.0109772,over_ai,0.00738256,over_ai,0.00929217,countIP,8.98864e+10,countIP0,9.62067e+10,keysum,8.91257e+10,pktSum,3.946e+11,aggrSum,5.58359e+08,blackkey_num,125414585,feedback,32,feedsumportion,0.456676,finger0,11,finger,15,time,311159,runTime,2198.77
line,36721920,total,0.00853708,total0,0.0794455,false,0.00173615,over,0.00691889,false0,0.0155569,over0,0.061997,overaggr,0.00626721,overcuckoo,0.00226987,over_uai,0.00117003,over_uai,0.016585,over_utai,0.0103656,over_utai,0.0109798,over_ai,0.00737976,over_ai,0.00930125,countIP,8.99225e+10,countIP0,9.62448e+10,keysum,8.91613e+10,pktSum,3.94781e+11,aggrSum,5.58793e+08,blackkey_num,126336477,feedback,32,feedsumportion,0.456676,finger0,11,finger,15,time,311159,runTime,2199.77
line,36738787,total,0.00853971,total0,0.0794359,false,0.00175383,over,0.00699732,false0,0.01552,over0,0.0619208,overaggr,0.00627004,overcuckoo,0.00226967,over_uai,0.000622254,over_uai,0.0186139,over_utai,0.0103617,over_utai,0.010983,over_ai,0.00737706,over_ai,0.00931107,countIP,8.99562e+10,countIP0,9.62798e+10,keysum,8.91945e+10,pktSum,3.94963e+11,aggrSum,5.59254e+08,blackkey_num,127224137,feedback,32,feedsumportion,0.456676,finger0,11,finger,15,time,311159,runTime,2200.77
line,36755892,total,0.00853705,total0,0.0794248,false,0.00174168,over,0.00694801,false0,0.0154972,over0,0.0618225,overaggr,0.00626792,overcuckoo,0.00226912,over_uai,0.000668567,over_uai,0.00900402,over_utai,0.0103575,over_utai,0.0109818,over_ai,0.007374,over_ai,0.009309,countIP,8.99917e+10,countIP0,9.63171e+10,keysum,8.923e+10,pktSum,3.95139e+11,aggrSum,5.59287e+08,blackkey_num,128718471,feedback,42,feedsumportion,0.939394,finger0,11,finger,15,time,310942,runTime,2201.77
line,36773248,total,0.00853453,total0,0.0794249,false,0.00172935,over,0.00690179,false0,0.0155296,over0,0.0619783,overaggr,0.00626602,overcuckoo,0.00226851,over_uai,0.00103882,over_uai,0.00428264,over_utai,0.0103537,over_utai,0.0109787,over_ai,0.00737125,over_ai,0.00930674,countIP,9.00245e+10,countIP0,9.63523e+10,keysum,8.92627e+10,pktSum,3.95308e+11,aggrSum,5.59322e+08,blackkey_num,129912235,feedback,42,feedsumportion,0.939394,finger0,11,finger,15,time,310942,runTime,2202.77
line,36789919,total,0.00853218,total0,0.0794252,false,0.00171816,over,0.00686072,false0,0.0155616,over0,0.0621382,overaggr,0.00626402,overcuckoo,0.00226815,over_uai,0.000734468,over_uai,0.00551464,over_utai,0.0103497,over_utai,0.0109757,over_ai,0.00736846,over_ai,0.00930469,countIP,9.00579e+10,countIP0,9.63884e+10,keysum,8.9296e+10,pktSum,3.95482e+11,aggrSum,5.59353e+08,blackkey_num,131222632,feedback,42,feedsumportion,0.939394,finger0,11,finger,15,time,310942,runTime,2203.77
line,36806838,total,0.00852964,total0,0.0794211,false,0.00170648,over,0.00681616,false0,0.0155713,over0,0.0621962,overaggr,0.00626199,overcuckoo,0.00226766,over_uai,0.000915464,over_uai,0.00296918,over_utai,0.0103458,over_utai,0.0109715,over_ai,0.0073658,over_ai,0.00930208,countIP,9.00918e+10,countIP0,9.64245e+10,keysum,8.93298e+10,pktSum,3.95656e+11,aggrSum,5.59382e+08,blackkey_num,132544365,feedback,42,feedsumportion,0.939394,finger0,11,finger,15,time,310942,runTime,2204.77
line,36824238,total,0.00852699,total0,0.0794117,false,0.00169525,over,0.00677022,false0,0.0155585,over0,0.0621351,overaggr,0.00625993,overcuckoo,0.00226706,over_uai,0.000914962,over_uai,0.00399306,over_utai,0.0103417,over_utai,0.0109681,over_ai,0.00736287,over_ai,0.00929975,countIP,9.01271e+10,countIP0,9.64618e+10,keysum,8.93651e+10,pktSum,3.9583e+11,aggrSum,5.59419e+08,blackkey_num,133835124,feedback,42,feedsumportion,0.939394,finger0,11,finger,15,time,310942,runTime,2205.77
line,36841054,total,0.00852406,total0,0.0794069,false,0.00168192,over,0.00671883,false0,0.0155658,over0,0.0621814,overaggr,0.00625759,overcuckoo,0.00226647,over_uai,0.000611167,over_uai,0.00194946,over_utai,0.0103379,over_utai,0.0109636,over_ai,0.00736011,over_ai,0.00929689,countIP,9.01623e+10,countIP0,9.64992e+10,keysum,8.94002e+10,pktSum,3.96009e+11,aggrSum,5.5943e+08,blackkey_num,135350535,feedback,38,feedsumportion,0.614355,finger0,11,finger,15,time,313063,runTime,2206.77
line,36858053,total,0.00852155,total0,0.0794163,false,0.00167033,over,0.00667672,false0,0.0156459,over0,0.0625407,overaggr,0.00625548,overcuckoo,0.00226608,over_uai,0.000964693,over_uai,0.00280249,over_utai,0.0103339,over_utai,0.01096,over_ai,0.00735729,over_ai,0.00929509,countIP,9.01954e+10,countIP0,9.65357e+10,keysum,8.94333e+10,pktSum,3.96184e+11,aggrSum,5.59448e+08,blackkey_num,136761720,feedback,38,feedsumportion,0.614355,finger0,11,finger,15,time,313063,runTime,2207.77
line,36874690,total,0.00851925,total0,0.0794067,false,0.00166151,over,0.00664101,false0,0.0156309,over0,0.0624761,overaggr,0.00625325,overcuckoo,0.00226599,over_uai,0.00233444,over_uai,0.00481458,over_utai,0.0103305,over_utai,0.0109571,over_ai,0.00735505,over_ai,0.00929253,countIP,9.02308e+10,countIP0,9.6573e+10,keysum,8.94686e+10,pktSum,3.9636e+11,aggrSum,5.5947e+08,blackkey_num,138438754,feedback,38,feedsumportion,0.614355,finger0,11,finger,15,time,313063,runTime,2208.77
line,36891433,total,0.00851789,total0,0.0794026,false,0.0016551,over,0.00662496,false0,0.0156174,over0,0.0625129,overaggr,0.00625126,overcuckoo,0.00226663,over_uai,0.00480563,over_uai,0.00175707,over_utai,0.010328,over_utai,0.0109528,over_ai,0.00735428,over_ai,0.00929045,countIP,9.02614e+10,countIP0,9.66055e+10,keysum,8.9499e+10,pktSum,3.96535e+11,aggrSum,5.59482e+08,blackkey_num,139780802,feedback,38,feedsumportion,0.614355,finger0,11,finger,15,time,313063,runTime,2209.77
line,36908260,total,0.00851532,total0,0.0794055,false,0.00164221,over,0.00658215,false0,0.0156453,over0,0.0627082,overaggr,0.00624925,overcuckoo,0.00226606,over_uai,0.00115131,over_uai,0.00129925,over_utai,0.0103239,over_utai,0.0109481,over_ai,0.00735177,over_ai,0.00928799,countIP,9.02926e+10,countIP0,9.66394e+10,keysum,8.95302e+10,pktSum,3.96712e+11,aggrSum,5.59497e+08,blackkey_num,141178646,feedback,38,feedsumportion,0.614355,finger0,11,finger,15,time,313063,runTime,2210.77
line,36925457,total,0.00851275,total0,0.0793977,false,0.00163056,over,0.00654027,false0,0.0156229,over0,0.0626646,overaggr,0.00624721,overcuckoo,0.00226554,over_uai,0.000887411,over_uai,0.00152796,over_utai,0.0103201,over_utai,0.0109441,over_ai,0.00734907,over_ai,0.00928553,countIP,9.0324e+10,countIP0,9.66726e+10,keysum,8.95616e+10,pktSum,3.96881e+11,aggrSum,5.5951e+08,blackkey_num,142384117,feedback,32,feedsumportion,0.775023,finger0,11,finger,15,time,312542,runTime,2211.77
line,36942520,total,0.0085098,total0,0.0793895,false,0.00161945,over,0.00649317,false0,0.0156214,over0,0.0626339,overaggr,0.00624484,overcuckoo,0.00226496,over_uai,0.000910837,over_uai,0.00156008,over_utai,0.0103161,over_utai,0.0109394,over_ai,0.00734629,over_ai,0.00928251,countIP,9.03603e+10,countIP0,9.6711e+10,keysum,8.95979e+10,pktSum,3.97057e+11,aggrSum,5.59525e+08,blackkey_num,143593906,feedback,32,feedsumportion,0.775023,finger0,11,finger,15,time,312542,runTime,2212.77
line,36959486,total,0.00850712,total0,0.0794015,false,0.00160836,over,0.00645132,false0,0.0157146,over0,0.0630331,overaggr,0.00624269,overcuckoo,0.00226443,over_uai,0.000805862,over_uai,0.00222379,over_utai,0.0103121,over_utai,0.0109356,over_ai,0.00734339,over_ai,0.00928029,countIP,9.03942e+10,countIP0,9.67486e+10,keysum,8.96317e+10,pktSum,3.97233e+11,aggrSum,5.59543e+08,blackkey_num,144805130,feedback,32,feedsumportion,0.775023,finger0,11,finger,15,time,312542,runTime,2213.77
line,36976149,total,0.00850438,total0,0.0794059,false,0.00159689,over,0.0064085,false0,0.0157629,over0,0.0632585,overaggr,0.00624062,overcuckoo,0.00226376,over_uai,0.000802288,over_uai,0.00138036,over_utai,0.0103084,over_utai,0.010931,over_ai,0.00734069,over_ai,0.00927744,countIP,9.04273e+10,countIP0,9.67847e+10,keysum,8.96647e+10,pktSum,3.97407e+11,aggrSum,5.59564e+08,blackkey_num,146059479,feedback,32,feedsumportion,0.775023,finger0,11,finger,15,time,312542,runTime,2214.77
line,36993322,total,0.00850143,total0,0.0794233,false,0.00158529,over,0.00636313,false0,0.0158868,over0,0.0637675,overaggr,0.00623837,overcuckoo,0.00226306,over_uai,0.000919094,over_uai,0.00143738,over_utai,0.0103044,over_utai,0.0109262,over_ai,0.00733785,over_ai,0.00927435,countIP,9.04628e+10,countIP0,9.68245e+10,keysum,8.97003e+10,pktSum,3.97588e+11,aggrSum,5.59584e+08,blackkey_num,147499805,feedback,32,feedsumportion,0.775023,finger0,11,finger,15,time,312542,runTime,2215.77
line,37010585,total,0.0085103,total0,0.0794157,false,0.00163776,over,0.0065711,false0,0.0158891,over0,0.063751,overaggr,0.00624794,overcuckoo,0.00226236,over_uai,0.0350276,over_uai,0.00136355,over_utai,0.0103163,over_utai,0.0109213,over_ai,0.00735516,over_ai,0.00927123,countIP,9.05026e+10,countIP0,9.68656e+10,keysum,8.97389e+10,pktSum,3.97775e+11,aggrSum,5.60683e+08,blackkey_num,148056865,feedback,30,feedsumportion,0.452758,finger0,11,finger,15,time,308311,runTime,2216.77
line,37027832,total,0.00851754,total0,0.079417,false,0.00167795,over,0.00673873,false0,0.0159106,over0,0.0638979,overaggr,0.00625565,overcuckoo,0.00226189,over_uai,0.035109,over_uai,0.00230151,over_utai,0.0103256,over_utai,0.0109171,over_ai,0.00736873,over_ai,0.00926919,countIP,9.05364e+10,countIP0,9.69012e+10,keysum,8.97718e+10,pktSum,3.97956e+11,aggrSum,5.61581e+08,blackkey_num,148706220,feedback,30,feedsumportion,0.452758,finger0,11,finger,15,time,308311,runTime,2217.77
line,37044978,total,0.0085246,total0,0.0794224,false,0.00171469,over,0.00689948,false0,0.0159366,over0,0.0641249,overaggr,0.0062627,overcuckoo,0.0022619,over_uai,0.03471,over_uai,0.00203264,over_utai,0.0103348,over_utai,0.0109129,over_ai,0.0073823,over_ai,0.00926678,countIP,9.05683e+10,countIP0,9.69351e+10,keysum,8.98028e+10,pktSum,3.98144e+11,aggrSum,5.62407e+08,blackkey_num,149547347,feedback,30,feedsumportion,0.452758,finger0,11,finger,15,time,308311,runTime,2218.77
line,37061817,total,0.00853202,total0,0.079412,false,0.00175445,over,0.00706676,false0,0.0158967,over0,0.0640304,overaggr,0.00626935,overcuckoo,0.00226266,over_uai,0.0379481,over_uai,0.00147825,over_utai,0.0103451,over_utai,0.0109076,over_ai,0.00739716,over_ai,0.00926323,countIP,9.06039e+10,countIP0,9.69716e+10,keysum,8.98374e+10,pktSum,3.98336e+11,aggrSum,5.63222e+08,blackkey_num,150383862,feedback,30,feedsumportion,0.452758,finger0,11,finger,15,time,308311,runTime,2219.77
line,37078475,total,0.00853953,total0,0.0794013,false,0.00179529,over,0.00723412,false0,0.0158679,over0,0.0639397,overaggr,0.00627491,overcuckoo,0.00226462,over_uai,0.0334543,over_uai,0.00314311,over_utai,0.0103544,over_utai,0.0109029,over_ai,0.00741114,over_ai,0.00926134,countIP,9.0642e+10,countIP0,9.70107e+10,keysum,8.98745e+10,pktSum,3.9853e+11,aggrSum,5.63954e+08,blackkey_num,150905991,feedback,30,feedsumportion,0.452758,finger0,11,finger,15,time,308311,runTime,2220.77
line,37095505,total,0.00853939,total0,0.0793874,false,0.00179542,over,0.00724149,false0,0.0158124,over0,0.0637764,overaggr,0.00627533,overcuckoo,0.00226406,over_uai,0.00155738,over_uai,0.0102611,over_utai,0.0103504,over_utai,0.0109023,over_ai,0.0074087,over_ai,0.00926442,countIP,9.06764e+10,countIP0,9.70463e+10,keysum,8.99087e+10,pktSum,3.98718e+11,aggrSum,5.64207e+08,blackkey_num,152818174,feedback,39,feedsumportion,0.975518,finger0,11,finger,15,time,338873,runTime,2221.77
line,37112743,total,0.00853719,total0,0.079378,false,0.00178486,over,0.00720636,false0,0.015777,over0,0.0636994,overaggr,0.00627363,overcuckoo,0.00226357,over_uai,0.00204676,over_uai,0.00311851,over_utai,0.0103468,over_utai,0.0108986,over_ai,0.00740644,over_ai,0.00926221,countIP,9.0709e+10,countIP0,9.70805e+10,keysum,8.99411e+10,pktSum,3.989e+11,aggrSum,5.64257e+08,blackkey_num,154237426,feedback,39,feedsumportion,0.975518,finger0,11,finger,15,time,338873,runTime,2222.77
line,37129827,total,0.00853567,total0,0.0793693,false,0.00177653,over,0.0071847,false0,0.0157336,over0,0.0636301,overaggr,0.00627223,overcuckoo,0.00226345,over_uai,0.00237275,over_uai,0.00510692,over_utai,0.0103432,over_utai,0.0108961,over_ai,0.0074041,over_ai,0.00926138,countIP,9.07393e+10,countIP0,9.71123e+10,keysum,8.99714e+10,pktSum,3.99082e+11,aggrSum,5.64321e+08,blackkey_num,155611076,feedback,39,feedsumportion,0.975518,finger0,11,finger,15,time,338873,runTime,2223.77
line,37146564,total,0.00853307,total0,0.0793604,false,0.00176475,over,0.00714269,false0,0.0157069,over0,0.0635725,overaggr,0.00627016,overcuckoo,0.00226291,over_uai,0.00137818,over_uai,0.00403162,over_utai,0.010339,over_utai,0.0108932,over_ai,0.00740116,over_ai,0.00925932,countIP,9.07736e+10,countIP0,9.71484e+10,keysum,9.00056e+10,pktSum,3.99269e+11,aggrSum,5.64349e+08,blackkey_num,157221591,feedback,39,feedsumportion,0.975518,finger0,11,finger,15,time,338873,runTime,2224.77
line,37163587,total,0.00853074,total0,0.0793556,false,0.0017539,over,0.00710639,false0,0.0156943,over0,0.0635897,overaggr,0.00626849,overcuckoo,0.00226225,over_uai,0.00114677,over_uai,0.00349296,over_utai,0.0103352,over_utai,0.0108894,over_ai,0.00739844,over_ai,0.00925751,countIP,9.08064e+10,countIP0,9.71833e+10,keysum,9.00383e+10,pktSum,3.99454e+11,aggrSum,5.64404e+08,blackkey_num,158749205,feedback,39,feedsumportion,0.975518,finger0,11,finger,15,time,338873,runTime,2225.77
line,37180649,total,0.0085285,total0,0.0793462,false,0.00174611,over,0.00707366,false0,0.0156828,over0,0.0635324,overaggr,0.00626685,overcuckoo,0.00226165,over_uai,0.00456943,over_uai,0.00211839,over_utai,0.0103326,over_utai,0.0108853,over_ai,0.00739666,over_ai,0.00925463,countIP,9.08433e+10,countIP0,9.72222e+10,keysum,9.00751e+10,pktSum,3.99637e+11,aggrSum,5.64487e+08,blackkey_num,159874179,feedback,36,feedsumportion,0.810732,finger0,11,finger,15,time,309899,runTime,2226.77
line,37197306,total,0.00852633,total0,0.0793332,false,0.00173904,over,0.00704307,false0,0.0156565,over0,0.0634085,overaggr,0.00626543,overcuckoo,0.00226089,over_uai,0.00712261,over_uai,0.00296369,over_utai,0.010331,over_utai,0.0108813,over_ai,0.00739536,over_ai,0.00925122,countIP,9.08814e+10,countIP0,9.7262e+10,keysum,9.01131e+10,pktSum,3.99824e+11,aggrSum,5.64597e+08,blackkey_num,161415871,feedback,36,feedsumportion,0.810732,finger0,11,finger,15,time,309899,runTime,2227.77
line,37214240,total,0.00852336,total0,0.0793179,false,0.00172726,over,0.00699664,false0,0.0156101,over0,0.0632321,overaggr,0.00626321,overcuckoo,0.00226015,over_uai,0.00112464,over_uai,0.00183949,over_utai,0.0103271,over_utai,0.0108768,over_ai,0.00739255,over_ai,0.00924806,countIP,9.09166e+10,countIP0,9.72986e+10,keysum,9.01482e+10,pktSum,4.00005e+11,aggrSum,5.64617e+08,blackkey_num,163307328,feedback,36,feedsumportion,0.810732,finger0,11,finger,15,time,309899,runTime,2228.77
line,37231015,total,0.00852067,total0,0.0793061,false,0.00171664,over,0.0069559,false0,0.0155779,over0,0.0631226,overaggr,0.00626111,overcuckoo,0.00225956,over_uai,0.000952116,over_uai,0.00371926,over_utai,0.0103232,over_utai,0.0108729,over_ai,0.00738977,over_ai,0.00924531,countIP,9.09513e+10,countIP0,9.7335e+10,keysum,9.01829e+10,pktSum,4.00186e+11,aggrSum,5.64645e+08,blackkey_num,165582327,feedback,36,feedsumportion,0.810732,finger0,11,finger,15,time,309899,runTime,2229.77
line,37247499,total,0.00851782,total0,0.0792923,false,0.00170625,over,0.00691331,false0,0.0155447,over0,0.0629833,overaggr,0.0062589,overcuckoo,0.00225891,over_uai,0.00151432,over_uai,0.00264024,over_utai,0.0103193,over_utai,0.0108686,over_ai,0.00738723,over_ai,0.00924204,countIP,9.09876e+10,countIP0,9.73728e+10,keysum,9.02191e+10,pktSum,4.00368e+11,aggrSum,5.64673e+08,blackkey_num,167422821,feedback,36,feedsumportion,0.810732,finger0,11,finger,15,time,309899,runTime,2230.77
line,37264044,total,0.00851491,total0,0.0792749,false,0.00169701,over,0.00687107,false0,0.0155062,over0,0.0627835,overaggr,0.00625674,overcuckoo,0.00225817,over_uai,0.000948904,over_uai,0.00237054,over_utai,0.0103154,over_utai,0.0108642,over_ai,0.00738455,over_ai,0.00923879,countIP,9.10261e+10,countIP0,9.74127e+10,keysum,9.02576e+10,pktSum,4.00548e+11,aggrSum,5.64718e+08,blackkey_num,168645059,feedback,33,feedsumportion,0.77902,finger0,11,finger,15,time,310787,runTime,2231.77
line,37280327,total,0.00851222,total0,0.0792594,false,0.0016868,over,0.00683226,false0,0.0154581,over0,0.0626117,overaggr,0.00625456,overcuckoo,0.00225767,over_uai,0.00079159,over_uai,0.00391968,over_utai,0.0103108,over_utai,0.0108614,over_ai,0.00738142,over_ai,0.00923694,countIP,9.10613e+10,countIP0,9.74492e+10,keysum,9.02927e+10,pktSum,4.00733e+11,aggrSum,5.64741e+08,blackkey_num,169964630,feedback,33,feedsumportion,0.77902,finger0,11,finger,15,time,310787,runTime,2232.77
line,37297030,total,0.00850968,total0,0.0792473,false,0.00167664,over,0.00679572,false0,0.0154189,over0,0.0624957,overaggr,0.00625253,overcuckoo,0.00225715,over_uai,0.00108944,over_uai,0.00480075,over_utai,0.0103065,over_utai,0.0108589,over_ai,0.00737876,over_ai,0.00923458,countIP,9.10934e+10,countIP0,9.74828e+10,keysum,9.03248e+10,pktSum,4.00908e+11,aggrSum,5.64759e+08,blackkey_num,171289488,feedback,33,feedsumportion,0.77902,finger0,11,finger,15,time,310787,runTime,2233.77
line,37313912,total,0.00850726,total0,0.0792377,false,0.00166643,over,0.00676159,false0,0.015385,over0,0.0624249,overaggr,0.00625064,overcuckoo,0.00225662,over_uai,0.00151848,over_uai,0.00305524,over_utai,0.0103029,over_utai,0.010856,over_ai,0.00737628,over_ai,0.0092321,countIP,9.11247e+10,countIP0,9.75156e+10,keysum,9.0356e+10,pktSum,4.01087e+11,aggrSum,5.64783e+08,blackkey_num,172581070,feedback,33,feedsumportion,0.77902,finger0,11,finger,15,time,310787,runTime,2234.77
line,37330680,total,0.00850496,total0,0.0792323,false,0.00165639,over,0.00672976,false0,0.0153655,over0,0.0624283,overaggr,0.00624884,overcuckoo,0.00225612,over_uai,0.00154997,over_uai,0.00295297,over_utai,0.0102994,over_utai,0.0108529,over_ai,0.007374,over_ai,0.00922979,countIP,9.1155e+10,countIP0,9.75477e+10,keysum,9.03862e+10,pktSum,4.01266e+11,aggrSum,5.64809e+08,blackkey_num,174221553,feedback,33,feedsumportion,0.77902,finger0,11,finger,15,time,310787,runTime,2235.77
line,37347574,total,0.00850198,total0,0.0792204,false,0.00164711,over,0.00668821,false0,0.0153516,over0,0.0623363,overaggr,0.00624652,overcuckoo,0.00225546,over_uai,0.000988147,over_uai,0.00185605,over_utai,0.0102955,over_utai,0.0108491,over_ai,0.00737132,over_ai,0.00922659,countIP,9.11921e+10,countIP0,9.75867e+10,keysum,9.04233e+10,pktSum,4.01442e+11,aggrSum,5.64831e+08,blackkey_num,175834268,feedback,33,feedsumportion,0.629472,finger0,11,finger,15,time,310458,runTime,2236.77
line,37364793,total,0.00849929,total0,0.079228,false,0.00163794,over,0.00665146,false0,0.0154132,over0,0.062591,overaggr,0.00624439,overcuckoo,0.0022549,over_uai,0.000819818,over_uai,0.0026788,over_utai,0.0102916,over_utai,0.0108457,over_ai,0.00736864,over_ai,0.00922377,countIP,9.1226e+10,countIP0,9.7624e+10,keysum,9.04572e+10,pktSum,4.01615e+11,aggrSum,5.6485e+08,blackkey_num,177388528,feedback,33,feedsumportion,0.629472,finger0,11,finger,15,time,310458,runTime,2237.77
line,37381660,total,0.00849633,total0,0.0792112,false,0.001629,over,0.00661168,false0,0.0153773,over0,0.0624127,overaggr,0.00624199,overcuckoo,0.00225434,over_uai,0.000964367,over_uai,0.00232518,over_utai,0.0102873,over_utai,0.0108414,over_ai,0.00736565,over_ai,0.00922074,countIP,9.1264e+10,countIP0,9.76634e+10,keysum,9.04952e+10,pktSum,4.01797e+11,aggrSum,5.6487e+08,blackkey_num,178807781,feedback,33,feedsumportion,0.629472,finger0,11,finger,15,time,310458,runTime,2238.77
line,37398127,total,0.00849326,total0,0.0791986,false,0.00162043,over,0.00657112,false0,0.0153672,over0,0.0623166,overaggr,0.00623949,overcuckoo,0.00225377,over_uai,0.00112989,over_uai,0.00188238,over_utai,0.0102832,over_utai,0.0108367,over_ai,0.00736275,over_ai,0.00921742,countIP,9.13035e+10,countIP0,9.77048e+10,keysum,9.05346e+10,pktSum,4.01978e+11,aggrSum,5.6489e+08,blackkey_num,180182123,feedback,33,feedsumportion,0.629472,finger0,11,finger,15,time,310458,runTime,2239.77
line,37414888,total,0.00849065,total0,0.0791838,false,0.00161263,over,0.00653802,false0,0.015335,over0,0.0621719,overaggr,0.00623745,overcuckoo,0.0022532,over_uai,0.00160247,over_uai,0.00206784,over_utai,0.0102796,over_utai,0.0108329,over_ai,0.00736042,over_ai,0.00921439,countIP,9.13394e+10,countIP0,9.77421e+10,keysum,9.05704e+10,pktSum,4.02155e+11,aggrSum,5.64928e+08,blackkey_num,181459982,feedback,33,feedsumportion,0.629472,finger0,11,finger,15,time,310458,runTime,2240.77
line,37431516,total,0.00848769,total0,0.0791674,false,0.00160394,over,0.00649962,false0,0.0153011,over0,0.0620044,overaggr,0.00623506,overcuckoo,0.00225264,over_uai,0.000864578,over_uai,0.0210472,over_utai,0.0102762,over_utai,0.0108375,over_ai,0.00735799,over_ai,0.00921046,countIP,9.13766e+10,countIP0,9.77807e+10,keysum,9.06075e+10,pktSum,4.02332e+11,aggrSum,5.64943e+08,blackkey_num,183098610,feedback,31,feedsumportion,0.559272,finger0,11,finger,15,time,311927,runTime,2241.77
line,37448463,total,0.00848491,total0,0.0791568,false,0.00159518,over,0.00646407,false0,0.015284,over0,0.0619347,overaggr,0.00623281,overcuckoo,0.0022521,over_uai,0.000816789,over_uai,0.0268241,over_utai,0.0102725,over_utai,0.0108436,over_ai,0.00735521,over_ai,0.00920765,countIP,9.14118e+10,countIP0,9.78177e+10,keysum,9.06427e+10,pktSum,4.0251e+11,aggrSum,5.64959e+08,blackkey_num,184348081,feedback,31,feedsumportion,0.559272,finger0,11,finger,15,time,311927,runTime,2242.77
line,37465103,total,0.00848199,total0,0.0791526,false,0.00158656,over,0.00642708,false0,0.0153007,over0,0.0619823,overaggr,0.00623046,overcuckoo,0.00225153,over_uai,0.000951757,over_uai,0.0295512,over_utai,0.0102685,over_utai,0.0108511,over_ai,0.00735225,over_ai,0.00920497,countIP,9.14485e+10,countIP0,9.78568e+10,keysum,9.06793e+10,pktSum,4.02688e+11,aggrSum,5.64974e+08,blackkey_num,185921066,feedback,31,feedsumportion,0.559272,finger0,11,finger,15,time,311927,runTime,2243.77
line,37481918,total,0.00847849,total0,0.0791421,false,0.00157863,over,0.00638319,false0,0.0153192,over0,0.0619432,overaggr,0.00622761,overcuckoo,0.00225088,over_uai,0.000709233,over_uai,0.0219224,over_utai,0.0102635,over_utai,0.0108556,over_ai,0.0073483,over_ai,0.00920248,countIP,9.14918e+10,countIP0,9.79026e+10,keysum,9.07226e+10,pktSum,4.02868e+11,aggrSum,5.64985e+08,blackkey_num,187256814,feedback,31,feedsumportion,0.559272,finger0,11,finger,15,time,311927,runTime,2244.77
line,37498893,total,0.00847529,total0,0.0791297,false,0.00157055,over,0.00634378,false0,0.0153145,over0,0.0618586,overaggr,0.00622506,overcuckoo,0.00225023,over_uai,0.000624397,over_uai,0.0253229,over_utai,0.0102581,over_utai,0.0108607,over_ai,0.00734448,over_ai,0.00920042,countIP,9.15317e+10,countIP0,9.79445e+10,keysum,9.07625e+10,pktSum,4.03046e+11,aggrSum,5.65002e+08,blackkey_num,188807020,feedback,31,feedsumportion,0.559272,finger0,11,finger,15,time,311927,runTime,2245.77
line,37515686,total,0.00847217,total0,0.0791132,false,0.00156117,over,0.00630476,false0,0.0152763,over0,0.0616932,overaggr,0.00622272,overcuckoo,0.00224946,over_uai,0.000666709,over_uai,0.00186285,over_utai,0.0102537,over_utai,0.0108571,over_ai,0.00734125,over_ai,0.00919769,countIP,9.15677e+10,countIP0,9.79818e+10,keysum,9.07985e+10,pktSum,4.03224e+11,aggrSum,5.65013e+08,blackkey_num,190164370,feedback,28,feedsumportion,0.387444,finger0,11,finger,15,time,311651,runTime,2246.77
line,37532343,total,0.00846928,total0,0.0791042,false,0.00155225,over,0.00626949,false0,0.0152644,over0,0.0616521,overaggr,0.00622047,overcuckoo,0.00224882,over_uai,0.000736618,over_uai,0.002299,over_utai,0.0102494,over_utai,0.0108538,over_ai,0.00733816,over_ai,0.0091953,countIP,9.16024e+10,countIP0,9.80184e+10,keysum,9.08331e+10,pktSum,4.03401e+11,aggrSum,5.65024e+08,blackkey_num,191781014,feedback,28,feedsumportion,0.387444,finger0,11,finger,15,time,311651,runTime,2247.77
line,37549045,total,0.00846605,total0,0.0790947,false,0.00154375,over,0.00623095,false0,0.0152669,over0,0.061621,overaggr,0.00621792,overcuckoo,0.00224813,over_uai,0.000628434,over_uai,0.00194245,over_utai,0.0102448,over_utai,0.0108489,over_ai,0.0073351,over_ai,0.00919201,countIP,9.16421e+10,countIP0,9.80603e+10,keysum,9.08728e+10,pktSum,4.03586e+11,aggrSum,5.6504e+08,blackkey_num,193461433,feedback,28,feedsumportion,0.387444,finger0,11,finger,15,time,311651,runTime,2248.77
line,37565554,total,0.00846331,total0,0.0791006,false,0.00153517,over,0.00619849,false0,0.015313,over0,0.0618285,overaggr,0.00621579,overcuckoo,0.00224751,over_uai,0.000516567,over_uai,0.00246882,over_utai,0.0102406,over_utai,0.0108455,over_ai,0.00733241,over_ai,0.0091893,countIP,9.16756e+10,countIP0,9.80969e+10,keysum,9.09062e+10,pktSum,4.03762e+11,aggrSum,5.65054e+08,blackkey_num,195426736,feedback,28,feedsumportion,0.387444,finger0,11,finger,15,time,311651,runTime,2249.77
line,37582042,total,0.00846087,total0,0.0791152,false,0.00152715,over,0.00617088,false0,0.0153869,over0,0.0621751,overaggr,0.00621374,overcuckoo,0.00224712,over_uai,0.00066223,over_uai,0.00322182,over_utai,0.0102365,over_utai,0.0108424,over_ai,0.00732976,over_ai,0.00918727,countIP,9.17074e+10,countIP0,9.81325e+10,keysum,9.0938e+10,pktSum,4.03939e+11,aggrSum,5.65065e+08,blackkey_num,197178965,feedback,28,feedsumportion,0.387444,finger0,11,finger,15,time,311651,runTime,2250.77
line,37599108,total,0.00846297,total0,0.079118,false,0.00153912,over,0.00622033,false0,0.0154221,over0,0.0623282,overaggr,0.00621587,overcuckoo,0.0022471,over_uai,0.000671664,over_uai,0.0203422,over_utai,0.0102328,over_utai,0.0108459,over_ai,0.0073271,over_ai,0.00919607,countIP,9.17423e+10,countIP0,9.817e+10,keysum,9.09724e+10,pktSum,4.04117e+11,aggrSum,5.65473e+08,blackkey_num,198473411,feedback,29,feedsumportion,0.389929,finger0,11,finger,15,time,309957,runTime,2251.77
line,37615986,total,0.008465,total0,0.0791087,false,0.00155039,over,0.00626783,false0,0.0154044,over0,0.0622764,overaggr,0.00621807,overcuckoo,0.00224694,over_uai,0.000720542,over_uai,0.0210134,over_utai,0.0102285,over_utai,0.0108497,over_ai,0.00732394,over_ai,0.00920594,countIP,9.17765e+10,countIP0,9.82055e+10,keysum,9.10061e+10,pktSum,4.04294e+11,aggrSum,5.65882e+08,blackkey_num,199307076,feedback,29,feedsumportion,0.389929,finger0,11,finger,15,time,309957,runTime,2252.77
line,37632929,total,0.00846711,total0,0.0790989,false,0.00156057,over,0.00631518,false0,0.0153735,over0,0.0622126,overaggr,0.00622012,overcuckoo,0.00224699,over_uai,0.00063635,over_uai,0.0193522,over_utai,0.0102246,over_utai,0.0108528,over_ai,0.00732115,over_ai,0.00921506,countIP,9.18087e+10,countIP0,9.82388e+10,keysum,9.10379e+10,pktSum,4.04476e+11,aggrSum,5.66267e+08,blackkey_num,200439578,feedback,29,feedsumportion,0.389929,finger0,11,finger,15,time,309957,runTime,2253.77
line,37649473,total,0.00846952,total0,0.0790928,false,0.00156952,over,0.00636504,false0,0.0153359,over0,0.0621932,overaggr,0.00622253,overcuckoo,0.00224699,over_uai,0.000701034,over_uai,0.020439,over_utai,0.0102211,over_utai,0.0108562,over_ai,0.00731889,over_ai,0.00922405,countIP,9.18357e+10,countIP0,9.8267e+10,keysum,9.10645e+10,pktSum,4.04658e+11,aggrSum,5.66651e+08,blackkey_num,201389606,feedback,29,feedsumportion,0.389929,finger0,11,finger,15,time,309957,runTime,2254.77
line,37666640,total,0.00847165,total0,0.0790901,false,0.00158,over,0.00641195,false0,0.0153387,over0,0.0622472,overaggr,0.00622477,overcuckoo,0.00224688,over_uai,0.000769376,over_uai,0.0208164,over_utai,0.0102171,over_utai,0.0108596,over_ai,0.00731589,over_ai,0.00923343,countIP,9.18684e+10,countIP0,9.83015e+10,keysum,9.10967e+10,pktSum,4.04837e+11,aggrSum,5.67056e+08,blackkey_num,202344787,feedback,29,feedsumportion,0.389929,finger0,11,finger,15,time,309957,runTime,2255.77
line,37683631,total,0.00846893,total0,0.0791029,false,0.00157173,over,0.00638054,false0,0.0154102,over0,0.0625583,overaggr,0.0062226,overcuckoo,0.00224633,over_uai,0.000734705,over_uai,0.00178251,over_utai,0.010213,over_utai,0.0108554,over_ai,0.00731289,over_ai,0.00923122,countIP,9.19031e+10,countIP0,9.834e+10,keysum,9.11313e+10,pktSum,4.05019e+11,aggrSum,5.67073e+08,blackkey_num,204015923,feedback,40,feedsumportion,0.95716,finger0,11,finger,15,time,312507,runTime,2256.77
line,37700332,total,0.00846656,total0,0.0790974,false,0.00156393,over,0.00635412,false0,0.0153984,over0,0.0625624,overaggr,0.00622075,overcuckoo,0.00224581,over_uai,0.000933991,over_uai,0.00210862,over_utai,0.0102093,over_utai,0.010851,over_ai,0.00731019,over_ai,0.00922953,countIP,9.19352e+10,countIP0,9.83741e+10,keysum,9.11633e+10,pktSum,4.052e+11,aggrSum,5.67104e+08,blackkey_num,205718512,feedback,40,feedsumportion,0.95716,finger0,11,finger,15,time,312507,runTime,2257.77
line,37716761,total,0.00846413,total0,0.0791046,false,0.00155566,over,0.0063267,false0,0.0154344,over0,0.0627699,overaggr,0.0062189,overcuckoo,0.00224523,over_uai,0.00104225,over_uai,0.00219408,over_utai,0.0102057,over_utai,0.0108475,over_ai,0.00730762,over_ai,0.00922726,countIP,9.19664e+10,countIP0,9.84084e+10,keysum,9.11945e+10,pktSum,4.05381e+11,aggrSum,5.6713e+08,blackkey_num,207033318,feedback,40,feedsumportion,0.95716,finger0,11,finger,15,time,312507,runTime,2258.77
line,37733500,total,0.00846158,total0,0.0791344,false,0.00154779,over,0.006298,false0,0.0155657,over0,0.0633372,overaggr,0.00621689,overcuckoo,0.00224469,over_uai,0.000898695,over_uai,0.00219045,over_utai,0.0102021,over_utai,0.0108437,over_ai,0.00730497,over_ai,0.00922486,countIP,9.19985e+10,countIP0,9.84458e+10,keysum,9.12266e+10,pktSum,4.05556e+11,aggrSum,5.67146e+08,blackkey_num,208316666,feedback,40,feedsumportion,0.95716,finger0,11,finger,15,time,312507,runTime,2259.77
line,37750143,total,0.00845898,total0,0.0791378,false,0.00154072,over,0.00626965,false0,0.0156011,over0,0.0634853,overaggr,0.0062149,overcuckoo,0.00224408,over_uai,0.000855957,over_uai,0.00205979,over_utai,0.0101985,over_utai,0.0108395,over_ai,0.00730233,over_ai,0.00922219,countIP,9.2033e+10,countIP0,9.84832e+10,keysum,9.1261e+10,pktSum,4.05731e+11,aggrSum,5.67178e+08,blackkey_num,209638167,feedback,40,feedsumportion,0.95716,finger0,11,finger,15,time,312507,runTime,2260.77
line,37766702,total,0.00845588,total0,0.0791523,false,0.00153245,over,0.00623469,false0,0.0156856,over0,0.0638158,overaggr,0.00621257,overcuckoo,0.00224331,over_uai,0.000726625,over_uai,0.0124829,over_utai,0.0101945,over_utai,0.0108399,over_ai,0.00729927,over_ai,0.00921897,countIP,9.207e+10,countIP0,9.85245e+10,keysum,9.1298e+10,pktSum,4.05914e+11,aggrSum,5.67196e+08,blackkey_num,211024331,feedback,35,feedsumportion,0.578433,finger0,11,finger,15,time,313805,runTime,2261.77
line,37783419,total,0.00845315,total0,0.0792057,false,0.00152385,over,0.00620421,false0,0.0159009,over0,0.0647391,overaggr,0.00621053,overcuckoo,0.00224262,over_uai,0.000956415,over_uai,0.0109634,over_utai,0.010191,over_utai,0.0108396,over_ai,0.0072967,over_ai,0.00921588,countIP,9.21026e+10,countIP0,9.85644e+10,keysum,9.13305e+10,pktSum,4.06096e+11,aggrSum,5.67211e+08,blackkey_num,212861602,feedback,35,feedsumportion,0.578433,finger0,11,finger,15,time,313805,runTime,2262.77
line,37799865,total,0.00845063,total0,0.0792107,false,0.00151637,over,0.00617735,false0,0.0159305,over0,0.0648972,overaggr,0.0062086,overcuckoo,0.00224203,over_uai,0.000838179,over_uai,0.021041,over_utai,0.0101875,over_utai,0.0108433,over_ai,0.00729408,over_ai,0.0092134,countIP,9.21349e+10,countIP0,9.85998e+10,keysum,9.13629e+10,pktSum,4.06274e+11,aggrSum,5.67236e+08,blackkey_num,214860961,feedback,35,feedsumportion,0.578433,finger0,11,finger,15,time,313805,runTime,2263.77
line,37816312,total,0.00844832,total0,0.0792053,false,0.00150899,over,0.00615342,false0,0.0159125,over0,0.0648887,overaggr,0.00620674,overcuckoo,0.00224159,over_uai,0.000808051,over_uai,0.0458761,over_utai,0.0101842,over_utai,0.010858,over_ai,0.00729182,over_ai,0.00921108,countIP,9.21659e+10,countIP0,9.86326e+10,keysum,9.13938e+10,pktSum,4.06455e+11,aggrSum,5.67257e+08,blackkey_num,216882414,feedback,35,feedsumportion,0.578433,finger0,11,finger,15,time,313805,runTime,2264.77
line,37833146,total,0.00844612,total0,0.0792038,false,0.00150213,over,0.00613104,false0,0.0159106,over0,0.0649398,overaggr,0.00620511,overcuckoo,0.00224101,over_uai,0.000914563,over_uai,0.0530051,over_utai,0.0101806,over_utai,0.0108728,over_ai,0.00728915,over_ai,0.00920974,countIP,9.21963e+10,countIP0,9.86652e+10,keysum,9.14241e+10,pktSum,4.06631e+11,aggrSum,5.67297e+08,blackkey_num,219681972,feedback,35,feedsumportion,0.578433,finger0,11,finger,15,time,313805,runTime,2265.77
line,37849777,total,0.00844351,total0,0.0792077,false,0.00149453,over,0.00610359,false0,0.015935,over0,0.0650779,overaggr,0.00620313,overcuckoo,0.00224037,over_uai,0.000715855,over_uai,0.00280692,over_utai,0.0101765,over_utai,0.0108694,over_ai,0.0072863,over_ai,0.00920758,countIP,9.22289e+10,countIP0,9.87008e+10,keysum,9.14567e+10,pktSum,4.06811e+11,aggrSum,5.67318e+08,blackkey_num,221682134,feedback,31,feedsumportion,0.56574,finger0,11,finger,15,time,312325,runTime,2266.77
line,37866404,total,0.00844054,total0,0.0792067,false,0.00148727,over,0.00607261,false0,0.0159561,over0,0.0651496,overaggr,0.00620084,overcuckoo,0.00223971,over_uai,0.000566726,over_uai,0.00223001,over_utai,0.0101723,over_utai,0.0108658,over_ai,0.00728327,over_ai,0.00920493,countIP,9.22659e+10,countIP0,9.87405e+10,keysum,9.14936e+10,pktSum,4.06993e+11,aggrSum,5.67337e+08,blackkey_num,223256651,feedback,31,feedsumportion,0.56574,finger0,11,finger,15,time,312325,runTime,2267.77
line,37883113,total,0.00843793,total0,0.0792078,false,0.00148074,over,0.00604655,false0,0.0159785,over0,0.0652475,overaggr,0.00619888,overcuckoo,0.00223905,over_uai,0.000973812,over_uai,0.00263099,over_utai,0.0101689,over_utai,0.0108616,over_ai,0.00728077,over_ai,0.00920209,countIP,9.23006e+10,countIP0,9.8778e+10,keysum,9.15283e+10,pktSum,4.07172e+11,aggrSum,5.67373e+08,blackkey_num,224675712,feedback,31,feedsumportion,0.56574,finger0,11,finger,15,time,312325,runTime,2268.77
line,37899591,total,0.00843488,total0,0.0791958,false,0.00147404,over,0.00601539,false0,0.0159656,over0,0.0651539,overaggr,0.00619656,overcuckoo,0.00223832,over_uai,0.000867264,over_uai,0.00209561,over_utai,0.010165,over_utai,0.0108571,over_ai,0.00727797,over_ai,0.00919866,countIP,9.23386e+10,countIP0,9.88179e+10,keysum,9.15663e+10,pktSum,4.07349e+11,aggrSum,5.67395e+08,blackkey_num,225975500,feedback,31,feedsumportion,0.56574,finger0,11,finger,15,time,312325,runTime,2269.77
line,37916301,total,0.00843175,total0,0.0791863,false,0.00146708,over,0.00598323,false0,0.0159619,over0,0.0650979,overaggr,0.00619419,overcuckoo,0.00223756,over_uai,0.000581585,over_uai,0.00173636,over_utai,0.0101611,over_utai,0.0108521,over_ai,0.00727526,over_ai,0.00919472,countIP,9.23763e+10,countIP0,9.88577e+10,keysum,9.16039e+10,pktSum,4.07525e+11,aggrSum,5.67412e+08,blackkey_num,227301204,feedback,31,feedsumportion,0.56574,finger0,11,finger,15,time,312325,runTime,2270.77
line,37932736,total,0.0084296,total0,0.0791862,false,0.00146234,over,0.00596478,false0,0.0159784,over0,0.065175,overaggr,0.0061926,overcuckoo,0.002237,over_uai,0.00113173,over_uai,0.00362497,over_utai,0.0101575,over_utai,0.0108482,over_ai,0.00727307,over_ai,0.00919235,countIP,9.24107e+10,countIP0,9.88947e+10,keysum,9.16383e+10,pktSum,4.07703e+11,aggrSum,5.67479e+08,blackkey_num,228578385,feedback,32,feedsumportion,0.573716,finger0,11,finger,15,time,309797,runTime,2271.77
line,37949065,total,0.00842808,total0,0.0791781,false,0.00145934,over,0.00595592,false0,0.015959,over0,0.0651326,overaggr,0.00619123,overcuckoo,0.00223686,over_uai,0.00150099,over_uai,0.00421285,over_utai,0.0101537,over_utai,0.0108441,over_ai,0.00727082,over_ai,0.00919169,countIP,9.24451e+10,countIP0,9.89309e+10,keysum,9.16725e+10,pktSum,4.07891e+11,aggrSum,5.67565e+08,blackkey_num,229672404,feedback,32,feedsumportion,0.573716,finger0,11,finger,15,time,309797,runTime,2272.77
line,37965670,total,0.00842651,total0,0.0791755,false,0.00145624,over,0.00594563,false0,0.0159614,over0,0.0651681,overaggr,0.00618988,overcuckoo,0.00223663,over_uai,0.000643121,over_uai,0.00580957,over_utai,0.0101498,over_utai,0.0108417,over_ai,0.00726809,over_ai,0.00919156,countIP,9.24778e+10,countIP0,9.89659e+10,keysum,9.17051e+10,pktSum,4.08067e+11,aggrSum,5.67644e+08,blackkey_num,231124835,feedback,32,feedsumportion,0.573716,finger0,11,finger,15,time,309797,runTime,2273.77
line,37982697,total,0.00842885,total0,0.0791749,false,0.00146754,over,0.00599333,false0,0.0159732,over0,0.0652335,overaggr,0.00619276,overcuckoo,0.00223609,over_uai,0.000978463,over_uai,0.0204133,over_utai,0.0101462,over_utai,0.0108452,over_ai,0.00726552,over_ai,0.00920074,countIP,9.25114e+10,countIP0,9.90015e+10,keysum,9.17381e+10,pktSum,4.08241e+11,aggrSum,5.68112e+08,blackkey_num,232317145,feedback,32,feedsumportion,0.573716,finger0,11,finger,15,time,309797,runTime,2274.77
line,37999880,total,0.00843021,total0,0.0791791,false,0.00147503,over,0.00602594,false0,0.0160005,over0,0.0653668,overaggr,0.00619447,overcuckoo,0.00223574,over_uai,0.00070668,over_uai,0.0186784,over_utai,0.0101426,over_utai,0.0108478,over_ai,0.00726302,over_ai,0.00920726,countIP,9.25444e+10,countIP0,9.9037e+10,keysum,9.17707e+10,pktSum,4.08416e+11,aggrSum,5.68471e+08,blackkey_num,233785657,feedback,32,feedsumportion,0.573716,finger0,11,finger,15,time,309797,runTime,2275.77
line,38016844,total,0.00842785,total0,0.0791729,false,0.00146954,over,0.0060046,false0,0.0159941,over0,0.0653526,overaggr,0.00619269,overcuckoo,0.00223516,over_uai,0.0016622,over_uai,0.00163395,over_utai,0.010139,over_utai,0.0108432,over_ai,0.0072607,over_ai,0.00920436,countIP,9.25787e+10,countIP0,9.90734e+10,keysum,9.18049e+10,pktSum,4.08594e+11,aggrSum,5.6852e+08,blackkey_num,235595638,feedback,40,feedsumportion,0.915888,finger0,11,finger,15,time,308514,runTime,2276.77
line,38033743,total,0.00842501,total0,0.0791602,false,0.00146386,over,0.00597777,false0,0.0159786,over0,0.0652499,overaggr,0.00619056,overcuckoo,0.00223444,over_uai,0.0012787,over_uai,0.00247998,over_utai,0.0101355,over_utai,0.0108383,over_ai,0.00725828,over_ai,0.00920097,countIP,9.26165e+10,countIP0,9.9113e+10,keysum,9.18427e+10,pktSum,4.08771e+11,aggrSum,5.68558e+08,blackkey_num,236834151,feedback,40,feedsumportion,0.915888,finger0,11,finger,15,time,308514,runTime,2277.77
line,38050658,total,0.00842228,total0,0.0791503,false,0.00145867,over,0.00595317,false0,0.0159733,over0,0.0651906,overaggr,0.00618845,overcuckoo,0.00223384,over_uai,0.00128655,over_uai,0.00180445,over_utai,0.0101316,over_utai,0.0108332,over_ai,0.00725578,over_ai,0.00919814,countIP,9.26548e+10,countIP0,9.91533e+10,keysum,9.18809e+10,pktSum,4.0895e+11,aggrSum,5.686e+08,blackkey_num,238401297,feedback,40,feedsumportion,0.915888,finger0,11,finger,15,time,308514,runTime,2278.77
line,38067416,total,0.00842178,total0,0.0791351,false,0.00146067,over,0.00596035,false0,0.0159424,over0,0.0650539,overaggr,0.00618843,overcuckoo,0.00223335,over_uai,0.00121576,over_uai,0.00794689,over_utai,0.0101276,over_utai,0.0108314,over_ai,0.00725302,over_ai,0.00920082,countIP,9.26926e+10,countIP0,9.91925e+10,keysum,9.19185e+10,pktSum,4.09137e+11,aggrSum,5.68831e+08,blackkey_num,240451756,feedback,40,feedsumportion,0.915888,finger0,11,finger,15,time,308514,runTime,2279.77
line,38084251,total,0.00841935,total0,0.0791246,false,0.00145548,over,0.00593945,false0,0.0159245,over0,0.0649836,overaggr,0.00618652,overcuckoo,0.00223282,over_uai,0.00117799,over_uai,0.0020517,over_utai,0.0101238,over_utai,0.010826,over_ai,0.00725039,over_ai,0.0091983,countIP,9.27287e+10,countIP0,9.92304e+10,keysum,9.19545e+10,pktSum,4.09321e+11,aggrSum,5.68879e+08,blackkey_num,241757825,feedback,40,feedsumportion,0.915888,finger0,11,finger,15,time,308514,runTime,2280.77
line,38100721,total,0.00841694,total0,0.0791253,false,0.00144962,over,0.00591785,false0,0.015938,over0,0.0650645,overaggr,0.00618452,overcuckoo,0.00223242,over_uai,0.00173778,over_uai,0.00179711,over_utai,0.0101208,over_utai,0.0108211,over_ai,0.00724799,over_ai,0.00919589,countIP,9.27616e+10,countIP0,9.92659e+10,keysum,9.19874e+10,pktSum,4.09498e+11,aggrSum,5.68897e+08,blackkey_num,242868274,feedback,41,feedsumportion,0.793974,finger0,11,finger,15,time,311559,runTime,2281.77
line,38117534,total,0.00841368,total0,0.0791157,false,0.00144387,over,0.00588763,false0,0.0159452,over0,0.0650193,overaggr,0.00618191,overcuckoo,0.00223177,over_uai,0.00172642,over_uai,0.00207854,over_utai,0.0101173,over_utai,0.010816,over_ai,0.00724524,over_ai,0.00919189,countIP,9.28032e+10,countIP0,9.93098e+10,keysum,9.20289e+10,pktSum,4.09679e+11,aggrSum,5.68914e+08,blackkey_num,244341804,feedback,41,feedsumportion,0.793974,finger0,11,finger,15,time,311559,runTime,2282.77
line,38134550,total,0.0084107,total0,0.0791162,false,0.00143788,over,0.00586036,false0,0.0159746,over0,0.0651074,overaggr,0.00617953,overcuckoo,0.00223117,over_uai,0.00400861,over_uai,0.00202844,over_utai,0.0101147,over_utai,0.010812,over_ai,0.00724235,over_ai,0.00918914,countIP,9.28411e+10,countIP0,9.93507e+10,keysum,9.20668e+10,pktSum,4.09858e+11,aggrSum,5.68929e+08,blackkey_num,245870845,feedback,41,feedsumportion,0.793974,finger0,11,finger,15,time,311559,runTime,2283.77
line,38151211,total,0.00840775,total0,0.0791166,false,0.00143163,over,0.00583324,false0,0.0159994,over0,0.06519,overaggr,0.00617729,overcuckoo,0.00223047,over_uai,0.00844627,over_uai,0.00122264,over_utai,0.010114,over_utai,0.0108067,over_ai,0.00723958,over_ai,0.00918593,countIP,9.28775e+10,countIP0,9.939e+10,keysum,9.21031e+10,pktSum,4.10035e+11,aggrSum,5.68947e+08,blackkey_num,247128201,feedback,41,feedsumportion,0.793974,finger0,11,finger,15,time,311559,runTime,2284.77
line,38168244,total,0.00840437,total0,0.0791168,false,0.00142534,over,0.00580179,false0,0.0160368,over0,0.0652774,overaggr,0.00617473,overcuckoo,0.00222964,over_uai,0.00614488,over_uai,0.00143696,over_utai,0.010112,over_utai,0.0108018,over_ai,0.00723643,over_ai,0.00918237,countIP,9.29176e+10,countIP0,9.94332e+10,keysum,9.21431e+10,pktSum,4.10211e+11,aggrSum,5.68959e+08,blackkey_num,248426612,feedback,41,feedsumportion,0.793974,finger0,11,finger,15,time,311559,runTime,2285.77
line,38184959,total,0.00840166,total0,0.0791235,false,0.00142005,over,0.00577847,false0,0.0160831,over0,0.0654457,overaggr,0.0061727,overcuckoo,0.00222896,over_uai,0.00315163,over_uai,0.00975346,over_utai,0.0101092,over_utai,0.010801,over_ai,0.00723439,over_ai,0.00917863,countIP,9.29539e+10,countIP0,9.9473e+10,keysum,9.21794e+10,pktSum,4.10387e+11,aggrSum,5.68996e+08,blackkey_num,249983236,feedback,33,feedsumportion,0.467953,finger0,11,finger,15,time,312815,runTime,2286.77
line,38201598,total,0.00839867,total0,0.0791449,false,0.00141449,over,0.00575282,false0,0.0161838,over0,0.0658209,overaggr,0.00617039,overcuckoo,0.00222829,over_uai,0.00296258,over_uai,0.00751367,over_utai,0.0101062,over_utai,0.0107987,over_ai,0.00723194,over_ai,0.00917474,countIP,9.29934e+10,countIP0,9.95175e+10,keysum,9.22189e+10,pktSum,4.10572e+11,aggrSum,5.69026e+08,blackkey_num,251257706,feedback,33,feedsumportion,0.467953,finger0,11,finger,15,time,312815,runTime,2287.77
line,38218401,total,0.00839514,total0,0.0791733,false,0.00140798,over,0.00572091,false0,0.0163149,over0,0.0662909,overaggr,0.00616775,overcuckoo,0.0022274,over_uai,0.00308901,over_uai,0.00755809,over_utai,0.0101028,over_utai,0.0107966,over_ai,0.00722918,over_ai,0.00917007,countIP,9.30352e+10,countIP0,9.95652e+10,keysum,9.22606e+10,pktSum,4.10758e+11,aggrSum,5.6904e+08,blackkey_num,252478448,feedback,33,feedsumportion,0.467953,finger0,11,finger,15,time,312815,runTime,2288.77
line,38234568,total,0.0083916,total0,0.0791805,false,0.00140151,over,0.00568927,false0,0.0163741,over0,0.0664686,overaggr,0.0061651,overcuckoo,0.0022265,over_uai,0.00208491,over_uai,0.00903591,over_utai,0.0100993,over_utai,0.0107953,over_ai,0.00722631,over_ai,0.00916559,countIP,9.30771e+10,countIP0,9.96111e+10,keysum,9.23025e+10,pktSum,4.10944e+11,aggrSum,5.69054e+08,blackkey_num,253636281,feedback,33,feedsumportion,0.467953,finger0,11,finger,15,time,312815,runTime,2289.77
line,38250503,total,0.00838851,total0,0.0791956,false,0.00139529,over,0.00566255,false0,0.0164463,over0,0.0667449,overaggr,0.00616269,overcuckoo,0.00222581,over_uai,0.00195099,over_uai,0.00907618,over_utai,0.0100956,over_utai,0.0107941,over_ai,0.00722351,over_ai,0.00916206,countIP,9.31155e+10,countIP0,9.96539e+10,keysum,9.23409e+10,pktSum,4.11131e+11,aggrSum,5.69069e+08,blackkey_num,255279552,feedback,33,feedsumportion,0.467953,finger0,11,finger,15,time,312815,runTime,2290.77
line,38266791,total,0.00838517,total0,0.0792311,false,0.00138999,over,0.00563448,false0,0.0166023,over0,0.0672991,overaggr,0.00616005,overcuckoo,0.00222511,over_uai,0.000535317,over_uai,0.00244093,over_utai,0.0100908,over_utai,0.0107896,over_ai,0.00722032,over_ai,0.0091586,countIP,9.3158e+10,countIP0,9.9703e+10,keysum,9.23833e+10,pktSum,4.11313e+11,aggrSum,5.69086e+08,blackkey_num,256495759,feedback,29,feedsumportion,0.597233,finger0,11,finger,15,time,314935,runTime,2291.77
line,38283088,total,0.00838124,total0,0.0792313,false,0.00138699,over,0.00560438,false0,0.0166801,over0,0.0673986,overaggr,0.00615724,overcuckoo,0.002224,over_uai,0.000422034,over_uai,0.00385276,over_utai,0.0100847,over_utai,0.0107853,over_ai,0.00721562,over_ai,0.00915597,countIP,9.32144e+10,countIP0,9.97637e+10,keysum,9.24396e+10,pktSum,4.11508e+11,aggrSum,5.69173e+08,blackkey_num,257777584,feedback,29,feedsumportion,0.597233,finger0,11,finger,15,time,314935,runTime,2292.77
line,38299583,total,0.00837848,total0,0.0792588,false,0.0013819,over,0.00558234,false0,0.0167903,over0,0.0678263,overaggr,0.00615494,overcuckoo,0.00222354,over_uai,0.000688321,over_uai,0.00240269,over_utai,0.010081,over_utai,0.0107809,over_ai,0.00721311,over_ai,0.00915281,countIP,9.3251e+10,countIP0,9.98058e+10,keysum,9.24762e+10,pktSum,4.11685e+11,aggrSum,5.69185e+08,blackkey_num,259162218,feedback,29,feedsumportion,0.597233,finger0,11,finger,15,time,314935,runTime,2293.77
line,38315874,total,0.00837577,total0,0.0793008,false,0.0013764,over,0.00556081,false0,0.0169402,over0,0.0684402,overaggr,0.00615283,overcuckoo,0.00222294,over_uai,0.000885735,over_uai,0.00201393,over_utai,0.0100775,over_utai,0.0107762,over_ai,0.00721088,over_ai,0.0091494,countIP,9.32869e+10,countIP0,9.98483e+10,keysum,9.2512e+10,pktSum,4.11869e+11,aggrSum,5.69211e+08,blackkey_num,260358645,feedback,29,feedsumportion,0.597233,finger0,11,finger,15,time,314935,runTime,2294.77
line,38332190,total,0.00837266,total0,0.0793326,false,0.00137077,over,0.00553571,false0,0.0170661,over0,0.0689194,overaggr,0.00615046,overcuckoo,0.0022222,over_uai,0.000727837,over_uai,0.00230624,over_utai,0.0100737,over_utai,0.0107718,over_ai,0.00720837,over_ai,0.00914509,countIP,9.33264e+10,countIP0,9.98939e+10,keysum,9.25515e+10,pktSum,4.12056e+11,aggrSum,5.69235e+08,blackkey_num,261671724,feedback,29,feedsumportion,0.597233,finger0,11,finger,15,time,314935,runTime,2295.77
line,38348530,total,0.00837495,total0,0.079372,false,0.00138238,over,0.00558133,false0,0.017212,over0,0.0694931,overaggr,0.00615287,overcuckoo,0.00222208,over_uai,0.000804824,over_uai,0.0197104,over_utai,0.0100698,over_utai,0.010776,over_ai,0.00720591,over_ai,0.00915416,countIP,9.33659e+10,countIP0,9.99396e+10,keysum,9.25905e+10,pktSum,4.12246e+11,aggrSum,5.69697e+08,blackkey_num,262527508,feedback,32,feedsumportion,0.675709,finger0,11,finger,15,time,312673,runTime,2296.77
line,38364459,total,0.00837712,total0,0.079411,false,0.00139441,over,0.00562606,false0,0.0173638,over0,0.0700583,overaggr,0.00615516,overcuckoo,0.00222196,over_uai,0.00089516,over_uai,0.0150015,over_utai,0.0100659,over_utai,0.0107783,over_ai,0.00720357,over_ai,0.0091625,countIP,9.34085e+10,countIP0,9.99886e+10,keysum,9.26325e+10,pktSum,4.12438e+11,aggrSum,5.70168e+08,blackkey_num,263595265,feedback,32,feedsumportion,0.675709,finger0,11,finger,15,time,312673,runTime,2297.77
line,38380919,total,0.00838009,total0,0.0794666,false,0.00140842,over,0.00567957,false0,0.0175643,over0,0.0708293,overaggr,0.00615756,overcuckoo,0.00222253,over_uai,0.000733242,over_uai,0.0170389,over_utai,0.0100618,over_utai,0.0107817,over_ai,0.00720102,over_ai,0.00917301,countIP,9.34483e+10,countIP0,1.00036e+11,keysum,9.26717e+10,pktSum,4.1262e+11,aggrSum,5.70632e+08,blackkey_num,264752291,feedback,32,feedsumportion,0.675709,finger0,11,finger,15,time,312673,runTime,2298.77
line,38397622,total,0.00838229,total0,0.0794987,false,0.00141969,over,0.00572257,false0,0.0176862,over0,0.0712905,overaggr,0.00615995,overcuckoo,0.00222234,over_uai,0.000725651,over_uai,0.0162234,over_utai,0.0100577,over_utai,0.0107844,over_ai,0.00719822,over_ai,0.00918216,countIP,9.34877e+10,countIP0,1.00081e+11,keysum,9.27106e+10,pktSum,4.12803e+11,aggrSum,5.71092e+08,blackkey_num,266045395,feedback,32,feedsumportion,0.675709,finger0,11,finger,15,time,312673,runTime,2299.77
line,38413813,total,0.00838466,total0,0.0795206,false,0.00143283,over,0.00576935,false0,0.0177874,over0,0.0716217,overaggr,0.00616267,overcuckoo,0.002222,over_uai,0.000771032,over_uai,0.0163254,over_utai,0.0100536,over_utai,0.0107875,over_ai,0.00719526,over_ai,0.00919196,countIP,9.3533e+10,countIP0,1.00131e+11,keysum,9.27552e+10,pktSum,4.12997e+11,aggrSum,5.7162e+08,blackkey_num,267057533,feedback,32,feedsumportion,0.675709,finger0,11,finger,15,time,312673,runTime,2300.77
line,38430021,total,0.00838148,total0,0.0795675,false,0.00142742,over,0.00574394,false0,0.0179587,over0,0.0722656,overaggr,0.00616023,overcuckoo,0.00222125,over_uai,0.00187903,over_uai,0.0038804,over_utai,0.0100498,over_utai,0.0107833,over_ai,0.00719236,over_ai,0.00918813,countIP,9.35754e+10,countIP0,1.00181e+11,keysum,9.27976e+10,pktSum,4.13191e+11,aggrSum,5.71654e+08,blackkey_num,268100841,feedback,42,feedsumportion,0.955528,finger0,11,finger,15,time,311366,runTime,2301.77
line,38446376,total,0.00837937,total0,0.0796106,false,0.00142588,over,0.00573301,false0,0.0181201,over0,0.072855,overaggr,0.00615908,overcuckoo,0.00222028,over_uai,0.0012466,over_uai,0.0102122,over_utai,0.0100454,over_utai,0.0107828,over_ai,0.00718919,over_ai,0.00918759,countIP,9.36194e+10,countIP0,1.00233e+11,keysum,9.28415e+10,pktSum,4.13387e+11,aggrSum,5.71818e+08,blackkey_num,269401179,feedback,42,feedsumportion,0.955528,finger0,11,finger,15,time,311366,runTime,2302.77
line,38462795,total,0.00837699,total0,0.0796289,false,0.00142124,over,0.00571637,false0,0.0181796,over0,0.0731203,overaggr,0.00615752,overcuckoo,0.00221947,over_uai,0.00211314,over_uai,0.0037026,over_utai,0.0100421,over_utai,0.010779,over_ai,0.00718652,over_ai,0.00918547,countIP,9.36568e+10,countIP0,1.00275e+11,keysum,9.28788e+10,pktSum,4.13585e+11,aggrSum,5.71903e+08,blackkey_num,270500507,feedback,42,feedsumportion,0.955528,finger0,11,finger,15,time,311366,runTime,2303.77
line,38478965,total,0.00837416,total0,0.0796721,false,0.00141588,over,0.00569468,false0,0.0183233,over0,0.0736966,overaggr,0.00615555,overcuckoo,0.00221861,over_uai,0.00221953,over_uai,0.00244297,over_utai,0.0100387,over_utai,0.0107747,over_ai,0.00718404,over_ai,0.00918195,countIP,9.36954e+10,countIP0,1.0032e+11,keysum,9.29173e+10,pktSum,4.13778e+11,aggrSum,5.71956e+08,blackkey_num,271854335,feedback,42,feedsumportion,0.955528,finger0,11,finger,15,time,311366,runTime,2304.77
line,38495202,total,0.00837266,total0,0.0797184,false,0.00141536,over,0.00569026,false0,0.0184825,over0,0.074306,overaggr,0.00615486,overcuckoo,0.00221781,over_uai,0.00178294,over_uai,0.00694479,over_utai,0.0100352,over_utai,0.0107725,over_ai,0.00718145,over_ai,0.00918188,countIP,9.37351e+10,countIP0,1.00367e+11,keysum,9.29568e+10,pktSum,4.13964e+11,aggrSum,5.72135e+08,blackkey_num,273172241,feedback,42,feedsumportion,0.955528,finger0,11,finger,15,time,311366,runTime,2305.77
line,38511613,total,0.00836974,total0,0.079762,false,0.00140961,over,0.00566742,false0,0.0186234,over0,0.0748766,overaggr,0.00615279,overcuckoo,0.00221695,over_uai,0.00174598,over_uai,0.0148432,over_utai,0.0100318,over_utai,0.0107743,over_ai,0.00717944,over_ai,0.0091774,countIP,9.37728e+10,countIP0,1.00412e+11,keysum,9.29945e+10,pktSum,4.14155e+11,aggrSum,5.72175e+08,blackkey_num,274786522,feedback,33,feedsumportion,0.887388,finger0,11,finger,15,time,313273,runTime,2306.77
line,38527923,total,0.00836607,total0,0.0798199,false,0.00140323,over,0.0056375,false0,0.0188227,over0,0.0756202,overaggr,0.00615009,overcuckoo,0.00221597,over_uai,0.00090602,over_uai,0.00867684,over_utai,0.0100279,over_utai,0.010773,over_ai,0.00717696,over_ai,0.00917178,countIP,9.3816e+10,countIP0,1.00464e+11,keysum,9.30377e+10,pktSum,4.14348e+11,aggrSum,5.7219e+08,blackkey_num,276039083,feedback,33,feedsumportion,0.887388,finger0,11,finger,15,time,313273,runTime,2307.77
line,38544354,total,0.0083624,total0,0.0798403,false,0.00139764,over,0.00560872,false0,0.0189126,over0,0.0758961,overaggr,0.00614744,overcuckoo,0.00221495,over_uai,0.00152934,over_uai,0.015512,over_utai,0.0100241,over_utai,0.0107757,over_ai,0.0071743,over_ai,0.00916635,countIP,9.38614e+10,countIP0,1.00515e+11,keysum,9.3083e+10,pktSum,4.14542e+11,aggrSum,5.72223e+08,blackkey_num,277549573,feedback,33,feedsumportion,0.887388,finger0,11,finger,15,time,313273,runTime,2308.77
line,38561018,total,0.00835923,total0,0.079848,false,0.00139261,over,0.00558457,false0,0.0189548,over0,0.0760113,overaggr,0.00614508,overcuckoo,0.00221415,over_uai,0.00128199,over_uai,0.013555,over_utai,0.0100204,over_utai,0.0107769,over_ai,0.00717175,over_ai,0.00916216,countIP,9.3902e+10,countIP0,1.00559e+11,keysum,9.31235e+10,pktSum,4.14723e+11,aggrSum,5.72251e+08,blackkey_num,278739165,feedback,33,feedsumportion,0.887388,finger0,11,finger,15,time,313273,runTime,2309.77
line,38577561,total,0.00835637,total0,0.0798364,false,0.00138804,over,0.00556409,false0,0.0189319,over0,0.07589,overaggr,0.00614308,overcuckoo,0.00221329,over_uai,0.00255293,over_uai,0.014469,over_utai,0.0100173,over_utai,0.0107789,over_ai,0.00716969,over_ai,0.0091579,countIP,9.39415e+10,countIP0,1.00601e+11,keysum,9.3163e+10,pktSum,4.14909e+11,aggrSum,5.72307e+08,blackkey_num,279915097,feedback,33,feedsumportion,0.887388,finger0,11,finger,15,time,313273,runTime,2310.77
line,38594264,total,0.00835311,total0,0.0798331,false,0.00138189,over,0.00553871,false0,0.0189291,over0,0.0758694,overaggr,0.00614069,overcuckoo,0.00221243,over_uai,0.0142691,over_uai,0.00114265,over_utai,0.0100189,over_utai,0.0107741,over_ai,0.0071669,over_ai,0.00915419,countIP,9.39803e+10,countIP0,1.00642e+11,keysum,9.32018e+10,pktSum,4.151e+11,aggrSum,5.72323e+08,blackkey_num,281160085,feedback,32,feedsumportion,0.641136,finger0,11,finger,15,time,311257,runTime,2311.77
line,38611467,total,0.00834985,total0,0.0798256,false,0.00137649,over,0.00551359,false0,0.0189237,over0,0.0757994,overaggr,0.00613824,overcuckoo,0.00221162,over_uai,0.00953366,over_uai,0.00137839,over_utai,0.0100185,over_utai,0.0107689,over_ai,0.00716425,over_ai,0.00915005,countIP,9.40194e+10,countIP0,1.00684e+11,keysum,9.32408e+10,pktSum,4.15275e+11,aggrSum,5.72334e+08,blackkey_num,282430439,feedback,32,feedsumportion,0.641136,finger0,11,finger,15,time,311257,runTime,2312.77
line,38628046,total,0.00834654,total0,0.0798199,false,0.00137076,over,0.00548826,false0,0.0189198,over0,0.0757511,overaggr,0.00613574,overcuckoo,0.0022108,over_uai,0.0225518,over_uai,0.0012861,over_utai,0.0100231,over_utai,0.0107632,over_ai,0.00716157,over_ai,0.00914594,countIP,9.4059e+10,countIP0,1.00726e+11,keysum,9.32805e+10,pktSum,4.1546e+11,aggrSum,5.72344e+08,blackkey_num,283732908,feedback,32,feedsumportion,0.641136,finger0,11,finger,15,time,311257,runTime,2313.77
line,38644328,total,0.00834308,total0,0.079811,false,0.00136545,over,0.00546274,false0,0.0189138,over0,0.0756681,overaggr,0.00613304,overcuckoo,0.00221003,over_uai,0.0134013,over_uai,0.0439968,over_utai,0.0100243,over_utai,0.0107842,over_ai,0.0071588,over_ai,0.00914151,countIP,9.41025e+10,countIP0,1.00772e+11,keysum,9.33239e+10,pktSum,4.15653e+11,aggrSum,5.72359e+08,blackkey_num,285021539,feedback,32,feedsumportion,0.641136,finger0,11,finger,15,time,311257,runTime,2314.77
line,38660492,total,0.00833983,total0,0.0798156,false,0.00135978,over,0.00543903,false0,0.0189363,over0,0.0757439,overaggr,0.00613053,overcuckoo,0.0022093,over_uai,0.0159899,over_uai,0.00657138,over_utai,0.0100261,over_utai,0.0107812,over_ai,0.00715637,over_ai,0.00913692,countIP,9.41432e+10,countIP0,1.00816e+11,keysum,9.33645e+10,pktSum,4.15851e+11,aggrSum,5.72374e+08,blackkey_num,286277306,feedback,32,feedsumportion,0.641136,finger0,11,finger,15,time,311257,runTime,2315.77
line,38677032,total,0.00833691,total0,0.0798182,false,0.00135485,over,0.00541891,false0,0.0189504,over0,0.0757947,overaggr,0.00612836,overcuckoo,0.00220855,over_uai,0.0015804,over_uai,0.0318435,over_utai,0.0100229,over_utai,0.0107928,over_ai,0.00715393,over_ai,0.00913334,countIP,9.41824e+10,countIP0,1.00859e+11,keysum,9.34037e+10,pktSum,4.16044e+11,aggrSum,5.72412e+08,blackkey_num,287328839,feedback,29,feedsumportion,0.457726,finger0,11,finger,15,time,311700,runTime,2316.77
line,38693131,total,0.00833403,total0,0.0798209,false,0.00134941,over,0.0053986,false0,0.018958,over0,0.0758454,overaggr,0.00612611,overcuckoo,0.00220791,over_uai,0.000718612,over_uai,0.0402108,over_utai,0.0100194,over_utai,0.010811,over_ai,0.00715129,over_ai,0.00912998,countIP,9.42197e+10,countIP0,1.009e+11,keysum,9.3441e+10,pktSum,4.16239e+11,aggrSum,5.7243e+08,blackkey_num,288611058,feedback,29,feedsumportion,0.457726,finger0,11,finger,15,time,311700,runTime,2317.77
line,38709840,total,0.0083308,total0,0.0798287,false,0.00134441,over,0.00537582,false0,0.0189959,over0,0.075958,overaggr,0.00612372,overcuckoo,0.00220708,over_uai,0.000820539,over_uai,0.0369158,over_utai,0.0100154,over_utai,0.0108265,over_ai,0.00714845,over_ai,0.00912635,countIP,9.42606e+10,countIP0,1.00944e+11,keysum,9.34818e+10,pktSum,4.16427e+11,aggrSum,5.72457e+08,blackkey_num,289898709,feedback,29,feedsumportion,0.457726,finger0,11,finger,15,time,311700,runTime,2318.77
line,38727013,total,0.00832772,total0,0.0798509,false,0.00133929,over,0.00535386,false0,0.0190705,over0,0.0762349,overaggr,0.00612143,overcuckoo,0.0022063,over_uai,0.000829775,over_uai,0.0394163,over_utai,0.010012,over_utai,0.0108419,over_ai,0.00714606,over_ai,0.00912201,countIP,9.42987e+10,countIP0,1.00988e+11,keysum,9.35199e+10,pktSum,4.16608e+11,aggrSum,5.72475e+08,blackkey_num,291441749,feedback,29,feedsumportion,0.457726,finger0,11,finger,15,time,311700,runTime,2319.77
line,38744039,total,0.00832472,total0,0.0798522,false,0.00133399,over,0.00533288,false0,0.0190778,over0,0.0762674,overaggr,0.0061192,overcuckoo,0.00220552,over_uai,0.001151,over_uai,0.05838,over_utai,0.0100086,over_utai,0.010868,over_ai,0.00714354,over_ai,0.00911806,countIP,9.43363e+10,countIP0,1.01028e+11,keysum,9.35574e+10,pktSum,4.16797e+11,aggrSum,5.72497e+08,blackkey_num,292769068,feedback,29,feedsumportion,0.457726,finger0,11,finger,15,time,311700,runTime,2320.77
line,38760756,total,0.00832126,total0,0.079854,false,0.00132928,over,0.00530872,false0,0.0191072,over0,0.0763079,overaggr,0.00611661,overcuckoo,0.00220464,over_uai,0.000641707,over_uai,0.00234933,over_utai,0.0100047,over_utai,0.0108632,over_ai,0.00714043,over_ai,0.00911402,countIP,9.43796e+10,countIP0,1.01075e+11,keysum,9.36007e+10,pktSum,4.16981e+11,aggrSum,5.72519e+08,blackkey_num,294149392,feedback,31,feedsumportion,0.571163,finger0,11,finger,15,time,310750,runTime,2321.77
line,38777523,total,0.00831785,total0,0.0798527,false,0.00132488,over,0.00528575,false0,0.0191276,over0,0.0763115,overaggr,0.00611406,overcuckoo,0.00220379,over_uai,0.000679076,over_uai,0.00235943,over_utai,0.010001,over_utai,0.0108584,over_ai,0.00713749,over_ai,0.00911,countIP,9.44233e+10,countIP0,1.01122e+11,keysum,9.36444e+10,pktSum,4.17166e+11,aggrSum,5.72548e+08,blackkey_num,295366831,feedback,31,feedsumportion,0.571163,finger0,11,finger,15,time,310750,runTime,2322.77
line,38794176,total,0.00831438,total0,0.0798526,false,0.00132006,over,0.00526207,false0,0.0191483,over0,0.0763297,overaggr,0.00611141,overcuckoo,0.00220296,over_uai,0.000904499,over_uai,0.00285954,over_utai,0.00999736,over_utai,0.0108529,over_ai,0.00713471,over_ai,0.00910538,countIP,9.4467e+10,countIP0,1.01169e+11,keysum,9.36881e+10,pktSum,4.17356e+11,aggrSum,5.72567e+08,blackkey_num,296758954,feedback,31,feedsumportion,0.571163,finger0,11,finger,15,time,310750,runTime,2323.77
line,38810858,total,0.00831122,total0,0.0798611,false,0.0013153,over,0.00524137,false0,0.0191834,over0,0.0764441,overaggr,0.00610908,overcuckoo,0.00220214,over_uai,0.00117453,over_uai,0.00215041,over_utai,0.00999369,over_utai,0.0108478,over_ai,0.00713189,over_ai,0.00910156,countIP,9.45083e+10,countIP0,1.01215e+11,keysum,9.37293e+10,pktSum,4.17551e+11,aggrSum,5.726e+08,blackkey_num,298158700,feedback,31,feedsumportion,0.571163,finger0,11,finger,15,time,310750,runTime,2324.77
line,38827390,total,0.00830806,total0,0.0798872,false,0.00131081,over,0.00522107,false0,0.0192708,over0,0.0767577,overaggr,0.00610669,overcuckoo,0.00220137,over_uai,0.000794889,over_uai,0.00309008,over_utai,0.0099897,over_utai,0.010843,over_ai,0.00712923,over_ai,0.00909748,countIP,9.45502e+10,countIP0,1.01262e+11,keysum,9.37711e+10,pktSum,4.17745e+11,aggrSum,5.72631e+08,blackkey_num,299534380,feedback,31,feedsumportion,0.571163,finger0,11,finger,15,time,310750,runTime,2325.77
line,38843487,total,0.0083043,total0,0.0799315,false,0.00130603,over,0.00519627,false0,0.0194226,over0,0.0772761,overaggr,0.0061039,overcuckoo,0.00220039,over_uai,0.000625661,over_uai,0.00160605,over_utai,0.00998519,over_utai,0.0108363,over_ai,0.00712638,over_ai,0.00909236,countIP,9.4598e+10,countIP0,1.01318e+11,keysum,9.38189e+10,pktSum,4.17946e+11,aggrSum,5.72662e+08,blackkey_num,300903740,feedback,30,feedsumportion,0.645728,finger0,11,finger,15,time,313381,runTime,2326.77
line,38859760,total,0.00830151,total0,0.079938,false,0.00130077,over,0.00517829,false0,0.0194328,over0,0.0773613,overaggr,0.00610176,overcuckoo,0.00219975,over_uai,0.000909647,over_uai,0.00114971,over_utai,0.00998186,over_utai,0.0108294,over_ai,0.00712406,over_ai,0.0090887,countIP,9.46339e+10,countIP0,1.01357e+11,keysum,9.38548e+10,pktSum,4.18143e+11,aggrSum,5.72679e+08,blackkey_num,302050660,feedback,30,feedsumportion,0.645728,finger0,11,finger,15,time,313381,runTime,2327.77
line,38876377,total,0.00829959,total0,0.0799719,false,0.00129757,over,0.00516926,false0,0.0195168,over0,0.0777512,overaggr,0.00610036,overcuckoo,0.00219923,over_uai,0.000833276,over_uai,0.00384667,over_utai,0.00997824,over_utai,0.0108257,over_ai,0.00712172,over_ai,0.00908735,countIP,9.46676e+10,countIP0,1.01397e+11,keysum,9.38883e+10,pktSum,4.18335e+11,aggrSum,5.72753e+08,blackkey_num,303572330,feedback,30,feedsumportion,0.645728,finger0,11,finger,15,time,313381,runTime,2328.77
line,38892708,total,0.00829756,total0,0.0799903,false,0.00129526,over,0.0051608,false0,0.0195682,over0,0.0779674,overaggr,0.00609892,overcuckoo,0.00219864,over_uai,0.000502364,over_uai,0.00419071,over_utai,0.00997448,over_utai,0.0108214,over_ai,0.00711919,over_ai,0.00908599,countIP,9.47058e+10,countIP0,1.0144e+11,keysum,9.39265e+10,pktSum,4.18529e+11,aggrSum,5.7285e+08,blackkey_num,304869608,feedback,30,feedsumportion,0.645728,finger0,11,finger,15,time,313381,runTime,2329.77
line,38909042,total,0.00829518,total0,0.0799805,false,0.0012917,over,0.00514792,false0,0.0195382,over0,0.0778671,overaggr,0.0060968,overcuckoo,0.00219839,over_uai,0.000738217,over_uai,0.003174,over_utai,0.0099709,over_utai,0.0108169,over_ai,0.00711641,over_ai,0.00908422,countIP,9.47424e+10,countIP0,1.01478e+11,keysum,9.3963e+10,pktSum,4.1872e+11,aggrSum,5.72873e+08,blackkey_num,306119326,feedback,30,feedsumportion,0.645728,finger0,11,finger,15,time,313381,runTime,2330.77
line,38925830,total,0.00829253,total0,0.07998,false,0.00128729,over,0.00513198,false0,0.0195328,over0,0.0778705,overaggr,0.00609484,overcuckoo,0.00219769,over_uai,0.0153172,over_uai,0.00217466,over_utai,0.00997251,over_utai,0.0108121,over_ai,0.00711404,over_ai,0.00908145,countIP,9.47786e+10,countIP0,1.01517e+11,keysum,9.39991e+10,pktSum,4.18911e+11,aggrSum,5.7291e+08,blackkey_num,307310706,feedback,27,feedsumportion,0.792886,finger0,11,finger,15,time,309711,runTime,2331.77
line,38942533,total,0.00829364,total0,0.0799906,false,0.00129311,over,0.00515729,false0,0.0195564,over0,0.0779964,overaggr,0.00609646,overcuckoo,0.00219718,over_uai,0.0146581,over_uai,0.0125632,over_utai,0.00997396,over_utai,0.0108128,over_ai,0.00711174,over_ai,0.00908731,countIP,9.48145e+10,countIP0,1.01556e+11,keysum,9.40346e+10,pktSum,4.19101e+11,aggrSum,5.73278e+08,blackkey_num,308538885,feedback,27,feedsumportion,0.792886,finger0,11,finger,15,time,309711,runTime,2332.77
line,38959226,total,0.00829136,total0,0.0799912,false,0.00128899,over,0.00514451,false0,0.019546,over0,0.0780107,overaggr,0.00609463,overcuckoo,0.00219672,over_uai,0.0124096,over_uai,0.00273353,over_utai,0.00997458,over_utai,0.0108088,over_ai,0.00710924,over_ai,0.00908542,countIP,9.48481e+10,countIP0,1.01593e+11,keysum,9.40681e+10,pktSum,4.19293e+11,aggrSum,5.73311e+08,blackkey_num,309854790,feedback,27,feedsumportion,0.792886,finger0,11,finger,15,time,309711,runTime,2333.77
line,38976487,total,0.00828885,total0,0.0799889,false,0.00128522,over,0.00513036,false0,0.0195384,over0,0.0779938,overaggr,0.00609255,overcuckoo,0.0021963,over_uai,0.0175755,over_uai,0.00246926,over_utai,0.00997693,over_utai,0.010804,over_ai,0.00710686,over_ai,0.00908265,countIP,9.48845e+10,countIP0,1.01632e+11,keysum,9.41045e+10,pktSum,4.19481e+11,aggrSum,5.73336e+08,blackkey_num,311617393,feedback,27,feedsumportion,0.792886,finger0,11,finger,15,time,309711,runTime,2334.77
line,38993490,total,0.00828644,total0,0.0800237,false,0.00128175,over,0.00511771,false0,0.019631,over0,0.0783817,overaggr,0.0060907,overcuckoo,0.00219573,over_uai,0.025584,over_uai,0.00277551,over_utai,0.00998212,over_utai,0.0107988,over_ai,0.00710495,over_ai,0.00907914,countIP,9.49219e+10,countIP0,1.01675e+11,keysum,9.41418e+10,pktSum,4.19675e+11,aggrSum,5.7339e+08,blackkey_num,313519650,feedback,27,feedsumportion,0.792886,finger0,11,finger,15,time,309711,runTime,2335.77
line,39010397,total,0.00828419,total0,0.0800747,false,0.00127806,over,0.00510602,false0,0.0197599,over0,0.0789436,overaggr,0.00608894,overcuckoo,0.00219525,over_uai,0.00131026,over_uai,0.0104742,over_utai,0.00997861,over_utai,0.0107985,over_ai,0.00710307,over_ai,0.0090763,countIP,9.4957e+10,countIP0,1.01718e+11,keysum,9.41768e+10,pktSum,4.1987e+11,aggrSum,5.73437e+08,blackkey_num,315339233,feedback,31,feedsumportion,0.896033,finger0,11,finger,15,time,311033,runTime,2336.77
line,39027253,total,0.00828179,total0,0.0801157,false,0.00127348,over,0.005092,false0,0.0198555,over0,0.0793919,overaggr,0.00608703,overcuckoo,0.00219476,over_uai,0.00126168,over_uai,0.01059,over_utai,0.00997536,over_utai,0.0107982,over_ai,0.00710093,over_ai,0.00907332,countIP,9.49897e+10,countIP0,1.01757e+11,keysum,9.42094e+10,pktSum,4.20063e+11,aggrSum,5.73456e+08,blackkey_num,317568173,feedback,31,feedsumportion,0.896033,finger0,11,finger,15,time,311033,runTime,2337.77
line,39044440,total,0.00827979,total0,0.0801397,false,0.00126978,over,0.00508203,false0,0.0199019,over0,0.0796535,overaggr,0.00608537,overcuckoo,0.00219442,over_uai,0.00371698,over_uai,0.0107832,over_utai,0.00997265,over_utai,0.010798,over_ai,0.00709868,over_ai,0.00907151,countIP,9.50216e+10,countIP0,1.01794e+11,keysum,9.42413e+10,pktSum,4.20255e+11,aggrSum,5.73493e+08,blackkey_num,319210697,feedback,31,feedsumportion,0.896033,finger0,11,finger,15,time,311033,runTime,2338.77
line,39061487,total,0.00827994,total0,0.0801571,false,0.00127253,over,0.00509616,false0,0.0199371,over0,0.0798433,overaggr,0.00608579,overcuckoo,0.00219416,over_uai,0.00194814,over_uai,0.0131701,over_utai,0.0099694,over_utai,0.0107989,over_ai,0.00709699,over_ai,0.00907405,countIP,9.50561e+10,countIP0,1.01832e+11,keysum,9.42755e+10,pktSum,4.20448e+11,aggrSum,5.7374e+08,blackkey_num,320589633,feedback,31,feedsumportion,0.896033,finger0,11,finger,15,time,311033,runTime,2339.77
line,39077875,total,0.00827693,total0,0.0801773,false,0.00126787,over,0.00507824,false0,0.0199887,over0,0.0800612,overaggr,0.0060834,overcuckoo,0.00219353,over_uai,0.000729345,over_uai,0.00909026,over_utai,0.00996555,over_utai,0.0107976,over_ai,0.00709449,over_ai,0.00907008,countIP,9.50958e+10,countIP0,1.01877e+11,keysum,9.43152e+10,pktSum,4.20651e+11,aggrSum,5.73757e+08,blackkey_num,321802249,feedback,31,feedsumportion,0.896033,finger0,11,finger,15,time,311033,runTime,2340.77
line,39094110,total,0.00827385,total0,0.0802069,false,0.00126319,over,0.00505962,false0,0.020067,over0,0.080377,overaggr,0.00608102,overcuckoo,0.00219283,over_uai,0.00517271,over_uai,0.00197185,over_utai,0.00996345,over_utai,0.0107925,over_ai,0.00709193,over_ai,0.00906607,countIP,9.51353e+10,countIP0,1.01923e+11,keysum,9.43547e+10,pktSum,4.2085e+11,aggrSum,5.73773e+08,blackkey_num,323203215,feedback,31,feedsumportion,0.832993,finger0,11,finger,15,time,309890,runTime,2341.77
line,39110422,total,0.00827082,total0,0.0802391,false,0.00125874,over,0.00504186,false0,0.0201519,over0,0.0807184,overaggr,0.00607875,overcuckoo,0.00219207,over_uai,0.00567543,over_uai,0.00152764,over_utai,0.00996159,over_utai,0.0107872,over_ai,0.00708956,over_ai,0.00906203,countIP,9.51752e+10,countIP0,1.01969e+11,keysum,9.43945e+10,pktSum,4.2105e+11,aggrSum,5.738e+08,blackkey_num,324425162,feedback,31,feedsumportion,0.832993,finger0,11,finger,15,time,309890,runTime,2342.77
line,39127184,total,0.00826838,total0,0.0802794,false,0.00125567,over,0.00502949,false0,0.0202584,over0,0.081144,overaggr,0.00607674,overcuckoo,0.00219164,over_uai,0.0108431,over_uai,0.00191042,over_utai,0.00996174,over_utai,0.0107818,over_ai,0.00708789,over_ai,0.00905818,countIP,9.52126e+10,countIP0,1.02013e+11,keysum,9.44318e+10,pktSum,4.21236e+11,aggrSum,5.73838e+08,blackkey_num,325625632,feedback,31,feedsumportion,0.832993,finger0,11,finger,15,time,309890,runTime,2343.77
line,39143740,total,0.00826535,total0,0.0803103,false,0.00125187,over,0.00501251,false0,0.0203459,over0,0.0814654,overaggr,0.00607439,overcuckoo,0.00219096,over_uai,0.00772325,over_uai,0.00205277,over_utai,0.00996083,over_utai,0.0107762,over_ai,0.00708573,over_ai,0.0090535,countIP,9.52541e+10,countIP0,1.0206e+11,keysum,9.44733e+10,pktSum,4.21431e+11,aggrSum,5.73867e+08,blackkey_num,326741279,feedback,31,feedsumportion,0.832993,finger0,11,finger,15,time,309890,runTime,2344.77
line,39160228,total,0.00826269,total0,0.0803414,false,0.00124751,over,0.00499752,false0,0.0204163,over0,0.0817874,overaggr,0.00607239,overcuckoo,0.0021903,over_uai,0.00699341,over_uai,0.00297183,over_utai,0.00995976,over_utai,0.0107717,over_ai,0.00708371,over_ai,0.0090499,countIP,9.529e+10,countIP0,1.02102e+11,keysum,9.45091e+10,pktSum,4.21628e+11,aggrSum,5.73896e+08,blackkey_num,328144981,feedback,31,feedsumportion,0.832993,finger0,11,finger,15,time,309890,runTime,2345.77
line,39176657,total,0.00826011,total0,0.0803692,false,0.00124301,over,0.00498324,false0,0.0204723,over0,0.0820734,overaggr,0.00607041,overcuckoo,0.00218969,over_uai,0.00167896,over_uai,0.00164801,over_utai,0.00995679,over_utai,0.0107666,over_ai,0.00708162,over_ai,0.0090465,countIP,9.53253e+10,countIP0,1.02143e+11,keysum,9.45443e+10,pktSum,4.21831e+11,aggrSum,5.73923e+08,blackkey_num,329756466,feedback,31,feedsumportion,0.647059,finger0,11,finger,15,time,314605,runTime,2346.77
line,39193388,total,0.00825745,total0,0.080396,false,0.00123894,over,0.00496894,false0,0.0205319,over0,0.0823462,overaggr,0.0060683,overcuckoo,0.00218915,over_uai,0.000829829,over_uai,0.00137418,over_utai,0.00995327,over_utai,0.010761,over_ai,0.00707958,over_ai,0.00904278,countIP,9.53623e+10,countIP0,1.02185e+11,keysum,9.45813e+10,pktSum,4.22031e+11,aggrSum,5.73948e+08,blackkey_num,331190532,feedback,31,feedsumportion,0.647059,finger0,11,finger,15,time,314605,runTime,2347.77
line,39210129,total,0.00825481,total0,0.0804328,false,0.0012348,over,0.00495436,false0,0.0206169,over0,0.082721,overaggr,0.00606621,overcuckoo,0.0021886,over_uai,0.000482189,over_uai,0.00144394,over_utai,0.00994929,over_utai,0.0107556,over_ai,0.00707719,over_ai,0.00903961,countIP,9.5398e+10,countIP0,1.02227e+11,keysum,9.4617e+10,pktSum,4.22225e+11,aggrSum,5.73967e+08,blackkey_num,332651674,feedback,31,feedsumportion,0.647059,finger0,11,finger,15,time,314605,runTime,2348.77
line,39226869,total,0.00825214,total0,0.0804564,false,0.00123087,over,0.00493947,false0,0.0206721,over0,0.0829568,overaggr,0.0060642,overcuckoo,0.00218794,over_uai,0.000747229,over_uai,0.00122251,over_utai,0.00994532,over_utai,0.0107502,over_ai,0.00707468,over_ai,0.00903666,countIP,9.54334e+10,countIP0,1.02268e+11,keysum,9.46523e+10,pktSum,4.22409e+11,aggrSum,5.7399e+08,blackkey_num,334176173,feedback,31,feedsumportion,0.647059,finger0,11,finger,15,time,314605,runTime,2349.77
line,39243629,total,0.0082494,total0,0.0804597,false,0.00122705,over,0.00492446,false0,0.0206766,over0,0.0829806,overaggr,0.00606205,overcuckoo,0.00218735,over_uai,0.000613096,over_uai,0.001622,over_utai,0.00994149,over_utai,0.0107454,over_ai,0.00707205,over_ai,0.00903379,countIP,9.54702e+10,countIP0,1.02308e+11,keysum,9.46891e+10,pktSum,4.22596e+11,aggrSum,5.7401e+08,blackkey_num,336012187,feedback,31,feedsumportion,0.647059,finger0,11,finger,15,time,314605,runTime,2350.77
line,39260286,total,0.00825147,total0,0.0805089,false,0.00123407,over,0.00495689,false0,0.0207829,over0,0.0834788,overaggr,0.00606413,overcuckoo,0.00218734,over_uai,0.0093935,over_uai,0.0414801,over_utai,0.00994109,over_utai,0.0107598,over_ai,0.00706969,over_ai,0.00904226,countIP,9.55014e+10,countIP0,1.02346e+11,keysum,9.47199e+10,pktSum,4.22782e+11,aggrSum,5.74394e+08,blackkey_num,337055413,feedback,31,feedsumportion,0.557728,finger0,11,finger,15,time,308279,runTime,2351.77
line,39276900,total,0.00825282,total0,0.0805353,false,0.00123996,over,0.00498276,false0,0.0208382,over0,0.0837384,overaggr,0.0060656,overcuckoo,0.00218722,over_uai,0.0103998,over_uai,0.0264628,over_utai,0.00994117,over_utai,0.0107682,over_ai,0.0070677,over_ai,0.00904817,countIP,9.55357e+10,countIP0,1.02385e+11,keysum,9.47537e+10,pktSum,4.22968e+11,aggrSum,5.74738e+08,blackkey_num,338534963,feedback,31,feedsumportion,0.557728,finger0,11,finger,15,time,308279,runTime,2352.77
line,39293085,total,0.00825481,total0,0.0805565,false,0.001247,over,0.00501457,false0,0.0208749,over0,0.0839444,overaggr,0.00606761,overcuckoo,0.0021872,over_uai,0.0153028,over_uai,0.0355258,over_utai,0.00994285,over_utai,0.0107811,over_ai,0.00706563,over_ai,0.00905604,countIP,9.55685e+10,countIP0,1.02422e+11,keysum,9.47861e+10,pktSum,4.23156e+11,aggrSum,5.75125e+08,blackkey_num,341759837,feedback,31,feedsumportion,0.557728,finger0,11,finger,15,time,308279,runTime,2353.77
line,39309431,total,0.00825656,total0,0.0805948,false,0.00125389,over,0.0050444,false0,0.0209601,over0,0.0843222,overaggr,0.00606942,overcuckoo,0.00218714,over_uai,0.0119332,over_uai,0.0328511,over_utai,0.0099437,over_utai,0.0107913,over_ai,0.00706322,over_ai,0.00906393,countIP,9.56035e+10,countIP0,1.02463e+11,keysum,9.48206e+10,pktSum,4.23345e+11,aggrSum,5.75506e+08,blackkey_num,342705524,feedback,31,feedsumportion,0.557728,finger0,11,finger,15,time,308279,runTime,2354.77
line,39325953,total,0.00825836,total0,0.0806193,false,0.00126137,over,0.00507488,false0,0.0210167,over0,0.0845568,overaggr,0.00607131,overcuckoo,0.00218705,over_uai,0.00943563,over_uai,0.0389926,over_utai,0.0099432,over_utai,0.0108031,over_ai,0.00706049,over_ai,0.00907245,countIP,9.56396e+10,countIP0,1.02503e+11,keysum,9.48562e+10,pktSum,4.23527e+11,aggrSum,5.75901e+08,blackkey_num,343623262,feedback,31,feedsumportion,0.557728,finger0,11,finger,15,time,308279,runTime,2355.77
line,39342589,total,0.00825561,total0,0.0806527,false,0.00125735,over,0.00505937,false0,0.021094,over0,0.0848788,overaggr,0.00606922,overcuckoo,0.00218639,over_uai,0.000618277,over_uai,0.00248115,over_utai,0.0099392,over_utai,0.0107992,over_ai,0.00705783,over_ai,0.00906968,countIP,9.56758e+10,countIP0,1.02546e+11,keysum,9.48924e+10,pktSum,4.23714e+11,aggrSum,5.75923e+08,blackkey_num,344781530,feedback,34,feedsumportion,0.964326,finger0,11,finger,15,time,313758,runTime,2356.77
line,39358582,total,0.00825296,total0,0.0806855,false,0.00125396,over,0.00504575,false0,0.0211718,over0,0.0851921,overaggr,0.00606701,overcuckoo,0.00218595,over_uai,0.000902254,over_uai,0.00345275,over_utai,0.0099352,over_utai,0.0107954,over_ai,0.00705524,over_ai,0.00906697,countIP,9.57145e+10,countIP0,1.02591e+11,keysum,9.49311e+10,pktSum,4.23909e+11,aggrSum,5.75948e+08,blackkey_num,346188130,feedback,34,feedsumportion,0.964326,finger0,11,finger,15,time,313758,runTime,2357.77
line,39374708,total,0.00824983,total0,0.0807092,false,0.00125004,over,0.00502806,false0,0.0212342,over0,0.085411,overaggr,0.00606465,overcuckoo,0.00218517,over_uai,0.000687743,over_uai,0.00221521,over_utai,0.00993124,over_utai,0.0107912,over_ai,0.00705264,over_ai,0.00906308,countIP,9.57551e+10,countIP0,1.02637e+11,keysum,9.49716e+10,pktSum,4.24098e+11,aggrSum,5.7597e+08,blackkey_num,347675739,feedback,34,feedsumportion,0.964326,finger0,11,finger,15,time,313758,runTime,2358.77
line,39391030,total,0.00824749,total0,0.0807508,false,0.00124623,over,0.00501599,false0,0.02132,over0,0.0858117,overaggr,0.00606286,overcuckoo,0.00218463,over_uai,0.000741408,over_uai,0.00269023,over_utai,0.00992786,over_utai,0.0107871,over_ai,0.00705048,over_ai,0.00906042,countIP,9.57884e+10,countIP0,1.02677e+11,keysum,9.50048e+10,pktSum,4.24289e+11,aggrSum,5.76001e+08,blackkey_num,349307636,feedback,34,feedsumportion,0.964326,finger0,11,finger,15,time,313758,runTime,2359.77
line,39406660,total,0.00824512,total0,0.080783,false,0.00124207,over,0.00500376,false0,0.021376,over0,0.0861144,overaggr,0.00606093,overcuckoo,0.00218419,over_uai,0.000754194,over_uai,0.00223321,over_utai,0.00992453,over_utai,0.0107826,over_ai,0.00704844,over_ai,0.00905742,countIP,9.58221e+10,countIP0,1.02716e+11,keysum,9.50385e+10,pktSum,4.24493e+11,aggrSum,5.76022e+08,blackkey_num,350622728,feedback,34,feedsumportion,0.964326,finger0,11,finger,15,time,313758,runTime,2360.77
line,39422766,total,0.00824257,total0,0.0808131,false,0.00123796,over,0.00499013,false0,0.0214332,over0,0.0863953,overaggr,0.00605893,overcuckoo,0.00218364,over_uai,0.00723484,over_uai,0.00167184,over_utai,0.00992356,over_utai,0.010778,over_ai,0.00704624,over_ai,0.00905426,countIP,9.58569e+10,countIP0,1.02756e+11,keysum,9.50732e+10,pktSum,4.2469e+11,aggrSum,5.76042e+08,blackkey_num,351813403,feedback,32,feedsumportion,0.606985,finger0,11,finger,15,time,346446,runTime,2361.77
line,39439147,total,0.00824,total0,0.0808493,false,0.00123448,over,0.00497692,false0,0.0215132,over0,0.0867323,overaggr,0.00605692,overcuckoo,0.00218308,over_uai,0.00593644,over_uai,0.00184764,over_utai,0.00992179,over_utai,0.0107729,over_ai,0.00704392,over_ai,0.00905113,countIP,9.5893e+10,countIP0,1.02799e+11,keysum,9.51093e+10,pktSum,4.24878e+11,aggrSum,5.7607e+08,blackkey_num,353077135,feedback,32,feedsumportion,0.606985,finger0,11,finger,15,time,346446,runTime,2362.77
line,39455895,total,0.00823783,total0,0.0808813,false,0.00123199,over,0.00496754,false0,0.0215835,over0,0.0870274,overaggr,0.00605531,overcuckoo,0.00218252,over_uai,0.00602323,over_uai,0.00315288,over_utai,0.00992028,over_utai,0.0107691,over_ai,0.00704161,over_ai,0.00904903,countIP,9.59289e+10,countIP0,1.02841e+11,keysum,9.51451e+10,pktSum,4.25063e+11,aggrSum,5.76133e+08,blackkey_num,354295777,feedback,32,feedsumportion,0.606985,finger0,11,finger,15,time,346446,runTime,2363.77
line,39472438,total,0.00823508,total0,0.0809098,false,0.00122833,over,0.00495296,false0,0.0216464,over0,0.0872839,overaggr,0.00605312,overcuckoo,0.00218195,over_uai,0.00638846,over_uai,0.00161285,over_utai,0.00991896,over_utai,0.010764,over_ai,0.0070393,over_ai,0.00904557,countIP,9.59659e+10,countIP0,1.02883e+11,keysum,9.5182e+10,pktSum,4.25251e+11,aggrSum,5.76149e+08,blackkey_num,355561468,feedback,32,feedsumportion,0.606985,finger0,11,finger,15,time,346446,runTime,2364.77
line,39488926,total,0.00823242,total0,0.0809515,false,0.00122519,over,0.00493955,false0,0.0217451,over0,0.0876691,overaggr,0.00605108,overcuckoo,0.00218133,over_uai,0.00553291,over_uai,0.00190017,over_utai,0.00991716,over_utai,0.0107591,over_ai,0.00703696,over_ai,0.0090424,countIP,9.60035e+10,countIP0,1.02928e+11,keysum,9.52196e+10,pktSum,4.25434e+11,aggrSum,5.76182e+08,blackkey_num,356865239,feedback,32,feedsumportion,0.606985,finger0,11,finger,15,time,346446,runTime,2365.77
line,39505421,total,0.00822974,total0,0.081033,false,0.00122245,over,0.00492696,false0,0.0219426,over0,0.0884375,overaggr,0.00604909,overcuckoo,0.00218064,over_uai,0.000535806,over_uai,0.00280813,over_utai,0.00991277,over_utai,0.010755,over_ai,0.00703403,over_ai,0.00904006,countIP,9.60438e+10,countIP0,1.02979e+11,keysum,9.52599e+10,pktSum,4.25624e+11,aggrSum,5.76236e+08,blackkey_num,358172551,feedback,31,feedsumportion,0.710519,finger0,11,finger,15,time,313283,runTime,2366.77
line,39522294,total,0.00822677,total0,0.0810917,false,0.00121885,over,0.00491138,false0,0.022082,over0,0.0889801,overaggr,0.0060468,overcuckoo,0.00217997,over_uai,0.000779555,over_uai,0.00145652,over_utai,0.00990897,over_utai,0.0107501,over_ai,0.00703144,over_ai,0.00903627,countIP,9.60833e+10,countIP0,1.03027e+11,keysum,9.52993e+10,pktSum,4.25814e+11,aggrSum,5.76255e+08,blackkey_num,359377021,feedback,31,feedsumportion,0.710519,finger0,11,finger,15,time,313283,runTime,2367.77
line,39538776,total,0.00822408,total0,0.0811167,false,0.0012154,over,0.00489764,false0,0.0221342,over0,0.0891933,overaggr,0.00604467,overcuckoo,0.00217941,over_uai,0.00136867,over_uai,0.00158704,over_utai,0.00990576,over_utai,0.0107454,over_ai,0.00702898,over_ai,0.00903308,countIP,9.61199e+10,countIP0,1.03069e+11,keysum,9.53358e+10,pktSum,4.25999e+11,aggrSum,5.76274e+08,blackkey_num,360590813,feedback,31,feedsumportion,0.710519,finger0,11,finger,15,time,313283,runTime,2368.77
line,39555448,total,0.00822139,total0,0.0811689,false,0.00121226,over,0.00488414,false0,0.0222558,over0,0.089668,overaggr,0.00604246,overcuckoo,0.00217893,over_uai,0.000942128,over_uai,0.00172911,over_utai,0.00990179,over_utai,0.0107405,over_ai,0.00702635,over_ai,0.0090304,countIP,9.61572e+10,countIP0,1.03114e+11,keysum,9.53731e+10,pktSum,4.2618e+11,aggrSum,5.76288e+08,blackkey_num,361871394,feedback,31,feedsumportion,0.710519,finger0,11,finger,15,time,313283,runTime,2369.77
line,39572135,total,0.00821822,total0,0.0811679,false,0.0012089,over,0.00486772,false0,0.0222576,over0,0.0896216,overaggr,0.00604004,overcuckoo,0.00217818,over_uai,0.000869235,over_uai,0.00175729,over_utai,0.0098981,over_utai,0.0107359,over_ai,0.00702361,over_ai,0.00902667,countIP,9.61992e+10,countIP0,1.0316e+11,keysum,9.54151e+10,pktSum,4.26367e+11,aggrSum,5.76311e+08,blackkey_num,363125690,feedback,31,feedsumportion,0.710519,finger0,11,finger,15,time,313283,runTime,2370.77
line,39588887,total,0.00821497,total0,0.0811638,false,0.00120533,over,0.00485053,false0,0.0222521,over0,0.0895474,overaggr,0.00603758,overcuckoo,0.00217738,over_uai,0.00927802,over_uai,0.0239284,over_utai,0.00989768,over_utai,0.0107424,over_ai,0.00702069,over_ai,0.00902297,countIP,9.62409e+10,countIP0,1.03204e+11,keysum,9.54567e+10,pktSum,4.26553e+11,aggrSum,5.76328e+08,blackkey_num,364495943,feedback,33,feedsumportion,0.539937,finger0,11,finger,15,time,309092,runTime,2371.77
line,39605645,total,0.00821275,total0,0.0811681,false,0.00120381,over,0.00484273,false0,0.0222616,over0,0.0895547,overaggr,0.0060359,overcuckoo,0.00217685,over_uai,0.0113898,over_uai,0.0521336,over_utai,0.00989813,over_utai,0.0107639,over_ai,0.00701804,over_ai,0.00902137,countIP,9.62806e+10,countIP0,1.03248e+11,keysum,9.54963e+10,pktSum,4.26738e+11,aggrSum,5.76407e+08,blackkey_num,365804746,feedback,33,feedsumportion,0.539937,finger0,11,finger,15,time,309092,runTime,2372.77
line,39622485,total,0.00821116,total0,0.081205,false,0.0012037,over,0.00484064,false0,0.0223486,over0,0.0898739,overaggr,0.0060349,overcuckoo,0.00217626,over_uai,0.0118348,over_uai,0.00994612,over_utai,0.00989864,over_utai,0.0107634,over_ai,0.00701569,over_ai,0.00902074,countIP,9.63199e+10,countIP0,1.03293e+11,keysum,9.55354e+10,pktSum,4.26921e+11,aggrSum,5.76547e+08,blackkey_num,367240162,feedback,33,feedsumportion,0.539937,finger0,11,finger,15,time,309092,runTime,2373.77
line,39639537,total,0.00820796,total0,0.0812089,false,0.0012006,over,0.00482427,false0,0.022367,over0,0.0898755,overaggr,0.00603249,overcuckoo,0.00217548,over_uai,0.0123124,over_uai,0.0279375,over_utai,0.00989927,over_utai,0.0107719,over_ai,0.00701323,over_ai,0.00901621,countIP,9.63615e+10,countIP0,1.03339e+11,keysum,9.55771e+10,pktSum,4.27097e+11,aggrSum,5.76567e+08,blackkey_num,368829766,feedback,33,feedsumportion,0.539937,finger0,11,finger,15,time,309092,runTime,2374.77
line,39656221,total,0.00820492,total0,0.0812128,false,0.00119794,over,0.00480978,false0,0.0223846,over0,0.0898753,overaggr,0.00602995,overcuckoo,0.00217497,over_uai,0.0114394,over_uai,0.0587094,over_utai,0.0098998,over_utai,0.0107942,over_ai,0.00701051,over_ai,0.00901256,countIP,9.64044e+10,countIP0,1.03385e+11,keysum,9.56199e+10,pktSum,4.2728e+11,aggrSum,5.76583e+08,blackkey_num,370221820,feedback,33,feedsumportion,0.539937,finger0,11,finger,15,time,309092,runTime,2375.77
line,39672819,total,0.00820286,total0,0.0812117,false,0.00119772,over,0.00480504,false0,0.0223907,over0,0.0898278,overaggr,0.00602856,overcuckoo,0.00217429,over_uai,0.00532888,over_uai,0.00226428,over_utai,0.00989777,over_utai,0.0107899,over_ai,0.00700962,over_ai,0.00900856,countIP,9.64485e+10,countIP0,1.03433e+11,keysum,9.56638e+10,pktSum,4.27468e+11,aggrSum,5.76715e+08,blackkey_num,371472625,feedback,33,feedsumportion,0.802796,finger0,11,finger,15,time,311735,runTime,2376.77
line,39689321,total,0.0082003,total0,0.0812239,false,0.00119495,over,0.00479372,false0,0.0224123,over0,0.0899103,overaggr,0.00602636,overcuckoo,0.00217394,over_uai,0.00103013,over_uai,0.00243393,over_utai,0.00989471,over_utai,0.010785,over_ai,0.00700732,over_ai,0.0090053,countIP,9.64867e+10,countIP0,1.03475e+11,keysum,9.5702e+10,pktSum,4.27657e+11,aggrSum,5.76735e+08,blackkey_num,372773383,feedback,33,feedsumportion,0.802796,finger0,11,finger,15,time,311735,runTime,2377.77
line,39705530,total,0.00819748,total0,0.0812569,false,0.00119198,over,0.00478056,false0,0.0224868,over0,0.0901856,overaggr,0.00602406,overcuckoo,0.00217342,over_uai,0.000747532,over_uai,0.00189446,over_utai,0.00989128,over_utai,0.0107791,over_ai,0.00700521,over_ai,0.00900107,countIP,9.65264e+10,countIP0,1.03521e+11,keysum,9.57415e+10,pktSum,4.27845e+11,aggrSum,5.76753e+08,blackkey_num,374161314,feedback,33,feedsumportion,0.802796,finger0,11,finger,15,time,311735,runTime,2378.77
line,39722151,total,0.00819458,total0,0.0813099,false,0.00118925,over,0.00476733,false0,0.0226119,over0,0.0906437,overaggr,0.0060217,overcuckoo,0.00217288,over_uai,0.00106843,over_uai,0.00238212,over_utai,0.00988778,over_utai,0.0107743,over_ai,0.00700296,over_ai,0.0089971,countIP,9.6568e+10,countIP0,1.03571e+11,keysum,9.57831e+10,pktSum,4.28033e+11,aggrSum,5.76777e+08,blackkey_num,375404700,feedback,33,feedsumportion,0.802796,finger0,11,finger,15,time,311735,runTime,2379.77
line,39738848,total,0.00819169,total0,0.0813406,false,0.00118673,over,0.00475433,false0,0.0226874,over0,0.0908913,overaggr,0.0060193,overcuckoo,0.00217239,over_uai,0.000767962,over_uai,0.00231147,over_utai,0.009884,over_utai,0.0107695,over_ai,0.00700044,over_ai,0.00899344,countIP,9.66099e+10,countIP0,1.03619e+11,keysum,9.58249e+10,pktSum,4.28217e+11,aggrSum,5.76799e+08,blackkey_num,376491501,feedback,33,feedsumportion,0.802796,finger0,11,finger,15,time,311735,runTime,2380.77
line,39755101,total,0.00818871,total0,0.0813652,false,0.0011841,over,0.00474087,false0,0.0227485,over0,0.09108,overaggr,0.00601708,overcuckoo,0.00217163,over_uai,0.000787247,over_uai,0.0024148,over_utai,0.00988006,over_utai,0.010765,over_ai,0.00699789,over_ai,0.00898982,countIP,9.66525e+10,countIP0,1.03668e+11,keysum,9.58674e+10,pktSum,4.28405e+11,aggrSum,5.76842e+08,blackkey_num,377821103,feedback,34,feedsumportion,0.787814,finger0,11,finger,15,time,311436,runTime,2381.77
line,39771496,total,0.00818579,total0,0.0814018,false,0.00118138,over,0.00472767,false0,0.0228343,over0,0.091379,overaggr,0.00601482,overcuckoo,0.00217097,over_uai,0.000980639,over_uai,0.00269961,over_utai,0.00987616,over_utai,0.0107609,over_ai,0.0069955,over_ai,0.00898592,countIP,9.66939e+10,countIP0,1.03716e+11,keysum,9.59088e+10,pktSum,4.28591e+11,aggrSum,5.76874e+08,blackkey_num,379155990,feedback,34,feedsumportion,0.787814,finger0,11,finger,15,time,311436,runTime,2382.77
line,39787777,total,0.00818361,total0,0.0814655,false,0.00117985,over,0.0047206,false0,0.022976,over0,0.0919272,overaggr,0.0060132,overcuckoo,0.00217042,over_uai,0.00214189,over_uai,0.00248924,over_utai,0.00987258,over_utai,0.0107566,over_ai,0.00699387,over_ai,0.00898283,countIP,9.67332e+10,countIP0,1.03764e+11,keysum,9.5948e+10,pktSum,4.28779e+11,aggrSum,5.76954e+08,blackkey_num,380335039,feedback,34,feedsumportion,0.787814,finger0,11,finger,15,time,311436,runTime,2383.77
line,39804389,total,0.00818104,total0,0.0814991,false,0.00117792,over,0.00471049,false0,0.0230544,over0,0.0921945,overaggr,0.00601134,overcuckoo,0.0021697,over_uai,0.000966697,over_uai,0.00305022,over_utai,0.00986848,over_utai,0.0107531,over_ai,0.00699147,over_ai,0.00897984,countIP,9.6774e+10,countIP0,1.03812e+11,keysum,9.59887e+10,pktSum,4.28961e+11,aggrSum,5.77021e+08,blackkey_num,381703263,feedback,34,feedsumportion,0.787814,finger0,11,finger,15,time,311436,runTime,2384.77
line,39820928,total,0.00817836,total0,0.0815403,false,0.00117616,over,0.00470003,false0,0.0231546,over0,0.0925277,overaggr,0.00600922,overcuckoo,0.00216914,over_uai,0.00153381,over_uai,0.00214562,over_utai,0.00986511,over_utai,0.0107478,over_ai,0.0069896,over_ai,0.00897563,countIP,9.68167e+10,countIP0,1.03862e+11,keysum,9.60313e+10,pktSum,4.29144e+11,aggrSum,5.77073e+08,blackkey_num,382826193,feedback,34,feedsumportion,0.787814,finger0,11,finger,15,time,311436,runTime,2385.77
line,39837144,total,0.00817507,total0,0.0815815,false,0.00117301,over,0.00468441,false0,0.0232522,over0,0.0928572,overaggr,0.00600665,overcuckoo,0.00216842,over_uai,0.000393136,over_uai,0.0369694,over_utai,0.00986102,over_utai,0.0107625,over_ai,0.00698706,over_ai,0.00897116,countIP,9.68601e+10,countIP0,1.03913e+11,keysum,9.60747e+10,pktSum,4.29333e+11,aggrSum,5.77087e+08,blackkey_num,384201544,feedback,33,feedsumportion,0.780251,finger0,11,finger,15,time,315865,runTime,2386.77
line,39853488,total,0.00817253,total0,0.0816305,false,0.00117035,over,0.00467367,false0,0.023354,over0,0.093262,overaggr,0.00600452,overcuckoo,0.00216801,over_uai,0.000783318,over_uai,0.039245,over_utai,0.00985734,over_utai,0.0107767,over_ai,0.00698479,over_ai,0.00896796,countIP,9.68976e+10,countIP0,1.03958e+11,keysum,9.61121e+10,pktSum,4.29519e+11,aggrSum,5.77106e+08,blackkey_num,385470323,feedback,33,feedsumportion,0.780251,finger0,11,finger,15,time,315865,runTime,2387.77
line,39869978,total,0.0081694,total0,0.0816846,false,0.00116675,over,0.00465871,false0,0.0234683,over0,0.0937064,overaggr,0.00600216,overcuckoo,0.00216725,over_uai,0.000549478,over_uai,0.0363118,over_utai,0.00985368,over_utai,0.0107911,over_ai,0.00698252,over_ai,0.00896352,countIP,9.69379e+10,countIP0,1.04007e+11,keysum,9.61524e+10,pktSum,4.29715e+11,aggrSum,5.77122e+08,blackkey_num,386680692,feedback,33,feedsumportion,0.780251,finger0,11,finger,15,time,315865,runTime,2388.77
line,39886258,total,0.00816657,total0,0.0817393,false,0.00116364,over,0.00464584,false0,0.0235832,over0,0.094156,overaggr,0.00599994,overcuckoo,0.00216663,over_uai,0.000577738,over_uai,0.0171938,over_utai,0.00984959,over_utai,0.0107942,over_ai,0.00697998,over_ai,0.00896028,countIP,9.69765e+10,countIP0,1.04054e+11,keysum,9.6191e+10,pktSum,4.29903e+11,aggrSum,5.7714e+08,blackkey_num,388003564,feedback,33,feedsumportion,0.780251,finger0,11,finger,15,time,315865,runTime,2389.77
line,39902536,total,0.00816388,total0,0.0818039,false,0.00116073,over,0.00463413,false0,0.0237181,over0,0.0946925,overaggr,0.00599783,overcuckoo,0.00216606,over_uai,0.000716764,over_uai,0.00183492,over_utai,0.00984531,over_utai,0.0107903,over_ai,0.00697734,over_ai,0.00895763,countIP,9.70143e+10,countIP0,1.04101e+11,keysum,9.62287e+10,pktSum,4.30091e+11,aggrSum,5.77163e+08,blackkey_num,389386151,feedback,33,feedsumportion,0.780251,finger0,11,finger,15,time,315865,runTime,2390.77
line,39919329,total,0.00816217,total0,0.0818625,false,0.00116014,over,0.00463119,false0,0.0238414,over0,0.0951725,overaggr,0.00599671,overcuckoo,0.00216546,over_uai,0.00365881,over_uai,0.0161385,over_utai,0.00984257,over_utai,0.0107924,over_ai,0.00697564,over_ai,0.00895555,countIP,9.70522e+10,countIP0,1.04147e+11,keysum,9.62664e+10,pktSum,4.30274e+11,aggrSum,5.77282e+08,blackkey_num,391176984,feedback,28,feedsumportion,0.520583,finger0,11,finger,15,time,307614,runTime,2391.77
line,39935959,total,0.00816314,total0,0.0819124,false,0.00116549,over,0.0046519,false0,0.0239449,over0,0.0955727,overaggr,0.00599838,overcuckoo,0.00216476,over_uai,0.0151561,over_uai,0.0339035,over_utai,0.00984441,over_utai,0.010802,over_ai,0.00697943,over_ai,0.00895219,countIP,9.70894e+10,countIP0,1.04192e+11,keysum,9.63032e+10,pktSum,4.30451e+11,aggrSum,5.77663e+08,blackkey_num,392888096,feedback,28,feedsumportion,0.520583,finger0,11,finger,15,time,307614,runTime,2392.77
line,39951613,total,0.00816436,total0,0.0819786,false,0.00117049,over,0.00467271,false0,0.0240783,over0,0.096123,overaggr,0.00600008,overcuckoo,0.00216428,over_uai,0.0121912,over_uai,0.082805,over_utai,0.0098451,over_utai,0.0108298,over_ai,0.00698223,over_ai,0.00895096,countIP,9.71204e+10,countIP0,1.04231e+11,keysum,9.63339e+10,pktSum,4.30612e+11,aggrSum,5.78011e+08,blackkey_num,394298125,feedback,28,feedsumportion,0.520583,finger0,11,finger,15,time,307614,runTime,2393.68
line,39968375,total,0.00816896,total0,0.0820399,false,0.0049388,over,0.0202855,false0,0.0592824,over0,0.243495,overaggr,0.00600524,overcuckoo,0.00216372,over_uai,0.0228305,over_uai,0.0144759,over_utai,0.00985087,over_utai,0.0108315,over_ai,0.00699186,over_ai,0.00894837,countIP,9.71577e+10,countIP0,1.04277e+11,keysum,9.63705e+10,pktSum,4.30799e+11,aggrSum,5.78728e+08,blackkey_num,1459760,feedback,28,feedsumportion,0.520583,finger0,11,finger,15,time,307614,runTime,2394.68
line,39985549,total,0.00817818,total0,0.0820933,false,0.0064846,over,0.0251321,false0,0.0575026,over0,0.22286,overaggr,0.0060151,overcuckoo,0.00216308,over_uai,0.0370792,over_uai,0.0136297,over_utai,0.00986341,over_utai,0.0108328,over_ai,0.00701002,over_ai,0.00894488,countIP,9.72009e+10,countIP0,1.04327e+11,keysum,9.64124e+10,pktSum,4.30995e+11,aggrSum,5.79931e+08,blackkey_num,2745025,feedback,28,feedsumportion,0.520583,finger0,11,finger,15,time,307614,runTime,2395.68
line,40002802,total,0.00818634,total0,0.0821413,false,0.00686164,over,0.025841,false0,0.0565317,over0,0.212899,overaggr,0.00602384,overcuckoo,0.0021625,over_uai,0.0458339,over_uai,0.0018069,over_utai,0.00987893,over_utai,0.0108276,over_ai,0.00702647,over_ai,0.00894101,countIP,9.72434e+10,countIP0,1.04377e+11,keysum,9.64538e+10,pktSum,4.31184e+11,aggrSum,5.81023e+08,blackkey_num,3456817,feedback,36,feedsumportion,0.968934,finger0,11,finger,15,time,376062,runTime,2396.68
line,40019951,total,0.00818949,total0,0.0821855,false,0.006306,over,0.0232844,false0,0.0559253,over0,0.2065,overaggr,0.00602755,overcuckoo,0.00216194,over_uai,0.0323006,over_uai,0.00175893,over_utai,0.00988899,over_utai,0.0108234,over_ai,0.00703417,over_ai,0.00893775,countIP,9.72845e+10,countIP0,1.04425e+11,keysum,9.64942e+10,pktSum,4.31365e+11,aggrSum,5.81623e+08,blackkey_num,4080418,feedback,36,feedsumportion,0.968934,finger0,11,finger,15,time,376062,runTime,2397.68
line,40036692,total,0.00819435,total0,0.0822214,false,0.00618813,over,0.0223686,false0,0.0544982,over0,0.196998,overaggr,0.00603231,overcuckoo,0.00216205,over_uai,0.0425988,over_uai,0.0026506,over_utai,0.00990312,over_utai,0.0108183,over_ai,0.00704478,over_ai,0.00893419,countIP,9.73288e+10,countIP0,1.04475e+11,keysum,9.65377e+10,pktSum,4.31553e+11,aggrSum,5.82345e+08,blackkey_num,4577265,feedback,36,feedsumportion,0.968934,finger0,11,finger,15,time,376062,runTime,2398.68
line,40053901,total,0.00819988,total0,0.0822633,false,0.00609983,over,0.0223521,false0,0.0534095,over0,0.195713,overaggr,0.00603841,overcuckoo,0.00216147,over_uai,0.0527366,over_uai,0.00353613,over_utai,0.00991892,over_utai,0.0108141,over_ai,0.00705627,over_ai,0.00893081,countIP,9.73675e+10,countIP0,1.0452e+11,keysum,9.65756e+10,pktSum,4.3174e+11,aggrSum,5.83163e+08,blackkey_num,5116105,feedback,36,feedsumportion,0.968934,finger0,11,finger,15,time,376062,runTime,2399.68
line,40070846,total,0.00820753,total0,0.0823007,false,0.00621594,over,0.0231805,false0,0.0520343,over0,0.194047,overaggr,0.00604651,overcuckoo,0.00216102,over_uai,0.0559678,over_uai,0.0110828,over_utai,0.00993665,over_utai,0.0108139,over_ai,0.00706779,over_ai,0.00893234,countIP,9.74045e+10,countIP0,1.04563e+11,keysum,9.66116e+10,pktSum,4.31926e+11,aggrSum,5.84163e+08,blackkey_num,5822626,feedback,36,feedsumportion,0.968934,finger0,11,finger,15,time,376062,runTime,2400.68
line,40088027,total,0.00820512,total0,0.0823509,false,0.00548076,over,0.0207507,false0,0.0520221,over0,0.196961,overaggr,0.00604452,overcuckoo,0.0021606,over_uai,0.00662821,over_uai,0.00233564,over_utai,0.00993522,over_utai,0.0108104,over_ai,0.00706538,over_ai,0.00892981,countIP,9.74398e+10,countIP0,1.04606e+11,keysum,9.66468e+10,pktSum,4.3211e+11,aggrSum,5.84184e+08,blackkey_num,7841949,feedback,42,feedsumportion,0.971446,finger0,11,finger,15,time,306731,runTime,2401.68
line,40105123,total,0.00820278,total0,0.0824003,false,0.00490929,over,0.0188999,false0,0.0519092,over0,0.199841,overaggr,0.00604268,overcuckoo,0.00216009,over_uai,0.00509559,over_uai,0.00254414,over_utai,0.0099332,over_utai,0.0108068,over_ai,0.00706305,over_ai,0.00892714,countIP,9.74729e+10,countIP0,1.04646e+11,keysum,9.66798e+10,pktSum,4.3229e+11,aggrSum,5.84206e+08,blackkey_num,9903825,feedback,42,feedsumportion,0.971446,finger0,11,finger,15,time,306731,runTime,2402.68
line,40122525,total,0.00820059,total0,0.0824487,false,0.00445695,over,0.0173871,false0,0.0516913,over0,0.201654,overaggr,0.00604088,overcuckoo,0.00215971,over_uai,0.00542622,over_uai,0.00291207,over_utai,0.00993117,over_utai,0.0108029,over_ai,0.00706046,over_ai,0.00892524,countIP,9.75069e+10,countIP0,1.04688e+11,keysum,9.67138e+10,pktSum,4.32474e+11,aggrSum,5.84237e+08,blackkey_num,11201010,feedback,42,feedsumportion,0.971446,finger0,11,finger,15,time,306731,runTime,2403.68
line,40139856,total,0.00819806,total0,0.0824783,false,0.00406993,over,0.0160262,false0,0.0504271,over0,0.198567,overaggr,0.00603896,overcuckoo,0.0021591,over_uai,0.00582777,over_uai,0.00135078,over_utai,0.00992951,over_utai,0.010798,over_ai,0.0070581,over_ai,0.00892235,countIP,9.75417e+10,countIP0,1.04728e+11,keysum,9.67486e+10,pktSum,4.3266e+11,aggrSum,5.84261e+08,blackkey_num,12366843,feedback,42,feedsumportion,0.971446,finger0,11,finger,15,time,306731,runTime,2404.68
line,40156983,total,0.0081953,total0,0.0824757,false,0.0037811,over,0.014779,false0,0.0481648,over0,0.18826,overaggr,0.00603683,overcuckoo,0.00215847,over_uai,0.0062624,over_uai,0.00176219,over_utai,0.00992803,over_utai,0.0107936,over_ai,0.00705573,over_ai,0.00891885,countIP,9.75798e+10,countIP0,1.04769e+11,keysum,9.67866e+10,pktSum,4.32834e+11,aggrSum,5.84284e+08,blackkey_num,13709939,feedback,42,feedsumportion,0.971446,finger0,11,finger,15,time,306731,runTime,2405.68
line,40174345,total,0.00819293,total0,0.0824723,false,0.00352483,over,0.0138336,false0,0.0458544,over0,0.179961,overaggr,0.00603485,overcuckoo,0.00215808,over_uai,0.0172487,over_uai,0.00219577,over_utai,0.00993015,over_utai,0.0107894,over_ai,0.00705362,over_ai,0.00891606,countIP,9.7615e+10,countIP0,1.04807e+11,keysum,9.68217e+10,pktSum,4.33015e+11,aggrSum,5.84304e+08,blackkey_num,14998094,feedback,35,feedsumportion,0.421805,finger0,11,finger,15,time,309959,runTime,2406.68
line,40191518,total,0.00819046,total0,0.0824738,false,0.00329942,over,0.0129876,false0,0.0440804,over0,0.173515,overaggr,0.00603282,overcuckoo,0.00215764,over_uai,0.0169491,over_uai,0.00358345,over_utai,0.0099324,over_utai,0.010786,over_ai,0.00705121,over_ai,0.00891355,countIP,9.76513e+10,countIP0,1.04846e+11,keysum,9.6858e+10,pktSum,4.33199e+11,aggrSum,5.84326e+08,blackkey_num,16803512,feedback,35,feedsumportion,0.421805,finger0,11,finger,15,time,309959,runTime,2407.68
line,40208608,total,0.00818829,total0,0.0824819,false,0.00310265,over,0.0123264,false0,0.0426662,over0,0.169507,overaggr,0.00603102,overcuckoo,0.00215728,over_uai,0.0159552,over_uai,0.00243103,over_utai,0.00993419,over_utai,0.0107814,over_ai,0.00704902,over_ai,0.00891128,countIP,9.76844e+10,countIP0,1.04883e+11,keysum,9.6891e+10,pktSum,4.33383e+11,aggrSum,5.84352e+08,blackkey_num,19398555,feedback,35,feedsumportion,0.421805,finger0,11,finger,15,time,309959,runTime,2408.68
line,40225382,total,0.0081859,total0,0.0824785,false,0.00295065,over,0.011676,false0,0.0413133,over0,0.163481,overaggr,0.00602915,overcuckoo,0.00215675,over_uai,0.0109204,over_uai,0.00285195,over_utai,0.00993432,over_utai,0.0107776,over_ai,0.00704645,over_ai,0.00890912,countIP,9.77219e+10,countIP0,1.04923e+11,keysum,9.69284e+10,pktSum,4.3356e+11,aggrSum,5.84396e+08,blackkey_num,20693995,feedback,35,feedsumportion,0.421805,finger0,11,finger,15,time,309959,runTime,2409.68
line,40242342,total,0.00818384,total0,0.0824754,false,0.0028151,over,0.0111642,false0,0.0399677,over0,0.158506,overaggr,0.00602749,overcuckoo,0.00215635,over_uai,0.0106499,over_uai,0.00378088,over_utai,0.00993439,over_utai,0.0107746,over_ai,0.00704388,over_ai,0.00890772,countIP,9.7757e+10,countIP0,1.04961e+11,keysum,9.69634e+10,pktSum,4.33739e+11,aggrSum,5.84446e+08,blackkey_num,21983063,feedback,35,feedsumportion,0.421805,finger0,11,finger,15,time,309959,runTime,2410.68
line,40259233,total,0.00818176,total0,0.0824736,false,0.00267763,over,0.0107171,false0,0.0386311,over0,0.15462,overaggr,0.00602572,overcuckoo,0.00215604,over_uai,0.00189186,over_uai,0.00658183,over_utai,0.00993145,over_utai,0.0107729,over_ai,0.00704151,over_ai,0.00890602,countIP,9.77884e+10,countIP0,1.04994e+11,keysum,9.69949e+10,pktSum,4.33919e+11,aggrSum,5.84464e+08,blackkey_num,23430021,feedback,35,feedsumportion,0.662609,finger0,11,finger,15,time,307209,runTime,2411.68
line,40276093,total,0.00817935,total0,0.0824728,false,0.00255696,over,0.0102552,false0,0.0376269,over0,0.15091,overaggr,0.0060237,overcuckoo,0.00215566,over_uai,0.00312269,over_uai,0.00328362,over_utai,0.00992891,over_utai,0.0107696,over_ai,0.00703898,over_ai,0.00890388,countIP,9.78233e+10,countIP0,1.05032e+11,keysum,9.70296e+10,pktSum,4.34099e+11,aggrSum,5.84477e+08,blackkey_num,24658278,feedback,35,feedsumportion,0.662609,finger0,11,finger,15,time,307209,runTime,2412.68
line,40292279,total,0.00817674,total0,0.0824897,false,0.00244516,over,0.00980712,false0,0.0373561,over0,0.149829,overaggr,0.00602164,overcuckoo,0.0021551,over_uai,0.003328,over_uai,0.00280308,over_utai,0.00992645,over_utai,0.0107663,over_ai,0.00703623,over_ai,0.00890157,countIP,9.78588e+10,countIP0,1.05072e+11,keysum,9.70651e+10,pktSum,4.34277e+11,aggrSum,5.84491e+08,blackkey_num,26003242,feedback,35,feedsumportion,0.662609,finger0,11,finger,15,time,307209,runTime,2413.68
line,40308603,total,0.00817435,total0,0.0825016,false,0.00234928,over,0.00943055,false0,0.0369362,over0,0.14827,overaggr,0.00601964,overcuckoo,0.00215471,over_uai,0.00328902,over_uai,0.00288829,over_utai,0.0099237,over_utai,0.0107632,over_ai,0.00703347,over_ai,0.00889994,countIP,9.78937e+10,countIP0,1.05111e+11,keysum,9.70999e+10,pktSum,4.34453e+11,aggrSum,5.84506e+08,blackkey_num,27236938,feedback,35,feedsumportion,0.662609,finger0,11,finger,15,time,307209,runTime,2414.68
line,40325034,total,0.0081718,total0,0.0824967,false,0.00226348,over,0.00906384,false0,0.0361139,over0,0.144614,overaggr,0.00601755,overcuckoo,0.00215425,over_uai,0.0023719,over_uai,0.00537654,over_utai,0.00992074,over_utai,0.0107605,over_ai,0.00703093,over_ai,0.00889735,countIP,9.79311e+10,countIP0,1.05151e+11,keysum,9.71374e+10,pktSum,4.34633e+11,aggrSum,5.84529e+08,blackkey_num,28559143,feedback,35,feedsumportion,0.662609,finger0,11,finger,15,time,307209,runTime,2415.68
line,40341436,total,0.00816936,total0,0.0824965,false,0.00218904,over,0.0087416,false0,0.0355126,over0,0.141814,overaggr,0.00601566,overcuckoo,0.0021537,over_uai,0.00364852,over_uai,0.00351229,over_utai,0.00991825,over_utai,0.0107576,over_ai,0.0070283,over_ai,0.00889516,countIP,9.79688e+10,countIP0,1.05192e+11,keysum,9.7175e+10,pktSum,4.34812e+11,aggrSum,5.84572e+08,blackkey_num,29841220,feedback,32,feedsumportion,0.513353,finger0,11,finger,15,time,309952,runTime,2416.68
line,40357402,total,0.00816676,total0,0.082494,false,0.00211635,over,0.00842983,false0,0.0348963,over0,0.138999,overaggr,0.00601362,overcuckoo,0.00215315,over_uai,0.00315914,over_uai,0.00228925,over_utai,0.00991599,over_utai,0.0107535,over_ai,0.007026,over_ai,0.00889198,countIP,9.80065e+10,countIP0,1.05232e+11,keysum,9.72126e+10,pktSum,4.34991e+11,aggrSum,5.84599e+08,blackkey_num,30979420,feedback,32,feedsumportion,0.513353,finger0,11,finger,15,time,309952,runTime,2417.68
line,40373722,total,0.00816396,total0,0.0824948,false,0.00204385,over,0.0081214,false0,0.0344057,over0,0.136714,overaggr,0.00601144,overcuckoo,0.00215251,over_uai,0.0084434,over_uai,0.00187253,over_utai,0.00991532,over_utai,0.0107492,over_ai,0.00702357,over_ai,0.00888854,countIP,9.8045e+10,countIP0,1.05274e+11,keysum,9.72511e+10,pktSum,4.35174e+11,aggrSum,5.84619e+08,blackkey_num,32197729,feedback,32,feedsumportion,0.513353,finger0,11,finger,15,time,309952,runTime,2418.68
line,40390733,total,0.00816139,total0,0.0824816,false,0.00197901,over,0.00786068,false0,0.0335614,over0,0.133307,overaggr,0.00600938,overcuckoo,0.00215201,over_uai,0.00916404,over_uai,0.0023094,over_utai,0.00991488,over_utai,0.0107454,over_ai,0.00702159,over_ai,0.00888514,countIP,9.80814e+10,countIP0,1.05312e+11,keysum,9.72874e+10,pktSum,4.35353e+11,aggrSum,5.84637e+08,blackkey_num,33762786,feedback,32,feedsumportion,0.513353,finger0,11,finger,15,time,309952,runTime,2419.68
line,40407816,total,0.00815873,total0,0.0824731,false,0.0019258,over,0.00761242,false0,0.0329951,over0,0.130425,overaggr,0.00600727,overcuckoo,0.00215146,over_uai,0.00490043,over_uai,0.00257958,over_utai,0.00991269,over_utai,0.0107415,over_ai,0.00701894,over_ai,0.00888238,countIP,9.81215e+10,countIP0,1.05354e+11,keysum,9.73275e+10,pktSum,4.35533e+11,aggrSum,5.84672e+08,blackkey_num,35024827,feedback,32,feedsumportion,0.513353,finger0,11,finger,15,time,309952,runTime,2420.68
line,40424844,total,0.00815672,total0,0.0824681,false,0.0018777,over,0.0074406,false0,0.0323933,over0,0.128362,overaggr,0.0060058,overcuckoo,0.00215092,over_uai,0.0134503,over_uai,0.00365686,over_utai,0.00991393,over_utai,0.010738,over_ai,0.00701651,over_ai,0.00888091,countIP,9.81556e+10,countIP0,1.05391e+11,keysum,9.73615e+10,pktSum,4.35712e+11,aggrSum,5.84733e+08,blackkey_num,36365368,feedback,32,feedsumportion,0.676221,finger0,11,finger,15,time,311621,runTime,2421.68
line,40441875,total,0.0081551,total0,0.0824606,false,0.00183928,over,0.00731348,false0,0.0317501,over0,0.126247,overaggr,0.00600467,overcuckoo,0.00215043,over_uai,0.0194792,over_uai,0.00459437,over_utai,0.00991705,over_utai,0.010735,over_ai,0.00701415,over_ai,0.00888035,countIP,9.81887e+10,countIP0,1.05426e+11,keysum,9.73945e+10,pktSum,4.3589e+11,aggrSum,5.84821e+08,blackkey_num,37951364,feedback,32,feedsumportion,0.676221,finger0,11,finger,15,time,311621,runTime,2422.68
line,40459103,total,0.00815479,total0,0.0824502,false,0.00184328,over,0.00731508,false0,0.0311966,over0,0.123804,overaggr,0.00600505,overcuckoo,0.00214973,over_uai,0.018427,over_uai,0.0098023,over_utai,0.0099199,over_utai,0.0107344,over_ai,0.00701157,over_ai,0.00888318,countIP,9.82271e+10,countIP0,1.05466e+11,keysum,9.74326e+10,pktSum,4.36071e+11,aggrSum,5.85088e+08,blackkey_num,39875314,feedback,32,feedsumportion,0.676221,finger0,11,finger,15,time,311621,runTime,2423.68
line,40476389,total,0.00815224,total0,0.0824348,false,0.00180182,over,0.00712572,false0,0.0306151,over0,0.121074,overaggr,0.00600318,overcuckoo,0.00214906,over_uai,0.015717,over_uai,0.00248557,over_utai,0.00992197,over_utai,0.0107307,over_ai,0.00700895,over_ai,0.0088806,countIP,9.82658e+10,countIP0,1.05506e+11,keysum,9.74712e+10,pktSum,4.36248e+11,aggrSum,5.85137e+08,blackkey_num,41905849,feedback,32,feedsumportion,0.676221,finger0,11,finger,15,time,311621,runTime,2424.68
line,40493198,total,0.00814977,total0,0.0824234,false,0.00175762,over,0.00695214,false0,0.0300678,over0,0.118931,overaggr,0.00600134,overcuckoo,0.00214843,over_uai,0.0153673,over_uai,0.0019695,over_utai,0.00992358,over_utai,0.0107261,over_ai,0.00700661,over_ai,0.00887792,countIP,9.83023e+10,countIP0,1.05545e+11,keysum,9.75076e+10,pktSum,4.36429e+11,aggrSum,5.85176e+08,blackkey_num,43269237,feedback,32,feedsumportion,0.676221,finger0,11,finger,15,time,311621,runTime,2425.68
line,40509592,total,0.00814709,total0,0.0824116,false,0.0017119,over,0.00677327,false0,0.0295318,over0,0.116845,overaggr,0.00599924,overcuckoo,0.00214784,over_uai,0.0029644,over_uai,0.0137183,over_utai,0.00992099,over_utai,0.0107275,over_ai,0.00700412,over_ai,0.00887491,countIP,9.83401e+10,countIP0,1.05584e+11,keysum,9.75453e+10,pktSum,4.36617e+11,aggrSum,5.85198e+08,blackkey_num,44795079,feedback,39,feedsumportion,0.861447,finger0,11,finger,15,time,310887,runTime,2426.68
line,40526291,total,0.00814392,total0,0.0823969,false,0.00167989,over,0.00657947,false0,0.0292117,over0,0.114411,overaggr,0.00599672,overcuckoo,0.0021472,over_uai,0.00186522,over_uai,0.0143495,over_utai,0.00991774,over_utai,0.0107295,over_ai,0.00700134,over_ai,0.00887113,countIP,9.83874e+10,countIP0,1.05634e+11,keysum,9.75926e+10,pktSum,4.36801e+11,aggrSum,5.85235e+08,blackkey_num,46198196,feedback,39,feedsumportion,0.861447,finger0,11,finger,15,time,310887,runTime,2427.68
line,40543137,total,0.00814062,total0,0.0823849,false,0.00164759,over,0.00638975,false0,0.0289688,over0,0.112348,overaggr,0.00599407,overcuckoo,0.00214655,over_uai,0.00399182,over_uai,0.0131979,over_utai,0.0099155,over_utai,0.0107309,over_ai,0.00699884,over_ai,0.00886636,countIP,9.8435e+10,countIP0,1.05684e+11,keysum,9.76402e+10,pktSum,4.36985e+11,aggrSum,5.85263e+08,blackkey_num,47574365,feedback,39,feedsumportion,0.861447,finger0,11,finger,15,time,310887,runTime,2428.68
line,40560069,total,0.00813808,total0,0.0823793,false,0.00161399,over,0.00625366,false0,0.0286773,over0,0.111115,overaggr,0.00599199,overcuckoo,0.00214609,over_uai,0.00297937,over_uai,0.0213679,over_utai,0.00991311,over_utai,0.0107355,over_ai,0.00699646,over_ai,0.0088636,countIP,9.84724e+10,countIP0,1.05724e+11,keysum,9.76775e+10,pktSum,4.37162e+11,aggrSum,5.85282e+08,blackkey_num,49116083,feedback,39,feedsumportion,0.861447,finger0,11,finger,15,time,310887,runTime,2429.68
line,40577092,total,0.00813603,total0,0.0823884,false,0.00158347,over,0.00615324,false0,0.0285837,over0,0.111074,overaggr,0.00599029,overcuckoo,0.00214575,over_uai,0.00415387,over_uai,0.0238041,over_utai,0.00991108,over_utai,0.0107405,over_ai,0.00699416,over_ai,0.00886189,countIP,9.85052e+10,countIP0,1.0576e+11,keysum,9.77102e+10,pktSum,4.37337e+11,aggrSum,5.85312e+08,blackkey_num,50670789,feedback,39,feedsumportion,0.861447,finger0,11,finger,15,time,310887,runTime,2430.68
line,40593751,total,0.00813472,total0,0.0823879,false,0.00156763,over,0.00610956,false0,0.0283166,over0,0.110359,overaggr,0.00598923,overcuckoo,0.0021455,over_uai,0.0152279,over_uai,0.00527011,over_utai,0.00991277,over_utai,0.010738,over_ai,0.0069922,over_ai,0.00886157,countIP,9.85389e+10,countIP0,1.05797e+11,keysum,9.77437e+10,pktSum,4.37517e+11,aggrSum,5.85409e+08,blackkey_num,51991501,feedback,34,feedsumportion,0.58192,finger0,11,finger,15,time,313528,runTime,2431.68
line,40610585,total,0.00813312,total0,0.0823897,false,0.00154896,over,0.00604922,false0,0.0281179,over0,0.10981,overaggr,0.00598785,overcuckoo,0.00214527,over_uai,0.013368,over_uai,0.00532589,over_utai,0.00991378,over_utai,0.0107357,over_ai,0.00698996,over_ai,0.00886087,countIP,9.85734e+10,countIP0,1.05834e+11,keysum,9.77782e+10,pktSum,4.37697e+11,aggrSum,5.85481e+08,blackkey_num,53544073,feedback,34,feedsumportion,0.58192,finger0,11,finger,15,time,313528,runTime,2432.68
line,40627401,total,0.00813199,total0,0.0823859,false,0.00153967,over,0.00602323,false0,0.0278415,over0,0.108917,overaggr,0.00598707,overcuckoo,0.00214492,over_uai,0.0159556,over_uai,0.00671043,over_utai,0.0099155,over_utai,0.0107336,over_ai,0.0069877,over_ai,0.00886111,countIP,9.86084e+10,countIP0,1.05871e+11,keysum,9.78129e+10,pktSum,4.37878e+11,aggrSum,5.85612e+08,blackkey_num,54869255,feedback,34,feedsumportion,0.58192,finger0,11,finger,15,time,313528,runTime,2433.68
line,40644090,total,0.0081306,total0,0.0823799,false,0.00152224,over,0.00597883,false0,0.0274856,over0,0.107954,overaggr,0.0059861,overcuckoo,0.00214449,over_uai,0.0158589,over_uai,0.00503849,over_utai,0.0099175,over_utai,0.0107308,over_ai,0.00698553,over_ai,0.00886073,countIP,9.86411e+10,countIP0,1.05906e+11,keysum,9.78456e+10,pktSum,4.38062e+11,aggrSum,5.85714e+08,blackkey_num,56414248,feedback,34,feedsumportion,0.58192,finger0,11,finger,15,time,313528,runTime,2434.68
line,40660407,total,0.00812817,total0,0.0823721,false,0.00149539,over,0.00587711,false0,0.0271866,over0,0.106847,overaggr,0.00598424,overcuckoo,0.00214393,over_uai,0.00925642,over_uai,0.0105099,over_utai,0.00991708,over_utai,0.0107304,over_ai,0.0069833,over_ai,0.00885794,countIP,9.86783e+10,countIP0,1.05946e+11,keysum,9.78827e+10,pktSum,4.38248e+11,aggrSum,5.85754e+08,blackkey_num,57980617,feedback,34,feedsumportion,0.58192,finger0,11,finger,15,time,313528,runTime,2435.68
line,40676902,total,0.00813031,total0,0.0823824,false,0.00153761,over,0.00605752,false0,0.0271516,over0,0.106966,overaggr,0.00598626,overcuckoo,0.00214405,over_uai,0.0102276,over_uai,0.0165908,over_utai,0.009917,over_utai,0.0107326,over_ai,0.00698112,over_ai,0.00886584,countIP,9.87125e+10,countIP0,1.05983e+11,keysum,9.79164e+10,pktSum,4.38429e+11,aggrSum,5.86153e+08,blackkey_num,60039295,feedback,35,feedsumportion,0.880192,finger0,11,finger,15,time,309154,runTime,2436.68
line,40692834,total,0.00813269,total0,0.0823786,false,0.00157861,over,0.00624389,false0,0.0268581,over0,0.106232,overaggr,0.00598859,overcuckoo,0.0021441,over_uai,0.0112978,over_uai,0.0139661,over_utai,0.00991732,over_utai,0.0107342,over_ai,0.0069796,over_ai,0.0088737,countIP,9.8746e+10,countIP0,1.06018e+11,keysum,9.79494e+10,pktSum,4.38618e+11,aggrSum,5.86579e+08,blackkey_num,60779527,feedback,35,feedsumportion,0.880192,finger0,11,finger,15,time,309154,runTime,2437.68
line,40709250,total,0.00813417,total0,0.0823656,false,0.00161154,over,0.00637416,false0,0.0265291,over0,0.104931,overaggr,0.00599013,overcuckoo,0.00214404,over_uai,0.0154186,over_uai,0.0154376,over_utai,0.00991918,over_utai,0.0107363,over_ai,0.0069775,over_ai,0.00888008,countIP,9.87833e+10,countIP0,1.06057e+11,keysum,9.79862e+10,pktSum,4.388e+11,aggrSum,5.8695e+08,blackkey_num,61843307,feedback,35,feedsumportion,0.880192,finger0,11,finger,15,time,309154,runTime,2438.68
line,40725748,total,0.00813567,total0,0.0823527,false,0.00164206,over,0.00649937,false0,0.0261979,over0,0.103693,overaggr,0.00599176,overcuckoo,0.00214391,over_uai,0.0119578,over_uai,0.0141865,over_utai,0.00991964,over_utai,0.0107377,over_ai,0.00697503,over_ai,0.00888693,countIP,9.88205e+10,countIP0,1.06095e+11,keysum,9.8023e+10,pktSum,4.38987e+11,aggrSum,5.8733e+08,blackkey_num,62699574,feedback,35,feedsumportion,0.880192,finger0,11,finger,15,time,309154,runTime,2439.68
line,40742241,total,0.00813758,total0,0.082345,false,0.00167456,over,0.00664032,false0,0.0259313,over0,0.102829,overaggr,0.00599345,overcuckoo,0.00214413,over_uai,0.00896959,over_uai,0.0138299,over_utai,0.00991916,over_utai,0.0107392,over_ai,0.00697285,over_ai,0.00889468,countIP,9.88551e+10,countIP0,1.06132e+11,keysum,9.80572e+10,pktSum,4.39169e+11,aggrSum,5.87701e+08,blackkey_num,63746710,feedback,35,feedsumportion,0.880192,finger0,11,finger,15,time,309154,runTime,2440.68
line,40759234,total,0.00813527,total0,0.0823362,false,0.00164847,over,0.00654173,false0,0.0256856,over0,0.10193,overaggr,0.00599161,overcuckoo,0.00214366,over_uai,0.0100914,over_uai,0.00324037,over_utai,0.00991914,over_utai,0.010735,over_ai,0.00697044,over_ai,0.00889257,countIP,9.88903e+10,countIP0,1.06169e+11,keysum,9.80923e+10,pktSum,4.39349e+11,aggrSum,5.87731e+08,blackkey_num,65104873,feedback,39,feedsumportion,0.947938,finger0,11,finger,15,time,311763,runTime,2441.68
line,40775669,total,0.00813275,total0,0.0823291,false,0.00162364,over,0.0064378,false0,0.0255037,over0,0.101123,overaggr,0.0059896,overcuckoo,0.00214314,over_uai,0.00870255,over_uai,0.00219288,over_utai,0.00991853,over_utai,0.0107302,over_ai,0.00696804,over_ai,0.00888948,countIP,9.89289e+10,countIP0,1.0621e+11,keysum,9.81308e+10,pktSum,4.39534e+11,aggrSum,5.87765e+08,blackkey_num,66825893,feedback,39,feedsumportion,0.947938,finger0,11,finger,15,time,311763,runTime,2442.68
line,40792579,total,0.00813034,total0,0.0823194,false,0.00160234,over,0.0063446,false0,0.0253076,over0,0.100207,overaggr,0.00598766,overcuckoo,0.00214268,over_uai,0.0098148,over_uai,0.00259993,over_utai,0.00991832,over_utai,0.0107256,over_ai,0.00696546,over_ai,0.00888702,countIP,9.89676e+10,countIP0,1.06251e+11,keysum,9.81695e+10,pktSum,4.39716e+11,aggrSum,5.87805e+08,blackkey_num,68324958,feedback,39,feedsumportion,0.947938,finger0,11,finger,15,time,311763,runTime,2443.68
line,40809474,total,0.00812792,total0,0.0823155,false,0.00158027,over,0.0062537,false0,0.0251801,over0,0.0996471,overaggr,0.00598569,overcuckoo,0.00214223,over_uai,0.0110725,over_uai,0.00379211,over_utai,0.0099185,over_utai,0.0107221,over_ai,0.00696285,over_ai,0.00888489,countIP,9.90049e+10,countIP0,1.06291e+11,keysum,9.82067e+10,pktSum,4.39897e+11,aggrSum,5.87835e+08,blackkey_num,69742769,feedback,39,feedsumportion,0.947938,finger0,11,finger,15,time,311763,runTime,2444.68
line,40826084,total,0.00812549,total0,0.082314,false,0.00155803,over,0.00616542,false0,0.025076,over0,0.0992304,overaggr,0.00598366,overcuckoo,0.00214183,over_uai,0.0097078,over_uai,0.00301149,over_utai,0.00991835,over_utai,0.010718,over_ai,0.00696058,over_ai,0.00888214,countIP,9.90426e+10,countIP0,1.06331e+11,keysum,9.82443e+10,pktSum,4.40083e+11,aggrSum,5.87861e+08,blackkey_num,71091792,feedback,39,feedsumportion,0.947938,finger0,11,finger,15,time,311763,runTime,2445.68
line,40842742,total,0.00812287,total0,0.0823042,false,0.00153574,over,0.00607177,false0,0.0248889,over0,0.0984017,overaggr,0.00598152,overcuckoo,0.00214135,over_uai,0.00285177,over_uai,0.0253609,over_utai,0.00991603,over_utai,0.0107255,over_ai,0.00695844,over_ai,0.00887867,countIP,9.90812e+10,countIP0,1.06372e+11,keysum,9.82829e+10,pktSum,4.40267e+11,aggrSum,5.87881e+08,blackkey_num,72464390,feedback,38,feedsumportion,0.549106,finger0,11,finger,15,time,312207,runTime,2446.68
line,40859347,total,0.00812049,total0,0.0822941,false,0.00151728,over,0.00599431,false0,0.0247004,over0,0.0975841,overaggr,0.00597965,overcuckoo,0.00214084,over_uai,0.00292485,over_uai,0.0277587,over_utai,0.00991326,over_utai,0.0107353,over_ai,0.00695618,over_ai,0.0088757,countIP,9.912e+10,countIP0,1.06413e+11,keysum,9.83216e+10,pktSum,4.40453e+11,aggrSum,5.87929e+08,blackkey_num,73699807,feedback,38,feedsumportion,0.549106,finger0,11,finger,15,time,312207,runTime,2447.68
line,40875781,total,0.0081178,total0,0.0822893,false,0.00149588,over,0.00590449,false0,0.0245901,over0,0.0970615,overaggr,0.00597759,overcuckoo,0.00214021,over_uai,0.00581327,over_uai,0.0302508,over_utai,0.00991172,over_utai,0.0107454,over_ai,0.00695372,over_ai,0.00887255,countIP,9.91588e+10,countIP0,1.06454e+11,keysum,9.83603e+10,pktSum,4.40638e+11,aggrSum,5.87958e+08,blackkey_num,74933790,feedback,38,feedsumportion,0.549106,finger0,11,finger,15,time,312207,runTime,2448.68
line,40892345,total,0.00811582,total0,0.0822818,false,0.00148364,over,0.00585169,false0,0.0244484,over0,0.0964282,overaggr,0.00597613,overcuckoo,0.00213969,over_uai,0.00235679,over_uai,0.0357102,over_utai,0.00990837,over_utai,0.0107572,over_ai,0.00695136,over_ai,0.008871,countIP,9.91977e+10,countIP0,1.06496e+11,keysum,9.83991e+10,pktSum,4.40823e+11,aggrSum,5.88046e+08,blackkey_num,76174922,feedback,38,feedsumportion,0.549106,finger0,11,finger,15,time,312207,runTime,2449.68
line,40908706,total,0.00811368,total0,0.0822806,false,0.00146788,over,0.00579083,false0,0.0243649,over0,0.0961205,overaggr,0.00597436,overcuckoo,0.00213932,over_uai,0.00364354,over_uai,0.0327701,over_utai,0.00990603,over_utai,0.0107663,over_ai,0.00694926,over_ai,0.0088688,countIP,9.92346e+10,countIP0,1.06535e+11,keysum,9.84359e+10,pktSum,4.41007e+11,aggrSum,5.88092e+08,blackkey_num,77698783,feedback,38,feedsumportion,0.549106,finger0,11,finger,15,time,312207,runTime,2450.68
line,40925440,total,0.0081184,total0,0.0822705,false,0.00153418,over,0.00604922,false0,0.0241982,over0,0.0954128,overaggr,0.00597912,overcuckoo,0.00213928,over_uai,0.0339613,over_uai,0.001753,over_utai,0.00991448,over_utai,0.0107617,over_ai,0.00695921,over_ai,0.00886604,countIP,9.9273e+10,countIP0,1.06575e+11,keysum,9.84735e+10,pktSum,4.41189e+11,aggrSum,5.88786e+08,blackkey_num,78286108,feedback,37,feedsumportion,0.696135,finger0,11,finger,15,time,311893,runTime,2451.68
line,40941940,total,0.00812312,total0,0.0822645,false,0.00159408,over,0.00629589,false0,0.0240363,over0,0.0949321,overaggr,0.00598426,overcuckoo,0.00213887,over_uai,0.0335562,over_uai,0.00196129,over_utai,0.00992238,over_utai,0.0107577,over_ai,0.00696885,over_ai,0.00886362,countIP,9.93083e+10,countIP0,1.06612e+11,keysum,9.85081e+10,pktSum,4.41374e+11,aggrSum,5.89498e+08,blackkey_num,79087505,feedback,37,feedsumportion,0.696135,finger0,11,finger,15,time,311893,runTime,2452.68
line,40958969,total,0.00812778,total0,0.0822599,false,0.00165205,over,0.00653275,false0,0.0239048,over0,0.0945275,overaggr,0.00598923,overcuckoo,0.00213855,over_uai,0.0318461,over_uai,0.00297424,over_utai,0.00992993,over_utai,0.0107541,over_ai,0.00697814,over_ai,0.00886175,countIP,9.93443e+10,countIP0,1.0665e+11,keysum,9.85434e+10,pktSum,4.41559e+11,aggrSum,5.90198e+08,blackkey_num,79786048,feedback,37,feedsumportion,0.696135,finger0,11,finger,15,time,311893,runTime,2453.68
line,40976172,total,0.00813202,total0,0.0822548,false,0.00170931,over,0.00674683,false0,0.0238366,over0,0.0940858,overaggr,0.00599396,overcuckoo,0.00213806,over_uai,0.0340863,over_uai,0.00244478,over_utai,0.00993827,over_utai,0.0107503,over_ai,0.00698755,over_ai,0.00885852,countIP,9.93847e+10,countIP0,1.06692e+11,keysum,9.8583e+10,pktSum,4.41739e+11,aggrSum,5.90903e+08,blackkey_num,80781761,feedback,37,feedsumportion,0.696135,finger0,11,finger,15,time,311893,runTime,2454.68
line,40993361,total,0.00813507,total0,0.0822438,false,0.00175343,over,0.00690357,false0,0.0237219,over0,0.0933973,overaggr,0.00599759,overcuckoo,0.00213749,over_uai,0.0280928,over_uai,0.00234184,over_utai,0.00994494,over_utai,0.0107465,over_ai,0.00699492,over_ai,0.00885536,countIP,9.94274e+10,countIP0,1.06736e+11,keysum,9.8625e+10,pktSum,4.41924e+11,aggrSum,5.91512e+08,blackkey_num,81795973,feedback,37,feedsumportion,0.696135,finger0,11,finger,15,time,311893,runTime,2455.68
line,41010388,total,0.00814258,total0,0.0822472,false,0.00184127,over,0.00724268,false0,0.0237311,over0,0.0933467,overaggr,0.00600506,overcuckoo,0.00213753,over_uai,0.00667199,over_uai,0.0395754,over_utai,0.00994321,over_utai,0.0107579,over_ai,0.00699238,over_ai,0.00887687,countIP,9.94686e+10,countIP0,1.0678e+11,keysum,9.86652e+10,pktSum,4.42114e+11,aggrSum,5.9249e+08,blackkey_num,82524455,feedback,37,feedsumportion,0.973871,finger0,11,finger,15,time,302046,runTime,2456.68
line,41027591,total,0.00814507,total0,0.0822437,false,0.00187478,over,0.0073618,false0,0.0236853,over0,0.0930064,overaggr,0.00600767,overcuckoo,0.0021374,over_uai,0.0315136,over_uai,0.0197244,over_utai,0.00995081,over_utai,0.0107616,over_ai,0.00699007,over_ai,0.00888578,countIP,9.95109e+10,countIP0,1.06825e+11,keysum,9.87069e+10,pktSum,4.42304e+11,aggrSum,5.92999e+08,blackkey_num,83442141,feedback,37,feedsumportion,0.973871,finger0,11,finger,15,time,302046,runTime,2457.68
line,41044344,total,0.00815226,total0,0.0822345,false,0.00195709,over,0.00766983,false0,0.0235878,over0,0.0924408,overaggr,0.00601496,overcuckoo,0.0021373,over_uai,0.014477,over_uai,0.0339586,over_utai,0.00995241,over_utai,0.0107723,over_ai,0.00698794,over_ai,0.0089058,countIP,9.95547e+10,countIP0,1.0687e+11,keysum,9.87497e+10,pktSum,4.42496e+11,aggrSum,5.93975e+08,blackkey_num,84230203,feedback,37,feedsumportion,0.973871,finger0,11,finger,15,time,302046,runTime,2458.68
line,41061144,total,0.00815864,total0,0.0822212,false,0.00202987,over,0.00793452,false0,0.0234655,over0,0.0917238,overaggr,0.00602141,overcuckoo,0.00213723,over_uai,0.0260827,over_uai,0.0302686,over_utai,0.00995799,over_utai,0.0107816,over_ai,0.00698569,over_ai,0.00892419,countIP,9.96001e+10,countIP0,1.06917e+11,keysum,9.87941e+10,pktSum,4.42689e+11,aggrSum,5.9488e+08,blackkey_num,85083247,feedback,37,feedsumportion,0.973871,finger0,11,finger,15,time,302046,runTime,2459.68
line,41078220,total,0.00816203,total0,0.0822157,false,0.00206429,over,0.00807214,false0,0.0233635,over0,0.09136,overaggr,0.00602458,overcuckoo,0.00213745,over_uai,0.0278833,over_uai,0.0212295,over_utai,0.00996404,over_utai,0.0107861,over_ai,0.00698385,over_ai,0.00893464,countIP,9.96386e+10,countIP0,1.06957e+11,keysum,9.88319e+10,pktSum,4.42879e+11,aggrSum,5.95421e+08,blackkey_num,86003463,feedback,37,feedsumportion,0.973871,finger0,11,finger,15,time,302046,runTime,2460.68
line,41095336,total,0.00816059,total0,0.0822192,false,0.00204665,over,0.00801716,false0,0.0233254,over0,0.0913703,overaggr,0.00602345,overcuckoo,0.00213715,over_uai,0.0139094,over_uai,0.00408793,over_utai,0.00996531,over_utai,0.0107827,over_ai,0.00698221,over_ai,0.00893282,countIP,9.96735e+10,countIP0,1.06995e+11,keysum,9.88667e+10,pktSum,4.43067e+11,aggrSum,5.95518e+08,blackkey_num,87165921,feedback,47,feedsumportion,0.941912,finger0,11,finger,15,time,304676,runTime,2461.68
line,41112388,total,0.00816154,total0,0.0822218,false,0.00205665,over,0.00805564,false0,0.0233179,over0,0.0913332,overaggr,0.00602484,overcuckoo,0.00213669,over_uai,0.0102441,over_uai,0.0140177,over_utai,0.0099652,over_utai,0.0107837,over_ai,0.00697987,over_ai,0.00893789,countIP,9.97124e+10,countIP0,1.07037e+11,keysum,9.89052e+10,pktSum,4.43255e+11,aggrSum,5.95888e+08,blackkey_num,88620368,feedback,47,feedsumportion,0.941912,finger0,11,finger,15,time,304676,runTime,2462.68
line,41129365,total,0.0081751,total0,0.0822325,false,0.00218484,over,0.00857212,false0,0.0233523,over0,0.0916221,overaggr,0.00603872,overcuckoo,0.00213637,over_uai,0.0114098,over_uai,0.0491073,over_utai,0.00996525,over_utai,0.0108025,over_ai,0.00697821,over_ai,0.00897283,countIP,9.97481e+10,countIP0,1.07075e+11,keysum,9.89392e+10,pktSum,4.4344e+11,aggrSum,5.97467e+08,blackkey_num,90319405,feedback,47,feedsumportion,0.941912,finger0,11,finger,15,time,304676,runTime,2463.68
line,41146312,total,0.00817774,total0,0.0822374,false,0.00220751,over,0.00866563,false0,0.0233532,over0,0.0916734,overaggr,0.0060418,overcuckoo,0.00213595,over_uai,0.0127929,over_uai,0.01542,over_utai,0.00996609,over_utai,0.0108044,over_ai,0.00697755,over_ai,0.00897987,countIP,9.97855e+10,countIP0,1.07116e+11,keysum,9.89761e+10,pktSum,4.43627e+11,aggrSum,5.97994e+08,blackkey_num,91563945,feedback,47,feedsumportion,0.941912,finger0,11,finger,15,time,304676,runTime,2464.68
line,41162883,total,0.0081772,total0,0.0822413,false,0.00219865,over,0.00863856,false0,0.0233356,over0,0.0916863,overaggr,0.00604165,overcuckoo,0.00213555,over_uai,0.0110936,over_uai,0.00789887,over_utai,0.00996633,over_utai,0.0108027,over_ai,0.00697505,over_ai,0.00898164,countIP,9.98234e+10,countIP0,1.07157e+11,keysum,9.90137e+10,pktSum,4.43821e+11,aggrSum,5.98206e+08,blackkey_num,92580922,feedback,47,feedsumportion,0.941912,finger0,11,finger,15,time,304676,runTime,2465.68
line,41179726,total,0.00817462,total0,0.0822312,false,0.00217469,over,0.00853771,false0,0.0232241,over0,0.0911766,overaggr,0.00603959,overcuckoo,0.00213503,over_uai,0.00543129,over_uai,0.00269422,over_utai,0.0099643,over_utai,0.0107987,over_ai,0.00697216,over_ai,0.00897916,countIP,9.98642e+10,countIP0,1.072e+11,keysum,9.90544e+10,pktSum,4.44014e+11,aggrSum,5.98248e+08,blackkey_num,96596979,feedback,47,feedsumportion,0.940394,finger0,11,finger,15,time,309801,runTime,2466.68
line,41196704,total,0.00817431,total0,0.0822249,false,0.00217087,over,0.00852139,false0,0.0231371,over0,0.0908207,overaggr,0.0060386,overcuckoo,0.00213571,over_uai,0.00595721,over_uai,0.00926344,over_utai,0.00996281,over_utai,0.0107978,over_ai,0.00696968,over_ai,0.00898189,countIP,9.99044e+10,countIP0,1.07242e+11,keysum,9.90944e+10,pktSum,4.44209e+11,aggrSum,5.98391e+08,blackkey_num,102691581,feedback,47,feedsumportion,0.940394,finger0,11,finger,15,time,309801,runTime,2467.68
line,41213817,total,0.00817163,total0,0.082222,false,0.00214558,over,0.00842182,false0,0.0230816,over0,0.0905997,overaggr,0.0060366,overcuckoo,0.00213503,over_uai,0.00677518,over_uai,0.00166575,over_utai,0.00996142,over_utai,0.0107929,over_ai,0.0069672,over_ai,0.00897854,countIP,9.99428e+10,countIP0,1.07284e+11,keysum,9.91327e+10,pktSum,4.44397e+11,aggrSum,5.98424e+08,blackkey_num,104007916,feedback,47,feedsumportion,0.940394,finger0,11,finger,15,time,309801,runTime,2468.68
line,41230597,total,0.00816905,total0,0.0822141,false,0.00212264,over,0.00832833,false0,0.0229926,over0,0.0902132,overaggr,0.00603469,overcuckoo,0.00213436,over_uai,0.00546103,over_uai,0.00225972,over_utai,0.00995973,over_utai,0.0107887,over_ai,0.00696468,over_ai,0.00897568,countIP,9.9981e+10,countIP0,1.07324e+11,keysum,9.91709e+10,pktSum,4.44581e+11,aggrSum,5.98466e+08,blackkey_num,105659676,feedback,47,feedsumportion,0.940394,finger0,11,finger,15,time,309801,runTime,2469.68
line,41246781,total,0.0081668,total0,0.0822058,false,0.00209826,over,0.00824869,false0,0.0228503,over0,0.0898291,overaggr,0.00603294,overcuckoo,0.00213387,over_uai,0.00657566,over_uai,0.0019152,over_utai,0.00995843,over_utai,0.010784,over_ai,0.00696244,over_ai,0.00897313,countIP,1.00016e+11,countIP0,1.07361e+11,keysum,9.92054e+10,pktSum,4.44773e+11,aggrSum,5.985e+08,blackkey_num,107178339,feedback,47,feedsumportion,0.940394,finger0,11,finger,15,time,309801,runTime,2470.68
line,41263166,total,0.00816426,total0,0.0821968,false,0.0020749,over,0.00816073,false0,0.0227365,over0,0.0894245,overaggr,0.00603093,overcuckoo,0.00213333,over_uai,0.002803,over_uai,0.00326599,over_utai,0.00995573,over_utai,0.0107804,over_ai,0.00695998,over_ai,0.00897044,countIP,1.00052e+11,countIP0,1.074e+11,keysum,9.92421e+10,pktSum,4.44959e+11,aggrSum,5.98522e+08,blackkey_num,108469493,feedback,39,feedsumportion,0.675647,finger0,11,finger,15,time,310282,runTime,2471.68
line,41280019,total,0.00816226,total0,0.0821938,false,0.0020544,over,0.00809329,false0,0.0226532,over0,0.0892419,overaggr,0.00602928,overcuckoo,0.00213298,over_uai,0.00950834,over_uai,0.00356418,over_utai,0.00995541,over_utai,0.0107773,over_ai,0.00695766,over_ai,0.0089683,countIP,1.00085e+11,countIP0,1.07435e+11,keysum,9.92752e+10,pktSum,4.45141e+11,aggrSum,5.98558e+08,blackkey_num,109771818,feedback,39,feedsumportion,0.675647,finger0,11,finger,15,time,310282,runTime,2472.68
line,41296957,total,0.00816007,total0,0.0821883,false,0.0020346,over,0.00802125,false0,0.0225688,over0,0.0889756,overaggr,0.00602746,overcuckoo,0.00213261,over_uai,0.00580138,over_uai,0.00506457,over_utai,0.00995377,over_utai,0.0107749,over_ai,0.00695511,over_ai,0.0089666,countIP,1.00121e+11,countIP0,1.07473e+11,keysum,9.93105e+10,pktSum,4.45324e+11,aggrSum,5.9859e+08,blackkey_num,111340519,feedback,39,feedsumportion,0.675647,finger0,11,finger,15,time,310282,runTime,2473.68
line,41313621,total,0.00815786,total0,0.0822091,false,0.00201465,over,0.00794973,false0,0.0227025,over0,0.0895834,overaggr,0.00602563,overcuckoo,0.00213222,over_uai,0.00332166,over_uai,0.00458889,over_utai,0.00995105,over_utai,0.0107723,over_ai,0.00695263,over_ai,0.00896463,countIP,1.00156e+11,countIP0,1.07513e+11,keysum,9.93455e+10,pktSum,4.45508e+11,aggrSum,5.98619e+08,blackkey_num,112589165,feedback,39,feedsumportion,0.675647,finger0,11,finger,15,time,310282,runTime,2474.68
line,41330369,total,0.00815619,total0,0.0821982,false,0.00200076,over,0.00789769,false0,0.0225828,over0,0.0891418,overaggr,0.00602436,overcuckoo,0.00213183,over_uai,0.00422124,over_uai,0.00604186,over_utai,0.00994883,over_utai,0.0107703,over_ai,0.00695066,over_ai,0.00896318,countIP,1.00192e+11,countIP0,1.0755e+11,keysum,9.9381e+10,pktSum,4.45688e+11,aggrSum,5.98707e+08,blackkey_num,113890000,feedback,39,feedsumportion,0.675647,finger0,11,finger,15,time,310282,runTime,2475.68
line,41347072,total,0.00815917,total0,0.082189,false,0.00202508,over,0.00799703,false0,0.022478,over0,0.0887659,overaggr,0.00602755,overcuckoo,0.00213162,over_uai,0.0304851,over_uai,0.00382452,over_utai,0.00995617,over_utai,0.0107675,over_ai,0.00695679,over_ai,0.00896152,countIP,1.00228e+11,countIP0,1.07587e+11,keysum,9.94165e+10,pktSum,4.45868e+11,aggrSum,5.99238e+08,blackkey_num,114777986,feedback,42,feedsumportion,0.583451,finger0,11,finger,15,time,311478,runTime,2476.68
line,41364102,total,0.00816385,total0,0.0821802,false,0.00206395,over,0.00814812,false0,0.022394,over0,0.0884076,overaggr,0.00603219,overcuckoo,0.00213166,over_uai,0.0328273,over_uai,0.00397172,over_utai,0.00996457,over_utai,0.0107645,over_ai,0.00696559,over_ai,0.00896041,countIP,1.00265e+11,countIP0,1.07626e+11,keysum,9.94528e+10,pktSum,4.46044e+11,aggrSum,5.99919e+08,blackkey_num,115665855,feedback,42,feedsumportion,0.583451,finger0,11,finger,15,time,311478,runTime,2477.68
line,41381125,total,0.00816583,total0,0.082176,false,0.00207724,over,0.00821073,false0,0.0223164,over0,0.0882103,overaggr,0.00603429,overcuckoo,0.00213154,over_uai,0.023691,over_uai,0.00410763,over_utai,0.00996933,over_utai,0.0107613,over_ai,0.00696984,over_ai,0.00895893,countIP,1.00298e+11,countIP0,1.07661e+11,keysum,9.94859e+10,pktSum,4.46223e+11,aggrSum,6.00326e+08,blackkey_num,116554283,feedback,42,feedsumportion,0.583451,finger0,11,finger,15,time,311478,runTime,2478.68
line,41398045,total,0.00816721,total0,0.0821693,false,0.00208653,over,0.00825345,false0,0.0222314,over0,0.0879383,overaggr,0.00603576,overcuckoo,0.00213145,over_uai,0.0252981,over_uai,0.00341836,over_utai,0.00997431,over_utai,0.0107579,over_ai,0.00697315,over_ai,0.00895736,countIP,1.00332e+11,countIP0,1.07697e+11,keysum,9.95196e+10,pktSum,4.46399e+11,aggrSum,6.00677e+08,blackkey_num,117625190,feedback,42,feedsumportion,0.583451,finger0,11,finger,15,time,311478,runTime,2479.68
line,41414951,total,0.00817549,total0,0.08217,false,0.00215023,over,0.00850837,false0,0.0222123,over0,0.0878928,overaggr,0.00604422,overcuckoo,0.00213127,over_uai,0.0521395,over_uai,0.00317393,over_utai,0.00998866,over_utai,0.0107541,over_ai,0.00698867,over_ai,0.0089552,countIP,1.00369e+11,countIP0,1.07736e+11,keysum,9.95555e+10,pktSum,4.46582e+11,aggrSum,6.01735e+08,blackkey_num,118625259,feedback,42,feedsumportion,0.583451,finger0,11,finger,15,time,311478,runTime,2480.68
line,41431675,total,0.00817368,total0,0.0821691,false,0.00213402,over,0.00844927,false0,0.0221772,over0,0.0878066,overaggr,0.00604245,overcuckoo,0.00213123,over_uai,0.00155363,over_uai,0.00408135,over_utai,0.00998581,over_utai,0.0107513,over_ai,0.00698626,over_ai,0.00895421,countIP,1.00404e+11,countIP0,1.07773e+11,keysum,9.95895e+10,pktSum,4.46758e+11,aggrSum,6.01764e+08,blackkey_num,120377271,feedback,45,feedsumportion,0.963916,finger0,11,finger,15,time,311429,runTime,2481.68
line,41448638,total,0.00817165,total0,0.082171,false,0.00211491,over,0.00838522,false0,0.0221479,over0,0.087812,overaggr,0.00604073,overcuckoo,0.00213092,over_uai,0.00142296,over_uai,0.00276495,over_utai,0.00998283,over_utai,0.0107483,over_ai,0.00698394,over_ai,0.00895264,countIP,1.00435e+11,countIP0,1.07807e+11,keysum,9.96208e+10,pktSum,4.46931e+11,aggrSum,6.01783e+08,blackkey_num,121765319,feedback,45,feedsumportion,0.963916,finger0,11,finger,15,time,311429,runTime,2482.68
line,41465590,total,0.0081692,total0,0.082169,false,0.00209619,over,0.00830957,false0,0.0221208,over0,0.0876899,overaggr,0.00603867,overcuckoo,0.00213054,over_uai,0.00169109,over_uai,0.00262528,over_utai,0.00997926,over_utai,0.0107453,over_ai,0.00698101,over_ai,0.00895116,countIP,1.00471e+11,countIP0,1.07846e+11,keysum,9.96574e+10,pktSum,4.47111e+11,aggrSum,6.01798e+08,blackkey_num,123415403,feedback,45,feedsumportion,0.963916,finger0,11,finger,15,time,311429,runTime,2483.68
line,41482520,total,0.00816714,total0,0.0821751,false,0.00207825,over,0.00824678,false0,0.0221298,over0,0.0878144,overaggr,0.00603688,overcuckoo,0.00213026,over_uai,0.00168421,over_uai,0.0052397,over_utai,0.00997599,over_utai,0.010743,over_ai,0.00697842,over_ai,0.00894982,countIP,1.00506e+11,countIP0,1.07884e+11,keysum,9.96914e+10,pktSum,4.47293e+11,aggrSum,6.01825e+08,blackkey_num,124867624,feedback,45,feedsumportion,0.963916,finger0,11,finger,15,time,311429,runTime,2484.68
line,41499027,total,0.00816493,total0,0.0821706,false,0.00205924,over,0.00818116,false0,0.0220557,over0,0.087625,overaggr,0.00603491,overcuckoo,0.00213003,over_uai,0.00308158,over_uai,0.00497639,over_utai,0.0099732,over_utai,0.010741,over_ai,0.00697563,over_ai,0.00894855,countIP,1.00541e+11,countIP0,1.07921e+11,keysum,9.97263e+10,pktSum,4.47482e+11,aggrSum,6.01839e+08,blackkey_num,126453508,feedback,45,feedsumportion,0.963916,finger0,11,finger,15,time,311429,runTime,2485.68
line,41515794,total,0.00816297,total0,0.0821702,false,0.00204222,over,0.00812383,false0,0.0220113,over0,0.0875598,overaggr,0.00603307,overcuckoo,0.0021299,over_uai,0.00198007,over_uai,0.0028963,over_utai,0.00997034,over_utai,0.0107377,over_ai,0.0069733,over_ai,0.00894713,countIP,1.00574e+11,countIP0,1.07957e+11,keysum,9.97598e+10,pktSum,4.47667e+11,aggrSum,6.01859e+08,blackkey_num,127599847,feedback,34,feedsumportion,0.529842,finger0,11,finger,15,time,311964,runTime,2486.68
line,41532696,total,0.00816065,total0,0.0821695,false,0.00202582,over,0.00805737,false0,0.0219949,over0,0.0874811,overaggr,0.00603119,overcuckoo,0.00212946,over_uai,0.00318442,over_uai,0.00186276,over_utai,0.00996767,over_utai,0.0107335,over_ai,0.00697095,over_ai,0.00894476,countIP,1.00611e+11,countIP0,1.07997e+11,keysum,9.97965e+10,pktSum,4.47847e+11,aggrSum,6.01891e+08,blackkey_num,129195742,feedback,34,feedsumportion,0.529842,finger0,11,finger,15,time,311964,runTime,2487.68
line,41549546,total,0.00815819,total0,0.0821642,false,0.00201097,over,0.00798858,false0,0.0219688,over0,0.0872709,overaggr,0.0060292,overcuckoo,0.002129,over_uai,0.0033,over_uai,0.00205149,over_utai,0.00996455,over_utai,0.0107296,over_ai,0.00696832,over_ai,0.00894251,countIP,1.00651e+11,countIP0,1.08039e+11,keysum,9.98365e+10,pktSum,4.48029e+11,aggrSum,6.01934e+08,blackkey_num,130683834,feedback,34,feedsumportion,0.529842,finger0,11,finger,15,time,311964,runTime,2488.68
line,41566089,total,0.0081556,total0,0.0821601,false,0.00199406,over,0.00791725,false0,0.0219365,over0,0.087097,overaggr,0.00602707,overcuckoo,0.00212853,over_uai,0.00645887,over_uai,0.00202243,over_utai,0.00996309,over_utai,0.0107254,over_ai,0.00696544,over_ai,0.00894025,countIP,1.0069e+11,countIP0,1.08081e+11,keysum,9.98757e+10,pktSum,4.48216e+11,aggrSum,6.01957e+08,blackkey_num,131961657,feedback,34,feedsumportion,0.529842,finger0,11,finger,15,time,311964,runTime,2489.68
line,41582540,total,0.00815309,total0,0.0821597,false,0.00198077,over,0.00785028,false0,0.0219584,over0,0.0870265,overaggr,0.00602504,overcuckoo,0.00212805,over_uai,0.0042633,over_uai,0.00217381,over_utai,0.00996048,over_utai,0.0107211,over_ai,0.0069629,over_ai,0.00893787,countIP,1.00733e+11,countIP0,1.08128e+11,keysum,9.99187e+10,pktSum,4.48405e+11,aggrSum,6.02015e+08,blackkey_num,133269169,feedback,34,feedsumportion,0.529842,finger0,11,finger,15,time,311964,runTime,2490.68
line,41599152,total,0.00815296,total0,0.0821637,false,0.00198129,over,0.00784983,false0,0.0219807,over0,0.0870871,overaggr,0.00602517,overcuckoo,0.00212779,over_uai,0.0134637,over_uai,0.0528347,over_utai,0.00996164,over_utai,0.0107385,over_ai,0.00696414,over_ai,0.00893571,countIP,1.00771e+11,countIP0,1.08169e+11,keysum,9.99564e+10,pktSum,4.48587e+11,aggrSum,6.02255e+08,blackkey_num,134216407,feedback,37,feedsumportion,0.594424,finger0,11,finger,15,time,308954,runTime,2491.68
line,41615693,total,0.00815323,total0,0.0821581,false,0.00198435,over,0.00786037,false0,0.0219339,over0,0.0868844,overaggr,0.00602585,overcuckoo,0.00212738,over_uai,0.0156556,over_uai,0.0246276,over_utai,0.00996353,over_utai,0.0107451,over_ai,0.00696599,over_ai,0.00893366,countIP,1.00809e+11,countIP0,1.0821e+11,keysum,9.99942e+10,pktSum,4.48772e+11,aggrSum,6.0255e+08,blackkey_num,135324261,feedback,37,feedsumportion,0.594424,finger0,11,finger,15,time,308954,runTime,2492.68
line,41632295,total,0.00815367,total0,0.0821524,false,0.0019879,over,0.00787512,false0,0.0218813,over0,0.0866832,overaggr,0.0060268,overcuckoo,0.00212687,over_uai,0.0147376,over_uai,0.00232125,over_utai,0.00996507,over_utai,0.0107416,over_ai,0.00696813,over_ai,0.00893127,countIP,1.00846e+11,countIP0,1.08248e+11,keysum,1.0003e+11,pktSum,4.48953e+11,aggrSum,6.02863e+08,blackkey_num,136489806,feedback,37,feedsumportion,0.594424,finger0,11,finger,15,time,308954,runTime,2493.68
line,41648848,total,0.00815456,total0,0.0821617,false,0.00199466,over,0.00790153,false0,0.0219339,over0,0.0868874,overaggr,0.00602788,overcuckoo,0.00212668,over_uai,0.0163905,over_uai,0.0168134,over_utai,0.00996734,over_utai,0.0107437,over_ai,0.00697082,over_ai,0.0089294,countIP,1.00883e+11,countIP0,1.08289e+11,keysum,1.00067e+11,pktSum,4.49134e+11,aggrSum,6.03193e+08,blackkey_num,137890906,feedback,37,feedsumportion,0.594424,finger0,11,finger,15,time,308954,runTime,2494.68
line,41665498,total,0.00815587,total0,0.0821801,false,0.00200285,over,0.00793892,false0,0.0220324,over0,0.0873322,overaggr,0.00602946,overcuckoo,0.00212641,over_uai,0.0158609,over_uai,0.0177198,over_utai,0.00996928,over_utai,0.0107464,over_ai,0.00697441,over_ai,0.00892708,countIP,1.00919e+11,countIP0,1.08329e+11,keysum,1.00103e+11,pktSum,4.4932e+11,aggrSum,6.03565e+08,blackkey_num,139260413,feedback,37,feedsumportion,0.594424,finger0,11,finger,15,time,308954,runTime,2495.68
line,41682200,total,0.00815367,total0,0.0821902,false,0.00198918,over,0.007883,false0,0.0220911,over0,0.0875459,overaggr,0.00602779,overcuckoo,0.00212588,over_uai,0.00114945,over_uai,0.00379913,over_utai,0.00996559,over_utai,0.0107434,over_ai,0.00697168,over_ai,0.00892568,countIP,1.00956e+11,countIP0,1.0837e+11,keysum,1.0014e+11,pktSum,4.49501e+11,aggrSum,6.03621e+08,blackkey_num,140580925,feedback,39,feedsumportion,0.934498,finger0,11,finger,15,time,311012,runTime,2496.68
line,41698791,total,0.00815162,total0,0.0822053,false,0.001976,over,0.00783207,false0,0.022174,over0,0.0878891,overaggr,0.00602613,overcuckoo,0.00212549,over_uai,0.000996981,over_uai,0.0162259,over_utai,0.00996193,over_utai,0.0107453,over_ai,0.00696901,over_ai,0.00892448,countIP,1.00993e+11,countIP0,1.08412e+11,keysum,1.00177e+11,pktSum,4.49687e+11,aggrSum,6.03677e+08,blackkey_num,141961854,feedback,39,feedsumportion,0.934498,finger0,11,finger,15,time,311012,runTime,2497.68
line,41715588,total,0.00814994,total0,0.0822249,false,0.00196705,over,0.00779179,false0,0.0223019,over0,0.0883413,overaggr,0.00602493,overcuckoo,0.00212501,over_uai,0.00233615,over_uai,0.013243,over_utai,0.00995891,over_utai,0.0107461,over_ai,0.00696643,over_ai,0.00892412,countIP,1.01031e+11,countIP0,1.08454e+11,keysum,1.00214e+11,pktSum,4.49863e+11,aggrSum,6.03782e+08,blackkey_num,143735892,feedback,39,feedsumportion,0.934498,finger0,11,finger,15,time,311012,runTime,2498.68
line,41732072,total,0.0081504,total0,0.0822551,false,0.0019705,over,0.00780692,false0,0.0224788,over0,0.0890588,overaggr,0.00602584,overcuckoo,0.00212456,over_uai,0.00858579,over_uai,0.00699808,over_utai,0.00995821,over_utai,0.0107443,over_ai,0.00696709,over_ai,0.00892434,countIP,1.01067e+11,countIP0,1.08496e+11,keysum,1.0025e+11,pktSum,4.50042e+11,aggrSum,6.04089e+08,blackkey_num,145854077,feedback,39,feedsumportion,0.934498,finger0,11,finger,15,time,311012,runTime,2499.68
line,41748949,total,0.00815746,total0,0.0822528,false,0.0020162,over,0.00798919,false0,0.0224449,over0,0.0889379,overaggr,0.00603329,overcuckoo,0.00212416,over_uai,0.0342026,over_uai,0.00471727,over_utai,0.00996732,over_utai,0.0107414,over_ai,0.00697989,over_ai,0.00892332,countIP,1.01104e+11,countIP0,1.08535e+11,keysum,1.00286e+11,pktSum,4.50223e+11,aggrSum,6.05053e+08,blackkey_num,147646754,feedback,39,feedsumportion,0.934498,finger0,11,finger,15,time,311012,runTime,2500.68
line,41765835,total,0.00816004,total0,0.0822449,false,0.00203251,over,0.00805555,false0,0.0223753,over0,0.0886811,overaggr,0.00603609,overcuckoo,0.00212394,over_uai,0.001604,over_uai,0.0195295,over_utai,0.00996422,over_utai,0.010745,over_ai,0.00697777,over_ai,0.00893268,countIP,1.01139e+11,countIP0,1.08571e+11,keysum,1.0032e+11,pktSum,4.50399e+11,aggrSum,6.05543e+08,blackkey_num,148781119,feedback,36,feedsumportion,0.947175,finger0,11,finger,15,time,311034,runTime,2501.68
line,41782290,total,0.00816204,total0,0.0822336,false,0.00204619,over,0.00810659,false0,0.0222976,over0,0.0883387,overaggr,0.00603826,overcuckoo,0.00212379,over_uai,0.00108893,over_uai,0.0172289,over_utai,0.00996108,over_utai,0.0107479,over_ai,0.00697543,over_ai,0.00894118,countIP,1.01178e+11,countIP0,1.08611e+11,keysum,1.00358e+11,pktSum,4.50582e+11,aggrSum,6.0599e+08,blackkey_num,149950260,feedback,36,feedsumportion,0.947175,finger0,11,finger,15,time,311034,runTime,2502.68
line,41798941,total,0.00816386,total0,0.0822318,false,0.00205409,over,0.00815195,false0,0.0222357,over0,0.0882456,overaggr,0.00604015,overcuckoo,0.00212371,over_uai,0.00167691,over_uai,0.0189502,over_utai,0.00995795,over_utai,0.0107505,over_ai,0.00697307,over_ai,0.00894887,countIP,1.01209e+11,countIP0,1.08645e+11,keysum,1.0039e+11,pktSum,4.50765e+11,aggrSum,6.06369e+08,blackkey_num,151068997,feedback,36,feedsumportion,0.947175,finger0,11,finger,15,time,311034,runTime,2503.68
line,41816018,total,0.00816618,total0,0.0822295,false,0.00206738,over,0.00820897,false0,0.0221975,over0,0.0881401,overaggr,0.00604256,overcuckoo,0.00212362,over_uai,0.00157923,over_uai,0.0199239,over_utai,0.00995486,over_utai,0.0107539,over_ai,0.00697073,over_ai,0.00895782,countIP,1.01244e+11,countIP0,1.08681e+11,keysum,1.00424e+11,pktSum,4.50941e+11,aggrSum,6.06816e+08,blackkey_num,152107481,feedback,36,feedsumportion,0.947175,finger0,11,finger,15,time,311034,runTime,2504.68
line,41832643,total,0.00816831,total0,0.0822259,false,0.00207904,over,0.00826058,false0,0.0221489,over0,0.0880034,overaggr,0.0060448,overcuckoo,0.00212352,over_uai,0.00124053,over_uai,0.0202442,over_utai,0.0099516,over_utai,0.0107571,over_ai,0.00696837,over_ai,0.00896598,countIP,1.01279e+11,countIP0,1.08718e+11,keysum,1.00458e+11,pktSum,4.51123e+11,aggrSum,6.07248e+08,blackkey_num,153070114,feedback,36,feedsumportion,0.947175,finger0,11,finger,15,time,311034,runTime,2505.68
line,41849327,total,0.00816639,total0,0.0822182,false,0.00206538,over,0.00821337,false0,0.0220715,over0,0.0877717,overaggr,0.00604332,overcuckoo,0.00212307,over_uai,0.00284125,over_uai,0.00359728,over_utai,0.00994888,over_utai,0.0107544,over_ai,0.00696613,over_ai,0.00896413,countIP,1.01312e+11,countIP0,1.08753e+11,keysum,1.00491e+11,pktSum,4.513e+11,aggrSum,6.07298e+08,blackkey_num,154403922,feedback,38,feedsumportion,0.958474,finger0,11,finger,15,time,310444,runTime,2506.68
line,41866073,total,0.00816437,total0,0.0822077,false,0.00205403,over,0.00816464,false0,0.0220053,over0,0.08747,overaggr,0.00604175,overcuckoo,0.00212263,over_uai,0.0056876,over_uai,0.00345825,over_utai,0.00994729,over_utai,0.0107506,over_ai,0.00696439,over_ai,0.00896136,countIP,1.0135e+11,countIP0,1.08794e+11,keysum,1.00529e+11,pktSum,4.51484e+11,aggrSum,6.07373e+08,blackkey_num,155824272,feedback,38,feedsumportion,0.958474,finger0,11,finger,15,time,310444,runTime,2507.68
line,41882637,total,0.00816232,total0,0.0821986,false,0.00204342,over,0.00811597,false0,0.0219556,over0,0.0872023,overaggr,0.00604025,overcuckoo,0.00212207,over_uai,0.0062382,over_uai,0.00177694,over_utai,0.0099459,over_utai,0.0107456,over_ai,0.00696333,over_ai,0.00895752,countIP,1.01391e+11,countIP0,1.08837e+11,keysum,1.0057e+11,pktSum,4.51673e+11,aggrSum,6.07468e+08,blackkey_num,157138090,feedback,38,feedsumportion,0.958474,finger0,11,finger,15,time,310444,runTime,2508.68
line,41899127,total,0.00816032,total0,0.0822103,false,0.0020292,over,0.00806905,false0,0.0219892,over0,0.0874394,overaggr,0.00603868,overcuckoo,0.00212164,over_uai,0.00326551,over_uai,0.00293345,over_utai,0.00994372,over_utai,0.0107421,over_ai,0.00696146,over_ai,0.00895512,countIP,1.01423e+11,countIP0,1.08873e+11,keysum,1.00602e+11,pktSum,4.51855e+11,aggrSum,6.07506e+08,blackkey_num,158480262,feedback,38,feedsumportion,0.958474,finger0,11,finger,15,time,310444,runTime,2509.68
line,41915382,total,0.008159,total0,0.082215,false,0.00202143,over,0.00803898,false0,0.0220036,over0,0.0875056,overaggr,0.0060374,overcuckoo,0.0021216,over_uai,0.00712731,over_uai,0.00445659,over_utai,0.0099424,over_utai,0.0107392,over_ai,0.00696029,over_ai,0.00895337,countIP,1.0146e+11,countIP0,1.08913e+11,keysum,1.00639e+11,pktSum,4.5204e+11,aggrSum,6.07599e+08,blackkey_num,159927619,feedback,38,feedsumportion,0.958474,finger0,11,finger,15,time,310444,runTime,2510.68
line,41932010,total,0.00816496,total0,0.0822256,false,0.00205493,over,0.00817819,false0,0.0220389,over0,0.0877099,overaggr,0.00604335,overcuckoo,0.00212161,over_uai,0.0469959,over_uai,0.019984,over_utai,0.00995417,over_utai,0.0107429,over_ai,0.00697142,over_ai,0.00895161,countIP,1.01495e+11,countIP0,1.08951e+11,keysum,1.00673e+11,pktSum,4.52222e+11,aggrSum,6.08404e+08,blackkey_num,160624502,feedback,43,feedsumportion,0.794204,finger0,11,finger,15,time,309228,runTime,2511.68
line,41948882,total,0.00817155,total0,0.0822341,false,0.00209085,over,0.00832997,false0,0.0220542,over0,0.0878644,overaggr,0.00605022,overcuckoo,0.00212133,over_uai,0.0464947,over_uai,0.023853,over_utai,0.00996677,over_utai,0.0107478,over_ai,0.00698398,over_ai,0.00894975,countIP,1.01529e+11,countIP0,1.08987e+11,keysum,1.00706e+11,pktSum,4.52402e+11,aggrSum,6.09292e+08,blackkey_num,161580533,feedback,43,feedsumportion,0.794204,finger0,11,finger,15,time,309228,runTime,2512.68
line,41965907,total,0.00817681,total0,0.0822538,false,0.00211833,over,0.00844912,false0,0.0221316,over0,0.0882736,overaggr,0.00605565,overcuckoo,0.00212116,over_uai,0.0344151,over_uai,0.0310164,over_utai,0.0099764,over_utai,0.0107551,over_ai,0.00699389,over_ai,0.00894856,countIP,1.01562e+11,countIP0,1.09025e+11,keysum,1.00739e+11,pktSum,4.52586e+11,aggrSum,6.10039e+08,blackkey_num,162571792,feedback,43,feedsumportion,0.794204,finger0,11,finger,15,time,309228,runTime,2513.68
line,41983114,total,0.00818382,total0,0.0822912,false,0.00215616,over,0.00860612,false0,0.022317,over0,0.0890762,overaggr,0.00606283,overcuckoo,0.00212099,over_uai,0.051855,over_uai,0.0216067,over_utai,0.00999008,over_utai,0.0107598,over_ai,0.00700748,over_ai,0.00894619,countIP,1.01597e+11,countIP0,1.09065e+11,keysum,1.00773e+11,pktSum,4.52768e+11,aggrSum,6.10968e+08,blackkey_num,163177723,feedback,43,feedsumportion,0.794204,finger0,11,finger,15,time,309228,runTime,2514.68
line,42000063,total,0.00819009,total0,0.0823123,false,0.00218892,over,0.00874422,false0,0.0224045,over0,0.0895006,overaggr,0.00606928,overcuckoo,0.0021208,over_uai,0.0468168,over_uai,0.0326731,over_utai,0.0100023,over_utai,0.0107676,over_ai,0.00701928,over_ai,0.00894436,countIP,1.01632e+11,countIP0,1.09103e+11,keysum,1.00806e+11,pktSum,4.52949e+11,aggrSum,6.1182e+08,blackkey_num,163810024,feedback,43,feedsumportion,0.794204,finger0,11,finger,15,time,309228,runTime,2515.68
line,42016906,total,0.00818797,total0,0.0823288,false,0.00217505,over,0.0086927,false0,0.0224734,over0,0.0898161,overaggr,0.00606755,overcuckoo,0.00212042,over_uai,0.00746601,over_uai,0.0034141,over_utai,0.0100014,over_utai,0.0107636,over_ai,0.00701742,over_ai,0.00894143,countIP,1.01666e+11,countIP0,1.09142e+11,keysum,1.0084e+11,pktSum,4.53127e+11,aggrSum,6.11852e+08,blackkey_num,164990718,feedback,41,feedsumportion,0.972958,finger0,11,finger,15,time,309504,runTime,2516.68
line,42034050,total,0.00818677,total0,0.0823324,false,0.0021706,over,0.00866152,false0,0.0225113,over0,0.089829,overaggr,0.00606693,overcuckoo,0.00211984,over_uai,0.00672977,over_uai,0.0086822,over_utai,0.01,over_utai,0.0107624,over_ai,0.00701508,over_ai,0.0089417,countIP,1.01707e+11,countIP0,1.09187e+11,keysum,1.00881e+11,pktSum,4.53303e+11,aggrSum,6.12036e+08,blackkey_num,166346918,feedback,41,feedsumportion,0.972958,finger0,11,finger,15,time,309504,runTime,2517.68
line,42050831,total,0.00818455,total0,0.082339,false,0.00215855,over,0.00860879,false0,0.0225445,over0,0.0899124,overaggr,0.00606506,overcuckoo,0.00211949,over_uai,0.00708702,over_uai,0.00949091,over_utai,0.00999873,over_utai,0.0107617,over_ai,0.00701274,over_ai,0.00893932,countIP,1.01745e+11,countIP0,1.09228e+11,keysum,1.00919e+11,pktSum,4.53484e+11,aggrSum,6.1208e+08,blackkey_num,167664265,feedback,41,feedsumportion,0.972958,finger0,11,finger,15,time,309504,runTime,2518.68
line,42067816,total,0.00818263,total0,0.082346,false,0.00214615,over,0.00856355,false0,0.0225575,over0,0.0900087,overaggr,0.00606339,overcuckoo,0.00211923,over_uai,0.00849476,over_uai,0.00741225,over_utai,0.0099979,over_utai,0.0107598,over_ai,0.0070107,over_ai,0.00893705,countIP,1.01779e+11,countIP0,1.09266e+11,keysum,1.00953e+11,pktSum,4.53663e+11,aggrSum,6.12118e+08,blackkey_num,169082047,feedback,41,feedsumportion,0.972958,finger0,11,finger,15,time,309504,runTime,2519.68
line,42084515,total,0.00818064,total0,0.082357,false,0.00213414,over,0.00851752,false0,0.0225985,over0,0.0901922,overaggr,0.00606174,overcuckoo,0.00211889,over_uai,0.00818123,over_uai,0.00733604,over_utai,0.00999715,over_utai,0.010758,over_ai,0.0070088,over_ai,0.00893466,countIP,1.01814e+11,countIP0,1.09304e+11,keysum,1.00987e+11,pktSum,4.53838e+11,aggrSum,6.12159e+08,blackkey_num,170385362,feedback,41,feedsumportion,0.972958,finger0,11,finger,15,time,309504,runTime,2520.68
line,42101010,total,0.00817835,total0,0.0823619,false,0.00212154,over,0.00846568,false0,0.0226133,over0,0.0902348,overaggr,0.00605982,overcuckoo,0.00211853,over_uai,0.00223147,over_uai,0.00314344,over_utai,0.00999396,over_utai,0.0107546,over_ai,0.00700655,over_ai,0.00893225,countIP,1.01851e+11,countIP0,1.09345e+11,keysum,1.01025e+11,pktSum,4.54022e+11,aggrSum,6.12192e+08,blackkey_num,171735139,feedback,38,feedsumportion,0.739534,finger0,11,finger,15,time,309379,runTime,2521.68
line,42117887,total,0.00817655,total0,0.0823762,false,0.0021104,over,0.00842491,false0,0.0226653,over0,0.0904819,overaggr,0.00605841,overcuckoo,0.00211814,over_uai,0.00435796,over_uai,0.00360027,over_utai,0.00999147,over_utai,0.0107517,over_ai,0.00700438,over_ai,0.00893078,countIP,1.01886e+11,countIP0,1.09384e+11,keysum,1.0106e+11,pktSum,4.54203e+11,aggrSum,6.1226e+08,blackkey_num,173128043,feedback,38,feedsumportion,0.739534,finger0,11,finger,15,time,309379,runTime,2522.68
line,42134858,total,0.00817426,total0,0.0823896,false,0.00209887,over,0.00837447,false0,0.0227324,over0,0.0907018,overaggr,0.00605673,overcuckoo,0.00211753,over_uai,0.00291258,over_uai,0.00671064,over_utai,0.00998879,over_utai,0.0107496,over_ai,0.00700211,over_ai,0.00892833,countIP,1.01923e+11,countIP0,1.09426e+11,keysum,1.01097e+11,pktSum,4.5438e+11,aggrSum,6.12317e+08,blackkey_num,174373881,feedback,38,feedsumportion,0.739534,finger0,11,finger,15,time,309379,runTime,2523.68
line,42151530,total,0.00817188,total0,0.08241,false,0.00208597,over,0.00832281,false0,0.0228257,over0,0.0910726,overaggr,0.00605486,overcuckoo,0.00211701,over_uai,0.00219761,over_uai,0.0044772,over_utai,0.00998607,over_utai,0.0107466,over_ai,0.00699989,over_ai,0.00892537,countIP,1.01958e+11,countIP0,1.09466e+11,keysum,1.01132e+11,pktSum,4.54554e+11,aggrSum,6.12339e+08,blackkey_num,175630131,feedback,38,feedsumportion,0.739534,finger0,11,finger,15,time,309379,runTime,2524.68
line,42168475,total,0.00816981,total0,0.0824218,false,0.00207356,over,0.00827843,false0,0.0228586,over0,0.0912599,overaggr,0.00605324,overcuckoo,0.00211657,over_uai,0.00251939,over_uai,0.00483573,over_utai,0.00998332,over_utai,0.0107439,over_ai,0.00699759,over_ai,0.00892337,countIP,1.01992e+11,countIP0,1.09503e+11,keysum,1.01165e+11,pktSum,4.54732e+11,aggrSum,6.12377e+08,blackkey_num,176958803,feedback,38,feedsumportion,0.739534,finger0,11,finger,15,time,309379,runTime,2525.68
line,42185509,total,0.00816894,total0,0.082433,false,0.00206884,over,0.00825963,false0,0.0229,over0,0.0914259,overaggr,0.00605268,overcuckoo,0.00211626,over_uai,0.023334,over_uai,0.00226882,over_utai,0.00998776,over_utai,0.0107398,over_ai,0.00699751,over_ai,0.00892107,countIP,1.02028e+11,countIP0,1.09544e+11,keysum,1.01201e+11,pktSum,4.54913e+11,aggrSum,6.1254e+08,blackkey_num,178099794,feedback,38,feedsumportion,0.620375,finger0,11,finger,15,time,306294,runTime,2526.68
line,42202251,total,0.00817013,total0,0.0824424,false,0.00207545,over,0.00828333,false0,0.0229393,over0,0.0915529,overaggr,0.00605429,overcuckoo,0.00211583,over_uai,0.0334486,over_uai,0.00213397,over_utai,0.00999533,over_utai,0.0107358,over_ai,0.00700145,over_ai,0.00891818,countIP,1.02065e+11,countIP0,1.09585e+11,keysum,1.01238e+11,pktSum,4.55091e+11,aggrSum,6.12927e+08,blackkey_num,179298799,feedback,38,feedsumportion,0.620375,finger0,11,finger,15,time,306294,runTime,2527.68
line,42218733,total,0.00817023,total0,0.0824419,false,0.00207641,over,0.00828468,false0,0.0229261,over0,0.0914731,overaggr,0.0060547,overcuckoo,0.00211554,over_uai,0.0241493,over_uai,0.00234342,over_utai,0.0100002,over_utai,0.010732,over_ai,0.00700341,over_ai,0.00891573,countIP,1.02104e+11,countIP0,1.09626e+11,keysum,1.01276e+11,pktSum,4.55275e+11,aggrSum,6.13198e+08,blackkey_num,180412653,feedback,38,feedsumportion,0.620375,finger0,11,finger,15,time,306294,runTime,2528.68
line,42235299,total,0.00816967,total0,0.0824332,false,0.00207307,over,0.00827245,false0,0.0228621,over0,0.0912298,overaggr,0.00605472,overcuckoo,0.00211495,over_uai,0.0220819,over_uai,0.00180806,over_utai,0.0100042,over_utai,0.0107277,over_ai,0.0070045,over_ai,0.00891286,countIP,1.0214e+11,countIP0,1.09664e+11,keysum,1.01313e+11,pktSum,4.55458e+11,aggrSum,6.13419e+08,blackkey_num,181553672,feedback,38,feedsumportion,0.620375,finger0,11,finger,15,time,306294,runTime,2529.68
line,42251812,total,0.00816955,total0,0.0824308,false,0.0020716,over,0.00826921,false0,0.0228266,over0,0.091117,overaggr,0.0060549,overcuckoo,0.00211465,over_uai,0.0283223,over_uai,0.00239914,over_utai,0.0100101,over_utai,0.0107237,over_ai,0.00700553,over_ai,0.00891064,countIP,1.02177e+11,countIP0,1.09703e+11,keysum,1.01349e+11,pktSum,4.55646e+11,aggrSum,6.13658e+08,blackkey_num,182446698,feedback,38,feedsumportion,0.620375,finger0,11,finger,15,time,306294,runTime,2530.68
line,42268370,total,0.0081737,total0,0.0824582,false,0.00209136,over,0.00835187,false0,0.0229393,over0,0.0916084,overaggr,0.00605946,overcuckoo,0.00211424,over_uai,0.0278139,over_uai,0.00240193,over_utai,0.0100159,over_utai,0.0107197,over_ai,0.00701421,over_ai,0.00890818,countIP,1.02213e+11,countIP0,1.09744e+11,keysum,1.01384e+11,pktSum,4.5583e+11,aggrSum,6.14332e+08,blackkey_num,183188894,feedback,39,feedsumportion,0.931835,finger0,11,finger,15,time,310588,runTime,2531.68
line,42285027,total,0.00817788,total0,0.0824651,false,0.00211186,over,0.00843387,false0,0.0229569,over0,0.0916802,overaggr,0.00606389,overcuckoo,0.00211398,over_uai,0.028891,over_uai,0.00250385,over_utai,0.010022,over_utai,0.0107158,over_ai,0.00702307,over_ai,0.00890569,countIP,1.02249e+11,countIP0,1.09784e+11,keysum,1.0142e+11,pktSum,4.5601e+11,aggrSum,6.15e+08,blackkey_num,183926666,feedback,39,feedsumportion,0.931835,finger0,11,finger,15,time,310588,runTime,2532.68
line,42301759,total,0.0081815,total0,0.0824636,false,0.00212804,over,0.00850386,false0,0.0229198,over0,0.0915898,overaggr,0.00606785,overcuckoo,0.00211364,over_uai,0.0274758,over_uai,0.00310631,over_utai,0.0100278,over_utai,0.0107124,over_ai,0.0070306,over_ai,0.0089036,countIP,1.02284e+11,countIP0,1.0982e+11,keysum,1.01454e+11,pktSum,4.56193e+11,aggrSum,6.15608e+08,blackkey_num,184801676,feedback,39,feedsumportion,0.931835,finger0,11,finger,15,time,310588,runTime,2533.68
line,42318318,total,0.00818416,total0,0.0824598,false,0.00213995,over,0.00855409,false0,0.0228782,over0,0.0914517,overaggr,0.00607074,overcuckoo,0.00211342,over_uai,0.0212178,over_uai,0.00333295,over_utai,0.0100315,over_utai,0.0107091,over_ai,0.00703638,over_ai,0.00890179,countIP,1.0232e+11,countIP0,1.09858e+11,keysum,1.01489e+11,pktSum,4.56374e+11,aggrSum,6.16114e+08,blackkey_num,185693415,feedback,39,feedsumportion,0.931835,finger0,11,finger,15,time,310588,runTime,2534.68
line,42334867,total,0.00818748,total0,0.0824532,false,0.00215457,over,0.00861686,false0,0.0228203,over0,0.0912662,overaggr,0.00607415,overcuckoo,0.00211333,over_uai,0.0254486,over_uai,0.00358616,over_utai,0.010036,over_utai,0.010706,over_ai,0.00704305,over_ai,0.00890013,countIP,1.02353e+11,countIP0,1.09892e+11,keysum,1.01522e+11,pktSum,4.56547e+11,aggrSum,6.16657e+08,blackkey_num,186391209,feedback,39,feedsumportion,0.931835,finger0,11,finger,15,time,310588,runTime,2535.68
line,42351350,total,0.00818556,total0,0.0824553,false,0.00214406,over,0.00857659,false0,0.0228113,over0,0.0912488,overaggr,0.00607254,overcuckoo,0.00211302,over_uai,0.00179269,over_uai,0.00296577,over_utai,0.0100333,over_utai,0.0107021,over_ai,0.00704099,over_ai,0.00889806,countIP,1.02388e+11,countIP0,1.0993e+11,keysum,1.01556e+11,pktSum,4.56725e+11,aggrSum,6.16704e+08,blackkey_num,187716024,feedback,41,feedsumportion,0.968787,finger0,11,finger,15,time,309434,runTime,2536.68
line,42368319,total,0.00818344,total0,0.0824526,false,0.00213277,over,0.00853297,false0,0.0227794,over0,0.0911379,overaggr,0.00607075,overcuckoo,0.00211268,over_uai,0.00214162,over_uai,0.00219083,over_utai,0.0100302,over_utai,0.0106985,over_ai,0.00703855,over_ai,0.00889628,countIP,1.02422e+11,countIP0,1.09968e+11,keysum,1.01591e+11,pktSum,4.56903e+11,aggrSum,6.16735e+08,blackkey_num,189038398,feedback,41,feedsumportion,0.968787,finger0,11,finger,15,time,309434,runTime,2537.68
line,42385268,total,0.00818144,total0,0.0824508,false,0.00212136,over,0.00849244,false0,0.0227437,over0,0.0910497,overaggr,0.00606923,overcuckoo,0.00211221,over_uai,0.00601495,over_uai,0.00170926,over_utai,0.0100285,over_utai,0.010695,over_ai,0.00703633,over_ai,0.00889435,countIP,1.02455e+11,countIP0,1.10003e+11,keysum,1.01624e+11,pktSum,4.5708e+11,aggrSum,6.1678e+08,blackkey_num,190261921,feedback,41,feedsumportion,0.968787,finger0,11,finger,15,time,309434,runTime,2538.68
line,42402142,total,0.00817988,total0,0.0824455,false,0.00211434,over,0.00846056,false0,0.0227139,over0,0.0908903,overaggr,0.00606803,overcuckoo,0.00211185,over_uai,0.0147041,over_uai,0.00377427,over_utai,0.01003,over_utai,0.0106918,over_ai,0.00703436,over_ai,0.00889314,countIP,1.02492e+11,countIP0,1.10042e+11,keysum,1.01661e+11,pktSum,4.57255e+11,aggrSum,6.16881e+08,blackkey_num,191680542,feedback,41,feedsumportion,0.968787,finger0,11,finger,15,time,309434,runTime,2539.68
line,42418913,total,0.00817899,total0,0.0824466,false,0.00210827,over,0.00844189,false0,0.0226913,over0,0.0908597,overaggr,0.00606757,overcuckoo,0.00211142,over_uai,0.00228001,over_uai,0.00635874,over_utai,0.0100272,over_utai,0.0106899,over_ai,0.00703223,over_ai,0.00889391,countIP,1.02525e+11,countIP0,1.10077e+11,keysum,1.01693e+11,pktSum,4.57431e+11,aggrSum,6.1703e+08,blackkey_num,193238097,feedback,41,feedsumportion,0.968787,finger0,11,finger,15,time,309434,runTime,2540.68
line,42435886,total,0.00818643,total0,0.0824429,false,0.00214222,over,0.0085808,false0,0.0226535,over0,0.09074,overaggr,0.00607472,overcuckoo,0.00211171,over_uai,0.045881,over_uai,0.00440838,over_utai,0.0100384,over_utai,0.0106875,over_ai,0.00704499,over_ai,0.00889338,countIP,1.02558e+11,countIP0,1.10112e+11,keysum,1.01725e+11,pktSum,4.57599e+11,aggrSum,6.17952e+08,blackkey_num,194158082,feedback,40,feedsumportion,0.768745,finger0,11,finger,15,time,309769,runTime,2541.68
line,42452539,total,0.00819277,total0,0.08244,false,0.00217127,over,0.00869708,false0,0.022627,over0,0.0906327,overaggr,0.00608093,overcuckoo,0.00211184,over_uai,0.040291,over_uai,0.0038847,over_utai,0.0100485,over_utai,0.010685,over_ai,0.00705616,over_ai,0.00889236,countIP,1.02593e+11,countIP0,1.10149e+11,keysum,1.0176e+11,pktSum,4.57772e+11,aggrSum,6.18794e+08,blackkey_num,194806861,feedback,40,feedsumportion,0.768745,finger0,11,finger,15,time,309769,runTime,2542.68
line,42469336,total,0.00819912,total0,0.0824339,false,0.0022001,over,0.00881235,false0,0.0225862,over0,0.0904674,overaggr,0.00608754,overcuckoo,0.00211158,over_uai,0.0433772,over_uai,0.00232597,over_utai,0.0100596,over_utai,0.0106819,over_ai,0.00706808,over_ai,0.00889045,countIP,1.02629e+11,countIP0,1.10185e+11,keysum,1.01794e+11,pktSum,4.57943e+11,aggrSum,6.19675e+08,blackkey_num,195538463,feedback,40,feedsumportion,0.768745,finger0,11,finger,15,time,309769,runTime,2543.68
line,42485675,total,0.00820501,total0,0.0824235,false,0.00222771,over,0.00891711,false0,0.0225384,over0,0.0902172,overaggr,0.00609378,overcuckoo,0.00211123,over_uai,0.0410572,over_uai,0.0020801,over_utai,0.0100698,over_utai,0.0106777,over_ai,0.00707962,over_ai,0.0088877,countIP,1.02668e+11,countIP0,1.10226e+11,keysum,1.01833e+11,pktSum,4.58123e+11,aggrSum,6.20547e+08,blackkey_num,196138222,feedback,40,feedsumportion,0.768745,finger0,11,finger,15,time,309769,runTime,2544.68
line,42502619,total,0.00820999,total0,0.0824185,false,0.00225148,over,0.00900377,false0,0.0225231,over0,0.0900708,overaggr,0.00609907,overcuckoo,0.00211092,over_uai,0.0385264,over_uai,0.00167783,over_utai,0.0100792,over_utai,0.0106731,over_ai,0.00709027,over_ai,0.00888435,countIP,1.02708e+11,countIP0,1.10268e+11,keysum,1.01872e+11,pktSum,4.58296e+11,aggrSum,6.21322e+08,blackkey_num,196841671,feedback,40,feedsumportion,0.768745,finger0,11,finger,15,time,309769,runTime,2545.68
line,42519304,total,0.00820853,total0,0.0824123,false,0.00224323,over,0.00897222,false0,0.0224794,over0,0.0899108,overaggr,0.00609807,overcuckoo,0.00211046,over_uai,0.00369564,over_uai,0.0134037,over_utai,0.0100768,over_utai,0.010674,over_ai,0.00708852,over_ai,0.00888295,countIP,1.02742e+11,countIP0,1.10304e+11,keysum,1.01906e+11,pktSum,4.58469e+11,aggrSum,6.21428e+08,blackkey_num,198177255,feedback,42,feedsumportion,0.965609,finger0,11,finger,15,time,309830,runTime,2546.68
line,42536073,total,0.00820684,total0,0.082426,false,0.00223411,over,0.00893676,false0,0.0225275,over0,0.0901132,overaggr,0.00609694,overcuckoo,0.0021099,over_uai,0.015369,over_uai,0.00562861,over_utai,0.0100784,over_utai,0.0106717,over_ai,0.00708679,over_ai,0.00888107,countIP,1.02777e+11,countIP0,1.10343e+11,keysum,1.0194e+11,pktSum,4.58646e+11,aggrSum,6.21525e+08,blackkey_num,199346595,feedback,42,feedsumportion,0.965609,finger0,11,finger,15,time,309830,runTime,2547.68
line,42552896,total,0.00820543,total0,0.0824331,false,0.00222599,over,0.00890694,false0,0.0225416,over0,0.0901966,overaggr,0.00609601,overcuckoo,0.00210942,over_uai,0.00499857,over_uai,0.00746415,over_utai,0.0100764,over_utai,0.0106704,over_ai,0.0070855,over_ai,0.00887963,countIP,1.0281e+11,countIP0,1.1038e+11,keysum,1.01974e+11,pktSum,4.58819e+11,aggrSum,6.21633e+08,blackkey_num,200769561,feedback,42,feedsumportion,0.965609,finger0,11,finger,15,time,309830,runTime,2548.68
line,42569795,total,0.00820417,total0,0.0824336,false,0.00221824,over,0.00888024,false0,0.0225217,over0,0.0901609,overaggr,0.00609524,overcuckoo,0.00210893,over_uai,0.00613193,over_uai,0.00761849,over_utai,0.0100747,over_utai,0.010669,over_ai,0.0070838,over_ai,0.00887882,countIP,1.02843e+11,countIP0,1.10415e+11,keysum,1.02007e+11,pktSum,4.58994e+11,aggrSum,6.21755e+08,blackkey_num,202106148,feedback,42,feedsumportion,0.965609,finger0,11,finger,15,time,309830,runTime,2549.68
line,42586410,total,0.00820297,total0,0.0824392,false,0.00220987,over,0.00885495,false0,0.022515,over0,0.0902174,overaggr,0.00609451,overcuckoo,0.00210846,over_uai,0.00372449,over_uai,0.0105691,over_utai,0.0100724,over_utai,0.0106687,over_ai,0.00708221,over_ai,0.00887803,countIP,1.02876e+11,countIP0,1.1045e+11,keysum,1.02039e+11,pktSum,4.59175e+11,aggrSum,6.21874e+08,blackkey_num,203604399,feedback,42,feedsumportion,0.965609,finger0,11,finger,15,time,309830,runTime,2550.68
line,42603216,total,0.0082053,total0,0.0824512,false,0.00221765,over,0.00889293,false0,0.0225409,over0,0.0903903,overaggr,0.00609689,overcuckoo,0.00210841,over_uai,0.00187999,over_uai,0.0186477,over_utai,0.0100695,over_utai,0.0106714,over_ai,0.00708008,over_ai,0.00888623,countIP,1.02907e+11,countIP0,1.10485e+11,keysum,1.02069e+11,pktSum,4.59346e+11,aggrSum,6.22304e+08,blackkey_num,204496483,feedback,41,feedsumportion,0.840015,finger0,11,finger,15,time,310499,runTime,2551.68
line,42620025,total,0.00820795,total0,0.0824573,false,0.00222616,over,0.00893625,false0,0.0225341,over0,0.0904563,overaggr,0.00609957,overcuckoo,0.00210838,over_uai,0.00388555,over_uai,0.0337147,over_utai,0.0100673,over_utai,0.0106793,over_ai,0.00707864,over_ai,0.00889467,countIP,1.02937e+11,countIP0,1.10518e+11,keysum,1.02099e+11,pktSum,4.59521e+11,aggrSum,6.22762e+08,blackkey_num,205915610,feedback,41,feedsumportion,0.840015,finger0,11,finger,15,time,310499,runTime,2552.68
line,42637096,total,0.00821114,total0,0.0824513,false,0.00223736,over,0.00898846,false0,0.0224789,over0,0.0903077,overaggr,0.00610272,overcuckoo,0.00210842,over_uai,0.00255953,over_uai,0.0506634,over_utai,0.0100645,over_utai,0.0106943,over_ai,0.00707674,over_ai,0.00890495,countIP,1.02969e+11,countIP0,1.10552e+11,keysum,1.02131e+11,pktSum,4.59698e+11,aggrSum,6.23275e+08,blackkey_num,207855820,feedback,41,feedsumportion,0.840015,finger0,11,finger,15,time,310499,runTime,2553.68
line,42653838,total,0.00821317,total0,0.0824484,false,0.00224472,over,0.00901937,false0,0.0224512,over0,0.0902096,overaggr,0.00610494,overcuckoo,0.00210823,over_uai,0.00258646,over_uai,0.0266278,over_utai,0.0100617,over_utai,0.0107006,over_ai,0.00707485,over_ai,0.00891238,countIP,1.03005e+11,countIP0,1.10589e+11,keysum,1.02165e+11,pktSum,4.59875e+11,aggrSum,6.23714e+08,blackkey_num,209589804,feedback,41,feedsumportion,0.840015,finger0,11,finger,15,time,310499,runTime,2554.68
line,42670572,total,0.00821462,total0,0.0824485,false,0.00224988,over,0.00903992,false0,0.0224405,over0,0.0901648,overaggr,0.00610655,overcuckoo,0.00210807,over_uai,0.00188303,over_uai,0.0239261,over_utai,0.0100587,over_utai,0.0107053,over_ai,0.00707268,over_ai,0.0089187,countIP,1.0304e+11,countIP0,1.10627e+11,keysum,1.02201e+11,pktSum,4.60052e+11,aggrSum,6.24094e+08,blackkey_num,210977665,feedback,41,feedsumportion,0.840015,finger0,11,finger,15,time,310499,runTime,2555.68
line,42687405,total,0.00821222,total0,0.0824461,false,0.00223799,over,0.00899347,false0,0.0224155,over0,0.0900779,overaggr,0.00610466,overcuckoo,0.00210757,over_uai,0.00718924,over_uai,0.00147649,over_utai,0.0100574,over_utai,0.010702,over_ai,0.00707048,over_ai,0.00891608,countIP,1.03075e+11,countIP0,1.10664e+11,keysum,1.02235e+11,pktSum,4.60229e+11,aggrSum,6.24111e+08,blackkey_num,212407141,feedback,42,feedsumportion,0.955121,finger0,11,finger,15,time,309714,runTime,2556.68
line,42704224,total,0.00821004,total0,0.0824453,false,0.00222786,over,0.00895107,false0,0.0224043,over0,0.0900159,overaggr,0.00610292,overcuckoo,0.00210713,over_uai,0.00193178,over_uai,0.00344648,over_utai,0.0100539,over_utai,0.0106992,over_ai,0.00706797,over_ai,0.00891429,countIP,1.03112e+11,countIP0,1.10704e+11,keysum,1.02273e+11,pktSum,4.60411e+11,aggrSum,6.24161e+08,blackkey_num,213820194,feedback,42,feedsumportion,0.955121,finger0,11,finger,15,time,309714,runTime,2557.68
line,42721347,total,0.00820773,total0,0.0824363,false,0.00221704,over,0.0089071,false0,0.0223562,over0,0.0898177,overaggr,0.00610113,overcuckoo,0.00210661,over_uai,0.00284851,over_uai,0.00238102,over_utai,0.0100512,over_utai,0.010696,over_ai,0.00706564,over_ai,0.00891181,countIP,1.03148e+11,countIP0,1.10742e+11,keysum,1.02308e+11,pktSum,4.60588e+11,aggrSum,6.24195e+08,blackkey_num,215317703,feedback,42,feedsumportion,0.955121,finger0,11,finger,15,time,309714,runTime,2558.68
line,42738299,total,0.00820607,total0,0.0824338,false,0.00220818,over,0.00887483,false0,0.0223269,over0,0.0897332,overaggr,0.00609982,overcuckoo,0.00210625,over_uai,0.00397031,over_uai,0.00338115,over_utai,0.0100489,over_utai,0.010693,over_ai,0.00706416,over_ai,0.0089097,countIP,1.03181e+11,countIP0,1.10778e+11,keysum,1.02341e+11,pktSum,4.60764e+11,aggrSum,6.24264e+08,blackkey_num,216831914,feedback,42,feedsumportion,0.955121,finger0,11,finger,15,time,309714,runTime,2559.68
line,42755322,total,0.00820413,total0,0.0824265,false,0.0021997,over,0.00883788,false0,0.0222921,over0,0.0895643,overaggr,0.00609787,overcuckoo,0.00210626,over_uai,0.00469923,over_uai,0.0016867,over_utai,0.010047,over_utai,0.0106895,over_ai,0.00706257,over_ai,0.00890717,countIP,1.03218e+11,countIP0,1.10817e+11,keysum,1.02379e+11,pktSum,4.60943e+11,aggrSum,6.24291e+08,blackkey_num,218342346,feedback,42,feedsumportion,0.955121,finger0,11,finger,15,time,309714,runTime,2560.68
line,42772250,total,0.00821018,total0,0.0824206,false,0.00222361,over,0.00893624,false0,0.0222516,over0,0.0894248,overaggr,0.00610429,overcuckoo,0.0021059,over_uai,0.0316334,over_uai,0.00376216,over_utai,0.0100546,over_utai,0.0106869,over_ai,0.00707385,over_ai,0.00890574,countIP,1.03254e+11,countIP0,1.10854e+11,keysum,1.02413e+11,pktSum,4.61124e+11,aggrSum,6.2516e+08,blackkey_num,218901206,feedback,37,feedsumportion,0.728828,finger0,11,finger,15,time,307598,runTime,2561.68
line,42788802,total,0.00821551,total0,0.0824155,false,0.00224342,over,0.00902144,false0,0.0222068,over0,0.0893,overaggr,0.00610988,overcuckoo,0.00210562,over_uai,0.0268515,over_uai,0.00370281,over_utai,0.010061,over_utai,0.0106842,over_ai,0.00708373,over_ai,0.00890454,countIP,1.03289e+11,countIP0,1.1089e+11,keysum,1.02447e+11,pktSum,4.61309e+11,aggrSum,6.2594e+08,blackkey_num,219459868,feedback,37,feedsumportion,0.728828,finger0,11,finger,15,time,307598,runTime,2562.68
line,42805253,total,0.00822122,total0,0.0824051,false,0.00226541,over,0.00911188,false0,0.0221487,over0,0.089086,overaggr,0.0061159,overcuckoo,0.00210532,over_uai,0.0330463,over_uai,0.00333413,over_utai,0.0100694,over_utai,0.0106812,over_ai,0.00709475,over_ai,0.00890288,countIP,1.03326e+11,countIP0,1.10929e+11,keysum,1.02483e+11,pktSum,4.61496e+11,aggrSum,6.26778e+08,blackkey_num,219974493,feedback,37,feedsumportion,0.728828,finger0,11,finger,15,time,307598,runTime,2563.68
line,42821912,total,0.00822697,total0,0.0823958,false,0.00228821,over,0.00920183,false0,0.0221048,over0,0.0888925,overaggr,0.00612192,overcuckoo,0.00210505,over_uai,0.0339754,over_uai,0.00364548,over_utai,0.0100779,over_utai,0.0106788,over_ai,0.00710564,over_ai,0.00890133,countIP,1.03364e+11,countIP0,1.10968e+11,keysum,1.0252e+11,pktSum,4.61677e+11,aggrSum,6.27621e+08,blackkey_num,220478906,feedback,37,feedsumportion,0.728828,finger0,11,finger,15,time,307598,runTime,2564.68
line,42838732,total,0.00823243,total0,0.0823825,false,0.00231112,over,0.00928558,false0,0.0220599,over0,0.0886316,overaggr,0.00612777,overcuckoo,0.00210466,over_uai,0.0301552,over_uai,0.00347024,over_utai,0.0100855,over_utai,0.0106763,over_ai,0.00711629,over_ai,0.00889953,countIP,1.03405e+11,countIP0,1.11009e+11,keysum,1.0256e+11,pktSum,4.61855e+11,aggrSum,6.28465e+08,blackkey_num,221028700,feedback,37,feedsumportion,0.728828,finger0,11,finger,15,time,307598,runTime,2565.68
line,42855368,total,0.00822989,total0,0.0823807,false,0.00230092,over,0.00923737,false0,0.0220602,over0,0.0885637,overaggr,0.00612589,overcuckoo,0.002104,over_uai,0.0168712,over_uai,0.0276002,over_utai,0.010088,over_utai,0.010682,over_ai,0.00711357,over_ai,0.00889703,countIP,1.03444e+11,countIP0,1.11052e+11,keysum,1.026e+11,pktSum,4.62033e+11,aggrSum,6.28515e+08,blackkey_num,222328409,feedback,39,feedsumportion,0.978535,finger0,11,finger,15,time,306962,runTime,2566.68
line,42872500,total,0.00822737,total0,0.0823691,false,0.00229038,over,0.00919029,false0,0.0220153,over0,0.0883378,overaggr,0.00612392,overcuckoo,0.00210345,over_uai,0.017459,over_uai,0.0329808,over_utai,0.0100907,over_utai,0.0106891,over_ai,0.0071108,over_ai,0.00889479,countIP,1.03482e+11,countIP0,1.11092e+11,keysum,1.02638e+11,pktSum,4.6221e+11,aggrSum,6.28545e+08,blackkey_num,223753246,feedback,39,feedsumportion,0.978535,finger0,11,finger,15,time,306962,runTime,2567.68
line,42889744,total,0.00822479,total0,0.082356,false,0.00228016,over,0.00914251,false0,0.0219693,over0,0.0880876,overaggr,0.00612187,overcuckoo,0.00210292,over_uai,0.0213562,over_uai,0.0375875,over_utai,0.0100949,over_utai,0.0106987,over_ai,0.00710828,over_ai,0.00889199,countIP,1.03521e+11,countIP0,1.11133e+11,keysum,1.02677e+11,pktSum,4.62387e+11,aggrSum,6.28574e+08,blackkey_num,225692246,feedback,39,feedsumportion,0.978535,finger0,11,finger,15,time,306962,runTime,2568.68
line,42906718,total,0.00822269,total0,0.0823411,false,0.00227143,over,0.00910314,false0,0.0219113,over0,0.0878134,overaggr,0.00612018,overcuckoo,0.00210251,over_uai,0.0194218,over_uai,0.0237114,over_utai,0.0100982,over_utai,0.0107033,over_ai,0.00710633,over_ai,0.00888945,countIP,1.0356e+11,countIP0,1.11174e+11,keysum,1.02716e+11,pktSum,4.62571e+11,aggrSum,6.28639e+08,blackkey_num,228000465,feedback,39,feedsumportion,0.978535,finger0,11,finger,15,time,306962,runTime,2569.68
line,42923684,total,0.00822507,total0,0.0823292,false,0.00228083,over,0.00913566,false0,0.0218675,over0,0.0875881,overaggr,0.00612302,overcuckoo,0.00210205,over_uai,0.0360615,over_uai,0.018326,over_utai,0.0101069,over_utai,0.0107066,over_ai,0.00711249,over_ai,0.00888622,countIP,1.03602e+11,countIP0,1.11217e+11,keysum,1.02757e+11,pktSum,4.62762e+11,aggrSum,6.29183e+08,blackkey_num,231140626,feedback,39,feedsumportion,0.978535,finger0,11,finger,15,time,306962,runTime,2570.68
line,42940530,total,0.00822211,total0,0.0823198,false,0.00226955,over,0.00908235,false0,0.0218407,over0,0.0874029,overaggr,0.00612072,overcuckoo,0.00210139,over_uai,0.0110355,over_uai,0.00158163,over_utai,0.0101069,over_utai,0.0107017,over_ai,0.00711043,over_ai,0.00888156,countIP,1.03645e+11,countIP0,1.11263e+11,keysum,1.028e+11,pktSum,4.62956e+11,aggrSum,6.29211e+08,blackkey_num,234102823,feedback,40,feedsumportion,0.867631,finger0,11,finger,15,time,310251,runTime,2571.68
line,42957318,total,0.00821999,total0,0.0823075,false,0.0022625,over,0.00904294,false0,0.0218107,over0,0.0871745,overaggr,0.00611924,overcuckoo,0.00210074,over_uai,0.0324087,over_uai,0.00200621,over_utai,0.0101135,over_utai,0.0106971,over_ai,0.00710995,over_ai,0.00887685,countIP,1.03691e+11,countIP0,1.1131e+11,keysum,1.02845e+11,pktSum,4.63149e+11,aggrSum,6.29336e+08,blackkey_num,235830990,feedback,40,feedsumportion,0.867631,finger0,11,finger,15,time,310251,runTime,2572.68
line,42974632,total,0.00821824,total0,0.0822994,false,0.00225543,over,0.00901059,false0,0.0217815,over0,0.0870186,overaggr,0.00611798,overcuckoo,0.00210026,over_uai,0.025621,over_uai,0.0037192,over_utai,0.0101196,over_utai,0.0106944,over_ai,0.0071085,over_ai,0.00887473,countIP,1.0373e+11,countIP0,1.11351e+11,keysum,1.02884e+11,pktSum,4.63331e+11,aggrSum,6.29443e+08,blackkey_num,237215331,feedback,40,feedsumportion,0.867631,finger0,11,finger,15,time,310251,runTime,2573.68
line,42991734,total,0.00821569,total0,0.082287,false,0.00224587,over,0.00896595,false0,0.021741,over0,0.0867945,overaggr,0.00611609,overcuckoo,0.0020996,over_uai,0.038726,over_uai,0.00151278,over_utai,0.0101299,over_utai,0.0106901,over_ai,0.0071067,over_ai,0.00887104,countIP,1.03771e+11,countIP0,1.11394e+11,keysum,1.02925e+11,pktSum,4.63517e+11,aggrSum,6.29499e+08,blackkey_num,238517100,feedback,40,feedsumportion,0.867631,finger0,11,finger,15,time,310251,runTime,2574.68
line,43008765,total,0.0082152,total0,0.0822794,false,0.00224407,over,0.00895379,false0,0.0217167,over0,0.0866492,overaggr,0.00611602,overcuckoo,0.00209918,over_uai,0.0136863,over_uai,0.00834545,over_utai,0.0101312,over_utai,0.0106892,over_ai,0.00710541,over_ai,0.00887178,countIP,1.03811e+11,countIP0,1.11437e+11,keysum,1.02965e+11,pktSum,4.63702e+11,aggrSum,6.29737e+08,blackkey_num,239811544,feedback,40,feedsumportion,0.867631,finger0,11,finger,15,time,310251,runTime,2575.68
line,43026116,total,0.00821287,total0,0.0822707,false,0.00223436,over,0.00891364,false0,0.0216804,over0,0.0864909,overaggr,0.00611415,overcuckoo,0.00209872,over_uai,0.00299138,over_uai,0.00226781,over_utai,0.0101284,over_utai,0.0106859,over_ai,0.00710308,over_ai,0.0088696,countIP,1.03849e+11,countIP0,1.11477e+11,keysum,1.03003e+11,pktSum,4.63886e+11,aggrSum,6.29774e+08,blackkey_num,241459897,feedback,35,feedsumportion,0.868067,finger0,11,finger,15,time,305785,runTime,2576.68
line,43042863,total,0.0082113,total0,0.0822605,false,0.00222709,over,0.00888558,false0,0.0216329,over0,0.0863105,overaggr,0.00611314,overcuckoo,0.00209816,over_uai,0.00163754,over_uai,0.00473219,over_utai,0.0101251,over_utai,0.0106831,over_ai,0.00710091,over_ai,0.00886859,countIP,1.03885e+11,countIP0,1.11515e+11,keysum,1.03039e+11,pktSum,4.6407e+11,aggrSum,6.29893e+08,blackkey_num,242976859,feedback,35,feedsumportion,0.868067,finger0,11,finger,15,time,305785,runTime,2577.68
line,43059567,total,0.00820972,total0,0.0822574,false,0.0022192,over,0.00885817,false0,0.021606,over0,0.0862426,overaggr,0.00611197,overcuckoo,0.00209775,over_uai,0.00246479,over_uai,0.00381513,over_utai,0.0101222,over_utai,0.0106801,over_ai,0.00709913,over_ai,0.00886707,countIP,1.03919e+11,countIP0,1.11552e+11,keysum,1.03073e+11,pktSum,4.64252e+11,aggrSum,6.2998e+08,blackkey_num,244723782,feedback,35,feedsumportion,0.868067,finger0,11,finger,15,time,305785,runTime,2578.68
line,43076293,total,0.00820726,total0,0.0822528,false,0.0022094,over,0.00881692,false0,0.0215881,over0,0.0861501,overaggr,0.00611016,overcuckoo,0.0020971,over_uai,0.00167635,over_uai,0.00261503,over_utai,0.0101189,over_utai,0.0106766,over_ai,0.00709671,over_ai,0.00886447,countIP,1.03959e+11,countIP0,1.11594e+11,keysum,1.03112e+11,pktSum,4.64441e+11,aggrSum,6.30033e+08,blackkey_num,246269741,feedback,35,feedsumportion,0.868067,finger0,11,finger,15,time,305785,runTime,2579.68
line,43093316,total,0.00820492,total0,0.0822485,false,0.00220074,over,0.00877797,false0,0.0215768,over0,0.0860621,overaggr,0.00610833,overcuckoo,0.00209659,over_uai,0.00719352,over_uai,0.0028402,over_utai,0.0101177,over_utai,0.0106732,over_ai,0.00709446,over_ai,0.00886152,countIP,1.03998e+11,countIP0,1.11636e+11,keysum,1.03152e+11,pktSum,4.64623e+11,aggrSum,6.30084e+08,blackkey_num,247775471,feedback,35,feedsumportion,0.868067,finger0,11,finger,15,time,305785,runTime,2580.68
line,43110473,total,0.00820246,total0,0.0822459,false,0.00219151,over,0.00873782,false0,0.0215699,over0,0.0860017,overaggr,0.00610633,overcuckoo,0.00209614,over_uai,0.00111229,over_uai,0.00933042,over_utai,0.0101145,over_utai,0.0106723,over_ai,0.00709207,over_ai,0.00885877,countIP,1.04037e+11,countIP0,1.11677e+11,keysum,1.0319e+11,pktSum,4.64806e+11,aggrSum,6.30113e+08,blackkey_num,249206226,feedback,37,feedsumportion,0.75608,finger0,11,finger,15,time,311866,runTime,2581.68
line,43127459,total,0.0082004,total0,0.0822422,false,0.00218346,over,0.00870392,false0,0.0215554,over0,0.0859264,overaggr,0.00610475,overcuckoo,0.00209565,over_uai,0.00189509,over_uai,0.00869503,over_utai,0.0101117,over_utai,0.0106715,over_ai,0.00708965,over_ai,0.00885743,countIP,1.04075e+11,countIP0,1.11718e+11,keysum,1.03229e+11,pktSum,4.64991e+11,aggrSum,6.30185e+08,blackkey_num,250565373,feedback,37,feedsumportion,0.75608,finger0,11,finger,15,time,311866,runTime,2582.68
line,43144134,total,0.00819794,total0,0.08225,false,0.00217188,over,0.00866476,false0,0.0215623,over0,0.0860233,overaggr,0.00610286,overcuckoo,0.00209508,over_uai,0.00250375,over_uai,0.00455479,over_utai,0.0101089,over_utai,0.010669,over_ai,0.00708739,over_ai,0.0088547,countIP,1.0411e+11,countIP0,1.11757e+11,keysum,1.03264e+11,pktSum,4.6519e+11,aggrSum,6.30205e+08,blackkey_num,251866433,feedback,37,feedsumportion,0.75608,finger0,11,finger,15,time,311866,runTime,2583.68
line,43160766,total,0.00819543,total0,0.0822475,false,0.00216146,over,0.00862495,false0,0.0215437,over0,0.0859664,overaggr,0.00610082,overcuckoo,0.0020946,over_uai,0.00116894,over_uai,0.0054886,over_utai,0.0101056,over_utai,0.010667,over_ai,0.00708502,over_ai,0.00885201,countIP,1.04147e+11,countIP0,1.11797e+11,keysum,1.03301e+11,pktSum,4.65379e+11,aggrSum,6.3022e+08,blackkey_num,253172443,feedback,37,feedsumportion,0.75608,finger0,11,finger,15,time,311866,runTime,2584.68
line,43177029,total,0.00819277,total0,0.0822454,false,0.002151,over,0.00858352,false0,0.0215301,over0,0.0859153,overaggr,0.00609876,overcuckoo,0.00209401,over_uai,0.00219424,over_uai,0.015638,over_utai,0.0101028,over_utai,0.0106688,over_ai,0.0070827,over_ai,0.0088489,countIP,1.04184e+11,countIP0,1.11837e+11,keysum,1.03338e+11,pktSum,4.65565e+11,aggrSum,6.30233e+08,blackkey_num,254517933,feedback,37,feedsumportion,0.75608,finger0,11,finger,15,time,311866,runTime,2585.68
line,43193662,total,0.00819051,total0,0.0822388,false,0.00214231,over,0.00854827,false0,0.0215027,over0,0.0858001,overaggr,0.00609695,overcuckoo,0.00209356,over_uai,0.00341539,over_uai,0.00331923,over_utai,0.0101004,over_utai,0.010666,over_ai,0.00708046,over_ai,0.00884649,countIP,1.04221e+11,countIP0,1.11876e+11,keysum,1.03374e+11,pktSum,4.65745e+11,aggrSum,6.30267e+08,blackkey_num,255857249,feedback,34,feedsumportion,0.662104,finger0,11,finger,15,time,309166,runTime,2586.68
line,43210115,total,0.00818804,total0,0.0822302,false,0.00213435,over,0.00851019,false0,0.0214822,over0,0.0856547,overaggr,0.00609494,overcuckoo,0.00209309,over_uai,0.00276423,over_uai,0.00307175,over_utai,0.0100975,over_utai,0.0106632,over_ai,0.00707782,over_ai,0.00884437,countIP,1.0426e+11,countIP0,1.11917e+11,keysum,1.03414e+11,pktSum,4.65921e+11,aggrSum,6.303e+08,blackkey_num,257223477,feedback,34,feedsumportion,0.662104,finger0,11,finger,15,time,309166,runTime,2587.68
line,43226940,total,0.0081851,total0,0.0822257,false,0.00212603,over,0.00846559,false0,0.0214895,over0,0.0855683,overaggr,0.00609257,overcuckoo,0.00209253,over_uai,0.00297882,over_uai,0.00194843,over_utai,0.0100948,over_utai,0.0106595,over_ai,0.00707528,over_ai,0.00884105,countIP,1.04304e+11,countIP0,1.11964e+11,keysum,1.03457e+11,pktSum,4.661e+11,aggrSum,6.3032e+08,blackkey_num,258651755,feedback,34,feedsumportion,0.662104,finger0,11,finger,15,time,309166,runTime,2588.68
line,43243474,total,0.00818243,total0,0.082245,false,0.00211676,over,0.00842549,false0,0.021563,over0,0.0858288,overaggr,0.00609051,overcuckoo,0.00209193,over_uai,0.00358139,over_uai,0.00197166,over_utai,0.0100924,over_utai,0.010656,over_ai,0.00707285,over_ai,0.0088379,countIP,1.04343e+11,countIP0,1.12008e+11,keysum,1.03496e+11,pktSum,4.66283e+11,aggrSum,6.30344e+08,blackkey_num,259955537,feedback,34,feedsumportion,0.662104,finger0,11,finger,15,time,309166,runTime,2589.68
line,43260357,total,0.00817976,total0,0.082248,false,0.00210744,over,0.00838574,false0,0.0215756,over0,0.0858518,overaggr,0.00608846,overcuckoo,0.0020913,over_uai,0.00386216,over_uai,0.00208912,over_utai,0.0100899,over_utai,0.0106528,over_ai,0.00707023,over_ai,0.00883484,countIP,1.04382e+11,countIP0,1.1205e+11,keysum,1.03535e+11,pktSum,4.66467e+11,aggrSum,6.30368e+08,blackkey_num,261312538,feedback,34,feedsumportion,0.662104,finger0,11,finger,15,time,309166,runTime,2590.68
line,43277052,total,0.00817808,total0,0.0822503,false,0.00210048,over,0.00836074,false0,0.021573,over0,0.0858694,overaggr,0.00608699,overcuckoo,0.00209109,over_uai,0.0183699,over_uai,0.00373567,over_utai,0.0100925,over_utai,0.0106505,over_ai,0.00706862,over_ai,0.0088328,countIP,1.04415e+11,countIP0,1.12086e+11,keysum,1.03568e+11,pktSum,4.6664e+11,aggrSum,6.30415e+08,blackkey_num,262641016,feedback,33,feedsumportion,0.545915,finger0,11,finger,15,time,308844,runTime,2591.68
line,43293440,total,0.00817691,total0,0.0822546,false,0.00209654,over,0.00834312,false0,0.0215889,over0,0.0859126,overaggr,0.00608606,overcuckoo,0.00209085,over_uai,0.0200752,over_uai,0.0147019,over_utai,0.0100957,over_utai,0.0106518,over_ai,0.00706815,over_ai,0.00883054,countIP,1.04452e+11,countIP0,1.12126e+11,keysum,1.03604e+11,pktSum,4.66816e+11,aggrSum,6.30543e+08,blackkey_num,263935530,feedback,33,feedsumportion,0.545915,finger0,11,finger,15,time,308844,runTime,2592.68
line,43310050,total,0.00817515,total0,0.0822544,false,0.00208994,over,0.00831742,false0,0.021582,over0,0.0858909,overaggr,0.00608453,overcuckoo,0.00209062,over_uai,0.0166189,over_uai,0.0582552,over_utai,0.0100978,over_utai,0.0106665,over_ai,0.00706658,over_ai,0.00882845,countIP,1.04487e+11,countIP0,1.12164e+11,keysum,1.03639e+11,pktSum,4.66992e+11,aggrSum,6.30597e+08,blackkey_num,265315270,feedback,33,feedsumportion,0.545915,finger0,11,finger,15,time,308844,runTime,2593.68
line,43327048,total,0.00817346,total0,0.0822661,false,0.00208313,over,0.00829293,false0,0.0216128,over0,0.0860403,overaggr,0.00608307,overcuckoo,0.00209039,over_uai,0.0191039,over_uai,0.015356,over_utai,0.0101005,over_utai,0.0106677,over_ai,0.00706498,over_ai,0.00882649,countIP,1.0452e+11,countIP0,1.12201e+11,keysum,1.03673e+11,pktSum,4.67167e+11,aggrSum,6.30649e+08,blackkey_num,266503716,feedback,33,feedsumportion,0.545915,finger0,11,finger,15,time,308844,runTime,2594.68
line,43343965,total,0.00817152,total0,0.0822775,false,0.00207697,over,0.00826506,false0,0.021657,over0,0.0861815,overaggr,0.00608144,overcuckoo,0.00209008,over_uai,0.0175468,over_uai,0.00245454,over_utai,0.0101026,over_utai,0.0106647,over_ai,0.00706319,over_ai,0.00882402,countIP,1.04557e+11,countIP0,1.12243e+11,keysum,1.0371e+11,pktSum,4.67339e+11,aggrSum,6.30704e+08,blackkey_num,268196612,feedback,33,feedsumportion,0.545915,finger0,11,finger,15,time,308844,runTime,2595.68
line,43360740,total,0.00816922,total0,0.0822743,false,0.00206946,over,0.00823232,false0,0.0216484,over0,0.0861173,overaggr,0.00607961,overcuckoo,0.00208961,over_uai,0.00101358,over_uai,0.00307013,over_utai,0.0100994,over_utai,0.0106619,over_ai,0.00706084,over_ai,0.00882184,countIP,1.04594e+11,countIP0,1.12282e+11,keysum,1.03747e+11,pktSum,4.67513e+11,aggrSum,6.30739e+08,blackkey_num,269727226,feedback,36,feedsumportion,0.760621,finger0,11,finger,15,time,311375,runTime,2596.68
line,43377208,total,0.00816705,total0,0.0822725,false,0.00206142,over,0.0082018,false0,0.0216338,over0,0.0860746,overaggr,0.0060779,overcuckoo,0.00208915,over_uai,0.00204337,over_uai,0.00203621,over_utai,0.0100961,over_utai,0.0106585,over_ai,0.00705876,over_ai,0.00881942,countIP,1.0463e+11,countIP0,1.12321e+11,keysum,1.03782e+11,pktSum,4.67696e+11,aggrSum,6.30778e+08,blackkey_num,271144995,feedback,36,feedsumportion,0.760621,finger0,11,finger,15,time,311375,runTime,2597.68
line,43393869,total,0.00816449,total0,0.0822678,false,0.00205446,over,0.00816615,false0,0.021633,over0,0.0859878,overaggr,0.00607599,overcuckoo,0.0020885,over_uai,0.00208375,over_uai,0.00213962,over_utai,0.0100932,over_utai,0.0106549,over_ai,0.00705656,over_ai,0.00881617,countIP,1.0467e+11,countIP0,1.12364e+11,keysum,1.03823e+11,pktSum,4.67868e+11,aggrSum,6.30826e+08,blackkey_num,272326984,feedback,36,feedsumportion,0.760621,finger0,11,finger,15,time,311375,runTime,2598.68
line,43410838,total,0.00816213,total0,0.0822588,false,0.00204665,over,0.0081335,false0,0.0216018,over0,0.0858468,overaggr,0.00607419,overcuckoo,0.00208794,over_uai,0.0012461,over_uai,0.00267949,over_utai,0.0100896,over_utai,0.0106524,over_ai,0.0070537,over_ai,0.00881468,countIP,1.04707e+11,countIP0,1.12402e+11,keysum,1.03859e+11,pktSum,4.68043e+11,aggrSum,6.30859e+08,blackkey_num,273975364,feedback,36,feedsumportion,0.760621,finger0,11,finger,15,time,311375,runTime,2599.68
line,43427472,total,0.00815997,total0,0.0822605,false,0.0020391,over,0.00810394,false0,0.0216021,over0,0.0858527,overaggr,0.00607236,overcuckoo,0.0020876,over_uai,0.000907006,over_uai,0.00309823,over_utai,0.0100855,over_utai,0.01065,over_ai,0.00705099,over_ai,0.00881339,countIP,1.04741e+11,countIP0,1.1244e+11,keysum,1.03893e+11,pktSum,4.68216e+11,aggrSum,6.30879e+08,blackkey_num,275635656,feedback,36,feedsumportion,0.760621,finger0,11,finger,15,time,311375,runTime,2600.68
line,43444107,total,0.00815798,total0,0.0822864,false,0.00203166,over,0.00807707,false0,0.0216804,over0,0.0861925,overaggr,0.00607071,overcuckoo,0.00208727,over_uai,0.00190931,over_uai,0.00452363,over_utai,0.0100821,over_utai,0.0106483,over_ai,0.00704858,over_ai,0.00881191,countIP,1.04774e+11,countIP0,1.12478e+11,keysum,1.03926e+11,pktSum,4.68389e+11,aggrSum,6.30907e+08,blackkey_num,277294139,feedback,33,feedsumportion,0.646033,finger0,11,finger,15,time,345144,runTime,2601.68
line,43461063,total,0.00815579,total0,0.0822806,false,0.00202455,over,0.00804748,false0,0.0216592,over0,0.0860944,overaggr,0.00606891,overcuckoo,0.00208687,over_uai,0.00260594,over_uai,0.00490054,over_utai,0.0100789,over_utai,0.0106465,over_ai,0.00704603,over_ai,0.00880993,countIP,1.0481e+11,countIP0,1.12516e+11,keysum,1.03962e+11,pktSum,4.68563e+11,aggrSum,6.30938e+08,blackkey_num,278554815,feedback,33,feedsumportion,0.646033,finger0,11,finger,15,time,345144,runTime,2602.68
line,43477932,total,0.00815331,total0,0.0822856,false,0.00201727,over,0.00801446,false0,0.0216827,over0,0.0861437,overaggr,0.00606696,overcuckoo,0.00208635,over_uai,0.00881856,over_uai,0.00318757,over_utai,0.0100782,over_utai,0.0106438,over_ai,0.00704369,over_ai,0.00880707,countIP,1.04848e+11,countIP0,1.12557e+11,keysum,1.04e+11,pktSum,4.68734e+11,aggrSum,6.30962e+08,blackkey_num,279917681,feedback,33,feedsumportion,0.646033,finger0,11,finger,15,time,345144,runTime,2603.68
line,43494699,total,0.00815081,total0,0.0822905,false,0.00201038,over,0.00798144,false0,0.0217098,over0,0.0861904,overaggr,0.0060649,overcuckoo,0.00208591,over_uai,0.00477009,over_uai,0.011196,over_utai,0.0100759,over_utai,0.0106439,over_ai,0.00704096,over_ai,0.00880492,countIP,1.04887e+11,countIP0,1.12601e+11,keysum,1.04039e+11,pktSum,4.6891e+11,aggrSum,6.30989e+08,blackkey_num,281181760,feedback,33,feedsumportion,0.646033,finger0,11,finger,15,time,345144,runTime,2604.68
line,43511782,total,0.00814839,total0,0.0822905,false,0.00200351,over,0.00794974,false0,0.0217169,over0,0.0861706,overaggr,0.00606292,overcuckoo,0.00208547,over_uai,0.00787028,over_uai,0.00433184,over_utai,0.010075,over_utai,0.0106417,over_ai,0.00703826,over_ai,0.00880273,countIP,1.04926e+11,countIP0,1.12642e+11,keysum,1.04078e+11,pktSum,4.69083e+11,aggrSum,6.31015e+08,blackkey_num,282591357,feedback,33,feedsumportion,0.646033,finger0,11,finger,15,time,345144,runTime,2605.68
line,43528955,total,0.00814615,total0,0.0822933,false,0.00199674,over,0.00792063,false0,0.0217278,over0,0.0861893,overaggr,0.006061,overcuckoo,0.00208515,over_uai,0.0014419,over_uai,0.00357218,over_utai,0.0100715,over_utai,0.0106391,over_ai,0.00703571,over_ai,0.00880084,countIP,1.04964e+11,countIP0,1.12683e+11,keysum,1.04115e+11,pktSum,4.69261e+11,aggrSum,6.31043e+08,blackkey_num,283864451,feedback,38,feedsumportion,0.464176,finger0,11,finger,15,time,314014,runTime,2606.68
line,43545926,total,0.00814357,total0,0.0822794,false,0.00199013,over,0.00788753,false0,0.0216949,over0,0.0859839,overaggr,0.00605904,overcuckoo,0.00208453,over_uai,0.00213499,over_uai,0.00320052,over_utai,0.0100681,over_utai,0.0106365,over_ai,0.00703315,over_ai,0.00879845,countIP,1.05006e+11,countIP0,1.12727e+11,keysum,1.04157e+11,pktSum,4.69443e+11,aggrSum,6.31094e+08,blackkey_num,285251458,feedback,38,feedsumportion,0.464176,finger0,11,finger,15,time,314014,runTime,2607.68
line,43562870,total,0.00814109,total0,0.0822805,false,0.00198253,over,0.00785589,false0,0.021698,over0,0.0859798,overaggr,0.0060572,overcuckoo,0.00208389,over_uai,0.00122061,over_uai,0.00239288,over_utai,0.0100644,over_utai,0.0106339,over_ai,0.00703044,over_ai,0.00879635,countIP,1.05044e+11,countIP0,1.12769e+11,keysum,1.04195e+11,pktSum,4.69625e+11,aggrSum,6.31132e+08,blackkey_num,286697079,feedback,38,feedsumportion,0.464176,finger0,11,finger,15,time,314014,runTime,2608.68
line,43580159,total,0.00813898,total0,0.0822768,false,0.00197671,over,0.00782948,false0,0.0216906,over0,0.0859132,overaggr,0.0060558,overcuckoo,0.00208318,over_uai,0.00132637,over_uai,0.00521079,over_utai,0.0100608,over_utai,0.0106317,over_ai,0.00702777,over_ai,0.00879504,countIP,1.05083e+11,countIP0,1.12811e+11,keysum,1.04235e+11,pktSum,4.69806e+11,aggrSum,6.31223e+08,blackkey_num,288293071,feedback,38,feedsumportion,0.464176,finger0,11,finger,15,time,314014,runTime,2609.68
line,43597382,total,0.00813652,total0,0.0822748,false,0.00196871,over,0.00779853,false0,0.0216778,over0,0.0858711,overaggr,0.00605396,overcuckoo,0.00208256,over_uai,0.00124389,over_uai,0.0059828,over_utai,0.0100576,over_utai,0.0106301,over_ai,0.00702524,over_ai,0.00879262,countIP,1.05118e+11,countIP0,1.12849e+11,keysum,1.0427e+11,pktSum,4.69985e+11,aggrSum,6.31245e+08,blackkey_num,290232501,feedback,38,feedsumportion,0.464176,finger0,11,finger,15,time,314014,runTime,2610.68
line,43614209,total,0.00813436,total0,0.0822648,false,0.00196376,over,0.00777212,false0,0.0216588,over0,0.0857204,overaggr,0.0060524,overcuckoo,0.00208196,over_uai,0.0144612,over_uai,0.00336257,over_utai,0.0100591,over_utai,0.0106275,over_ai,0.00702258,over_ai,0.00879116,countIP,1.05161e+11,countIP0,1.12894e+11,keysum,1.04313e+11,pktSum,4.70171e+11,aggrSum,6.31344e+08,blackkey_num,291647108,feedback,35,feedsumportion,0.697891,finger0,11,finger,15,time,309273,runTime,2611.68
line,43631356,total,0.00813206,total0,0.0822589,false,0.00195736,over,0.00774386,false0,0.0216433,over0,0.0856271,overaggr,0.00605068,overcuckoo,0.00208138,over_uai,0.0159762,over_uai,0.0013266,over_utai,0.0100608,over_utai,0.010624,over_ai,0.00702047,over_ai,0.00878845,countIP,1.052e+11,countIP0,1.12935e+11,keysum,1.04351e+11,pktSum,4.70348e+11,aggrSum,6.31394e+08,blackkey_num,292924816,feedback,35,feedsumportion,0.697891,finger0,11,finger,15,time,309273,runTime,2612.68
line,43648491,total,0.00812975,total0,0.0822601,false,0.00195084,over,0.00771578,false0,0.0216498,over0,0.0856274,overaggr,0.00604892,overcuckoo,0.00208083,over_uai,0.0145604,over_uai,0.00184689,over_utai,0.0100621,over_utai,0.0106208,over_ai,0.00701829,over_ai,0.0087857,countIP,1.05238e+11,countIP0,1.12977e+11,keysum,1.04389e+11,pktSum,4.70529e+11,aggrSum,6.31444e+08,blackkey_num,294408248,feedback,35,feedsumportion,0.697891,finger0,11,finger,15,time,309273,runTime,2613.68
line,43665418,total,0.00812757,total0,0.0822557,false,0.00194447,over,0.00768972,false0,0.021634,over0,0.0855548,overaggr,0.00604718,overcuckoo,0.0020804,over_uai,0.0170494,over_uai,0.00207717,over_utai,0.0100643,over_utai,0.0106176,over_ai,0.00701614,over_ai,0.00878324,countIP,1.05276e+11,countIP0,1.13017e+11,keysum,1.04428e+11,pktSum,4.70714e+11,aggrSum,6.31492e+08,blackkey_num,295550285,feedback,35,feedsumportion,0.697891,finger0,11,finger,15,time,309273,runTime,2614.68
line,43682311,total,0.00812559,total0,0.0822594,false,0.00193868,over,0.00766622,false0,0.0216436,over0,0.0855862,overaggr,0.00604572,overcuckoo,0.00207986,over_uai,0.0179233,over_uai,0.00211842,over_utai,0.0100669,over_utai,0.0106146,over_ai,0.00701416,over_ai,0.00878103,countIP,1.05314e+11,countIP0,1.13059e+11,keysum,1.04465e+11,pktSum,4.70898e+11,aggrSum,6.31568e+08,blackkey_num,297004539,feedback,35,feedsumportion,0.697891,finger0,11,finger,15,time,309273,runTime,2615.68
line,43699495,total,0.00812344,total0,0.0822658,false,0.00193149,over,0.00764059,false0,0.021653,over0,0.0856549,overaggr,0.0060441,overcuckoo,0.00207934,over_uai,0.00224638,over_uai,0.00273737,over_utai,0.0100638,over_utai,0.010612,over_ai,0.00701152,over_ai,0.00877972,countIP,1.05348e+11,countIP0,1.13096e+11,keysum,1.04499e+11,pktSum,4.71078e+11,aggrSum,6.31604e+08,blackkey_num,298327680,feedback,39,feedsumportion,0.760803,finger0,11,finger,15,time,312072,runTime,2616.68
line,43716614,total,0.00812116,total0,0.0822686,false,0.00192401,over,0.00761361,false0,0.021651,over0,0.0856761,overaggr,0.00604243,overcuckoo,0.00207873,over_uai,0.00222567,over_uai,0.00167923,over_utai,0.0100609,over_utai,0.0106091,over_ai,0.00700916,over_ai,0.0087774,countIP,1.05382e+11,countIP0,1.13133e+11,keysum,1.04533e+11,pktSum,4.71257e+11,aggrSum,6.31634e+08,blackkey_num,299947286,feedback,39,feedsumportion,0.760803,finger0,11,finger,15,time,312072,runTime,2617.68
line,43733820,total,0.00811946,total0,0.0822686,false,0.00191815,over,0.007594,false0,0.0216374,over0,0.0856629,overaggr,0.00604131,overcuckoo,0.00207815,over_uai,0.00163974,over_uai,0.00577236,over_utai,0.0100581,over_utai,0.0106075,over_ai,0.00700683,over_ai,0.00877649,countIP,1.05415e+11,countIP0,1.13168e+11,keysum,1.04566e+11,pktSum,4.71433e+11,aggrSum,6.31713e+08,blackkey_num,301260855,feedback,39,feedsumportion,0.760803,finger0,11,finger,15,time,312072,runTime,2618.68
line,43750501,total,0.00811749,total0,0.0822608,false,0.00191173,over,0.00757125,false0,0.0216013,over0,0.0855504,overaggr,0.00603995,overcuckoo,0.00207754,over_uai,0.00223636,over_uai,0.00542159,over_utai,0.0100552,over_utai,0.010606,over_ai,0.00700447,over_ai,0.00877519,countIP,1.05449e+11,countIP0,1.13204e+11,keysum,1.046e+11,pktSum,4.71615e+11,aggrSum,6.31777e+08,blackkey_num,302732810,feedback,39,feedsumportion,0.760803,finger0,11,finger,15,time,312072,runTime,2619.68
line,43767187,total,0.00811498,total0,0.0822548,false,0.00190525,over,0.00754216,false0,0.0215883,over0,0.0854595,overaggr,0.00603811,overcuckoo,0.00207687,over_uai,0.000865266,over_uai,0.00221417,over_utai,0.0100516,over_utai,0.0106032,over_ai,0.00700162,over_ai,0.00877344,countIP,1.05487e+11,countIP0,1.13245e+11,keysum,1.04638e+11,pktSum,4.7179e+11,aggrSum,6.31818e+08,blackkey_num,304055429,feedback,39,feedsumportion,0.760803,finger0,11,finger,15,time,312072,runTime,2620.68
line,43783931,total,0.0081129,total0,0.0822531,false,0.00189919,over,0.0075184,false0,0.0215787,over0,0.0854247,overaggr,0.0060367,overcuckoo,0.0020762,over_uai,0.00676102,over_uai,0.116849,over_utai,0.0100501,over_utai,0.0106333,over_ai,0.00699936,over_ai,0.00877155,countIP,1.05523e+11,countIP0,1.13283e+11,keysum,1.04674e+11,pktSum,4.71967e+11,aggrSum,6.31883e+08,blackkey_num,305525645,feedback,34,feedsumportion,0.741237,finger0,11,finger,15,time,310845,runTime,2621.68
line,43800741,total,0.00811144,total0,0.0822522,false,0.00189521,over,0.00750275,false0,0.021572,over0,0.0853991,overaggr,0.0060359,overcuckoo,0.00207553,over_uai,0.00473132,over_uai,0.0830647,over_utai,0.010048,over_utai,0.0106589,over_ai,0.00699748,over_ai,0.00877029,countIP,1.05559e+11,countIP0,1.13323e+11,keysum,1.0471e+11,pktSum,4.72148e+11,aggrSum,6.3202e+08,blackkey_num,306926982,feedback,34,feedsumportion,0.741237,finger0,11,finger,15,time,310845,runTime,2622.68
line,43817251,total,0.00811123,total0,0.0822501,false,0.00189562,over,0.00750287,false0,0.0215662,over0,0.0853592,overaggr,0.00603636,overcuckoo,0.00207486,over_uai,0.00597641,over_uai,0.0829391,over_utai,0.0100463,over_utai,0.0106856,over_ai,0.00699583,over_ai,0.00877184,countIP,1.05597e+11,countIP0,1.13363e+11,keysum,1.04748e+11,pktSum,4.72329e+11,aggrSum,6.32296e+08,blackkey_num,308364677,feedback,34,feedsumportion,0.741237,finger0,11,finger,15,time,310845,runTime,2623.68
line,43833641,total,0.00810883,total0,0.0822473,false,0.00188988,over,0.00747604,false0,0.0215655,over0,0.0853095,overaggr,0.00603469,overcuckoo,0.00207414,over_uai,0.00408057,over_uai,0.0636864,over_utai,0.010044,over_utai,0.010706,over_ai,0.00699396,over_ai,0.00876852,countIP,1.05638e+11,countIP0,1.13407e+11,keysum,1.04788e+11,pktSum,4.7251e+11,aggrSum,6.32363e+08,blackkey_num,309523824,feedback,34,feedsumportion,0.741237,finger0,11,finger,15,time,310845,runTime,2624.68
line,43850700,total,0.0081069,total0,0.0822399,false,0.00188566,over,0.00745512,false0,0.0215511,over0,0.0852041,overaggr,0.00603343,overcuckoo,0.00207347,over_uai,0.00364505,over_uai,0.0919925,over_utai,0.0100415,over_utai,0.0107333,over_ai,0.00699191,over_ai,0.00876644,countIP,1.05677e+11,countIP0,1.13448e+11,keysum,1.04827e+11,pktSum,4.72685e+11,aggrSum,6.32468e+08,blackkey_num,310849798,feedback,34,feedsumportion,0.741237,finger0,11,finger,15,time,310845,runTime,2625.68
line,43867678,total,0.00810516,total0,0.0822439,false,0.00188093,over,0.00743646,false0,0.0215603,over0,0.085241,overaggr,0.00603195,overcuckoo,0.00207321,over_uai,0.0040864,over_uai,0.00190026,over_utai,0.010039,over_utai,0.0107308,over_ai,0.00699044,over_ai,0.00876435,countIP,1.05712e+11,countIP0,1.13486e+11,keysum,1.04862e+11,pktSum,4.72858e+11,aggrSum,6.32523e+08,blackkey_num,312116511,feedback,37,feedsumportion,0.868251,finger0,11,finger,15,time,312254,runTime,2626.68
line,43884330,total,0.00810261,total0,0.0822363,false,0.00187541,over,0.00740835,false0,0.0215516,over0,0.0851343,overaggr,0.00602994,overcuckoo,0.00207266,over_uai,0.00268878,over_uai,0.0014875,over_utai,0.0100362,over_utai,0.010727,over_ai,0.00698826,over_ai,0.00876112,countIP,1.05753e+11,countIP0,1.1353e+11,keysum,1.04903e+11,pktSum,4.73032e+11,aggrSum,6.32559e+08,blackkey_num,313779087,feedback,37,feedsumportion,0.868251,finger0,11,finger,15,time,312254,runTime,2627.68
line,43901350,total,0.00809979,total0,0.0822284,false,0.00186949,over,0.00737744,false0,0.0215455,over0,0.0850236,overaggr,0.00602781,overcuckoo,0.00207198,over_uai,0.00134287,over_uai,0.00205413,over_utai,0.0100325,over_utai,0.0107235,over_ai,0.00698546,over_ai,0.0087583,countIP,1.05796e+11,countIP0,1.13575e+11,keysum,1.04946e+11,pktSum,4.73208e+11,aggrSum,6.32593e+08,blackkey_num,315795930,feedback,37,feedsumportion,0.868251,finger0,11,finger,15,time,312254,runTime,2628.68
line,43918640,total,0.0080972,total0,0.0822193,false,0.00186323,over,0.00734933,false0,0.0215241,over0,0.0848996,overaggr,0.00602591,overcuckoo,0.00207129,over_uai,0.000845928,over_uai,0.00353253,over_utai,0.0100285,over_utai,0.0107211,over_ai,0.00698249,over_ai,0.00875624,countIP,1.05835e+11,countIP0,1.13617e+11,keysum,1.04985e+11,pktSum,4.73387e+11,aggrSum,6.3263e+08,blackkey_num,317472288,feedback,37,feedsumportion,0.868251,finger0,11,finger,15,time,312254,runTime,2629.68
line,43935770,total,0.00809514,total0,0.0822133,false,0.0018573,over,0.00732738,false0,0.0214988,over0,0.0848165,overaggr,0.00602448,overcuckoo,0.00207066,over_uai,0.00255462,over_uai,0.00544095,over_utai,0.0100257,over_utai,0.0107194,over_ai,0.00698019,over_ai,0.00875459,countIP,1.0587e+11,countIP0,1.13654e+11,keysum,1.0502e+11,pktSum,4.73565e+11,aggrSum,6.32689e+08,blackkey_num,318976018,feedback,37,feedsumportion,0.868251,finger0,11,finger,15,time,312254,runTime,2630.68
line,43952851,total,0.00809236,total0,0.0822035,false,0.00185089,over,0.0072975,false0,0.0214796,over0,0.0846873,overaggr,0.00602241,overcuckoo,0.00206995,over_uai,0.0166208,over_uai,0.00286532,over_utai,0.0100281,over_utai,0.0107167,over_ai,0.0069774,over_ai,0.00875186,countIP,1.0591e+11,countIP0,1.13696e+11,keysum,1.0506e+11,pktSum,4.73742e+11,aggrSum,6.32714e+08,blackkey_num,320674009,feedback,38,feedsumportion,0.753991,finger0,11,finger,15,time,309229,runTime,2631.68
line,43969892,total,0.00808929,total0,0.0821871,false,0.00184458,over,0.00726467,false0,0.0214499,over0,0.0844781,overaggr,0.00602013,overcuckoo,0.00206916,over_uai,0.0159419,over_uai,0.00193531,over_utai,0.0100301,over_utai,0.0107132,over_ai,0.00697459,over_ai,0.00874847,countIP,1.05954e+11,countIP0,1.13742e+11,keysum,1.05104e+11,pktSum,4.73922e+11,aggrSum,6.32739e+08,blackkey_num,322207231,feedback,38,feedsumportion,0.753991,finger0,11,finger,15,time,309229,runTime,2632.68
line,43987090,total,0.00808659,total0,0.0821724,false,0.00183937,over,0.00723664,false0,0.0214246,over0,0.0842909,overaggr,0.0060182,overcuckoo,0.00206839,over_uai,0.0168972,over_uai,0.00131533,over_utai,0.0100326,over_utai,0.0107093,over_ai,0.00697255,over_ai,0.00874475,countIP,1.05999e+11,countIP0,1.13789e+11,keysum,1.05149e+11,pktSum,4.74108e+11,aggrSum,6.32807e+08,blackkey_num,324035649,feedback,38,feedsumportion,0.753991,finger0,11,finger,15,time,309229,runTime,2633.68
line,44004529,total,0.00808535,total0,0.0821559,false,0.00183836,over,0.00722609,false0,0.0213917,over0,0.0840848,overaggr,0.00601775,overcuckoo,0.0020676,over_uai,0.0165088,over_uai,0.00906398,over_utai,0.0100351,over_utai,0.0107084,over_ai,0.00696966,over_ai,0.00874565,countIP,1.06043e+11,countIP0,1.13835e+11,keysum,1.05193e+11,pktSum,4.74293e+11,aggrSum,6.33023e+08,blackkey_num,325585585,feedback,38,feedsumportion,0.753991,finger0,11,finger,15,time,309229,runTime,2634.68
line,44021904,total,0.00808226,total0,0.0821444,false,0.00183228,over,0.00719396,false0,0.021379,over0,0.0839391,overaggr,0.00601541,overcuckoo,0.00206686,over_uai,0.0169611,over_uai,0.00142223,over_utai,0.0100377,over_utai,0.0107047,over_ai,0.00696667,over_ai,0.00874235,countIP,1.06088e+11,countIP0,1.13882e+11,keysum,1.05237e+11,pktSum,4.74473e+11,aggrSum,6.33045e+08,blackkey_num,327520151,feedback,38,feedsumportion,0.753991,finger0,11,finger,15,time,309229,runTime,2635.68
line,44039405,total,0.00809753,total0,0.0821567,false,0.00187879,over,0.00737729,false0,0.0214119,over0,0.0840764,overaggr,0.00603127,overcuckoo,0.00206626,over_uai,0.0016075,over_uai,0.0740667,over_utai,0.0100347,over_utai,0.0107282,over_ai,0.0069643,over_ai,0.00878316,countIP,1.06126e+11,countIP0,1.13922e+11,keysum,1.05274e+11,pktSum,4.74655e+11,aggrSum,6.34933e+08,blackkey_num,328828395,feedback,35,feedsumportion,0.824787,finger0,11,finger,15,time,313091,runTime,2636.68
line,44056624,total,0.00809433,total0,0.0821474,false,0.00187195,over,0.00734347,false0,0.0214019,over0,0.0839572,overaggr,0.00602884,overcuckoo,0.00206549,over_uai,0.00131616,over_uai,0.00120418,over_utai,0.0100311,over_utai,0.0107238,over_ai,0.00696133,over_ai,0.00877964,countIP,1.06171e+11,countIP0,1.1397e+11,keysum,1.05319e+11,pktSum,4.74843e+11,aggrSum,6.34949e+08,blackkey_num,330169473,feedback,35,feedsumportion,0.824787,finger0,11,finger,15,time,313091,runTime,2637.68
line,44073792,total,0.00809136,total0,0.082135,false,0.00186519,over,0.0073123,false0,0.0213764,over0,0.083804,overaggr,0.00602662,overcuckoo,0.00206474,over_uai,0.00170504,over_uai,0.00345573,over_utai,0.0100274,over_utai,0.0107215,over_ai,0.00695804,over_ai,0.0087773,countIP,1.06213e+11,countIP0,1.14015e+11,keysum,1.05361e+11,pktSum,4.75028e+11,aggrSum,6.34969e+08,blackkey_num,331713798,feedback,35,feedsumportion,0.824787,finger0,11,finger,15,time,313091,runTime,2638.68
line,44090703,total,0.00808804,total0,0.0821166,false,0.00185885,over,0.00727771,false0,0.0213484,over0,0.0835824,overaggr,0.00602414,overcuckoo,0.0020639,over_uai,0.00166487,over_uai,0.00188228,over_utai,0.0100236,over_utai,0.0107181,over_ai,0.00695478,over_ai,0.00877379,countIP,1.0626e+11,countIP0,1.14063e+11,keysum,1.05407e+11,pktSum,4.7521e+11,aggrSum,6.34988e+08,blackkey_num,333748409,feedback,35,feedsumportion,0.824787,finger0,11,finger,15,time,313091,runTime,2639.68
line,44107926,total,0.00808543,total0,0.0821168,false,0.00185288,over,0.00725108,false0,0.0213569,over0,0.0835781,overaggr,0.00602224,overcuckoo,0.00206319,over_uai,0.00200988,over_uai,0.00172117,over_utai,0.0100201,over_utai,0.0107154,over_ai,0.00695207,over_ai,0.00877148,countIP,1.063e+11,countIP0,1.14106e+11,keysum,1.05447e+11,pktSum,4.75389e+11,aggrSum,6.35028e+08,blackkey_num,335607755,feedback,35,feedsumportion,0.824787,finger0,11,finger,15,time,313091,runTime,2640.68
line,44124946,total,0.00808251,total0,0.0821086,false,0.00184614,over,0.0072211,false0,0.0213417,over0,0.083477,overaggr,0.00602006,overcuckoo,0.00206245,over_uai,0.00636318,over_uai,0.00583102,over_utai,0.0100185,over_utai,0.0107138,over_ai,0.00694913,over_ai,0.00876894,countIP,1.06341e+11,countIP0,1.14149e+11,keysum,1.05488e+11,pktSum,4.75572e+11,aggrSum,6.35044e+08,blackkey_num,337627884,feedback,35,feedsumportion,0.969338,finger0,11,finger,15,time,312237,runTime,2641.68
line,44141881,total,0.00807954,total0,0.0820965,false,0.00183963,over,0.00719102,false0,0.0213183,over0,0.0833324,overaggr,0.0060178,overcuckoo,0.00206174,over_uai,0.00534613,over_uai,0.00326584,over_utai,0.0100169,over_utai,0.0107108,over_ai,0.00694672,over_ai,0.00876522,countIP,1.06382e+11,countIP0,1.14193e+11,keysum,1.0553e+11,pktSum,4.75755e+11,aggrSum,6.35057e+08,blackkey_num,339449592,feedback,35,feedsumportion,0.969338,finger0,11,finger,15,time,312237,runTime,2642.68
line,44158792,total,0.00807665,total0,0.0820869,false,0.00183325,over,0.00716182,false0,0.0213015,over0,0.083217,overaggr,0.00601565,overcuckoo,0.002061,over_uai,0.00379884,over_uai,0.0105175,over_utai,0.0100144,over_utai,0.0107104,over_ai,0.00694409,over_ai,0.00876181,countIP,1.06423e+11,countIP0,1.14237e+11,keysum,1.05571e+11,pktSum,4.75934e+11,aggrSum,6.35076e+08,blackkey_num,341555213,feedback,35,feedsumportion,0.969338,finger0,11,finger,15,time,312237,runTime,2643.68
line,44175943,total,0.00807398,total0,0.0820774,false,0.00182714,over,0.00713527,false0,0.0212804,over0,0.0831034,overaggr,0.00601367,overcuckoo,0.00206031,over_uai,0.00501852,over_uai,0.0140776,over_utai,0.0100125,over_utai,0.0107116,over_ai,0.00694158,over_ai,0.00875885,countIP,1.06462e+11,countIP0,1.14278e+11,keysum,1.05609e+11,pktSum,4.7611e+11,aggrSum,6.351e+08,blackkey_num,343434959,feedback,35,feedsumportion,0.969338,finger0,11,finger,15,time,312237,runTime,2644.68
line,44192843,total,0.00807199,total0,0.0820736,false,0.00182164,over,0.00711598,false0,0.0212621,over0,0.0830574,overaggr,0.00601213,overcuckoo,0.00205987,over_uai,0.00434007,over_uai,0.0130676,over_utai,0.0100105,over_utai,0.0107122,over_ai,0.00693931,over_ai,0.00875721,countIP,1.06494e+11,countIP0,1.14312e+11,keysum,1.05642e+11,pktSum,4.7628e+11,aggrSum,6.35131e+08,blackkey_num,345130860,feedback,35,feedsumportion,0.969338,finger0,11,finger,15,time,312237,runTime,2645.68
line,44209484,total,0.00806957,total0,0.082067,false,0.00181531,over,0.00709218,false0,0.0212391,over0,0.0829786,overaggr,0.00601027,overcuckoo,0.0020593,over_uai,0.00127575,over_uai,0.00204896,over_utai,0.010007,over_utai,0.0107095,over_ai,0.00693659,over_ai,0.00875534,countIP,1.0653e+11,countIP0,1.14349e+11,keysum,1.05677e+11,pktSum,4.76457e+11,aggrSum,6.35146e+08,blackkey_num,347523339,feedback,33,feedsumportion,0.517998,finger0,11,finger,15,time,312212,runTime,2646.68
line,44226464,total,0.00806727,total0,0.0820585,false,0.00180896,over,0.00706974,false0,0.0212066,over0,0.0828795,overaggr,0.00600853,overcuckoo,0.00205874,over_uai,0.00116026,over_uai,0.00213128,over_utai,0.010004,over_utai,0.0107066,over_ai,0.00693428,over_ai,0.00875316,countIP,1.06563e+11,countIP0,1.14385e+11,keysum,1.0571e+11,pktSum,4.76633e+11,aggrSum,6.35163e+08,blackkey_num,349405773,feedback,33,feedsumportion,0.517998,finger0,11,finger,15,time,312212,runTime,2647.68
line,44243262,total,0.00806458,total0,0.0820534,false,0.00180299,over,0.00704374,false0,0.0211992,over0,0.0828191,overaggr,0.00600651,overcuckoo,0.00205807,over_uai,0.00165441,over_uai,0.00185929,over_utai,0.0100009,over_utai,0.0107037,over_ai,0.00693172,over_ai,0.00875027,countIP,1.06603e+11,countIP0,1.14427e+11,keysum,1.0575e+11,pktSum,4.76813e+11,aggrSum,6.35187e+08,blackkey_num,350858303,feedback,33,feedsumportion,0.517998,finger0,11,finger,15,time,312212,runTime,2648.68
line,44260120,total,0.00806217,total0,0.0820457,false,0.00179717,over,0.00702064,false0,0.0211774,over0,0.0827296,overaggr,0.00600467,overcuckoo,0.0020575,over_uai,0.00260803,over_uai,0.00231733,over_utai,0.00999812,over_utai,0.0107011,over_ai,0.00692924,over_ai,0.00874797,countIP,1.06639e+11,countIP0,1.14465e+11,keysum,1.05786e+11,pktSum,4.76989e+11,aggrSum,6.35209e+08,blackkey_num,352224153,feedback,33,feedsumportion,0.517998,finger0,11,finger,15,time,312212,runTime,2649.68
line,44276905,total,0.0080593,total0,0.0820327,false,0.00179138,over,0.00699314,false0,0.0211545,over0,0.0825819,overaggr,0.00600257,overcuckoo,0.00205672,over_uai,0.00130714,over_uai,0.00110862,over_utai,0.00999454,over_utai,0.0106979,over_ai,0.00692648,over_ai,0.00874503,countIP,1.0668e+11,countIP0,1.14509e+11,keysum,1.05827e+11,pktSum,4.77166e+11,aggrSum,6.35236e+08,blackkey_num,353586053,feedback,33,feedsumportion,0.517998,finger0,11,finger,15,time,312212,runTime,2650.68
line,44293916,total,0.0080568,total0,0.0820264,false,0.0017855,over,0.00696939,false0,0.0211383,over0,0.0825097,overaggr,0.00600069,overcuckoo,0.0020561,over_uai,0.000918576,over_uai,0.00144562,over_utai,0.00999071,over_utai,0.0106953,over_ai,0.00692371,over_ai,0.00874318,countIP,1.06716e+11,countIP0,1.14547e+11,keysum,1.05863e+11,pktSum,4.77338e+11,aggrSum,6.35253e+08,blackkey_num,355010977,feedback,29,feedsumportion,0.433973,finger0,11,finger,15,time,313294,runTime,2651.68
line,44310877,total,0.00805411,total0,0.0820127,false,0.00177979,over,0.00694416,false0,0.0211081,over0,0.0823567,overaggr,0.0059987,overcuckoo,0.0020554,over_uai,0.00143893,over_uai,0.000906961,over_utai,0.0099875,over_utai,0.0106915,over_ai,0.00692142,over_ai,0.0087398,countIP,1.06756e+11,countIP0,1.14588e+11,keysum,1.05903e+11,pktSum,4.77517e+11,aggrSum,6.3528e+08,blackkey_num,356439766,feedback,29,feedsumportion,0.433973,finger0,11,finger,15,time,313294,runTime,2652.68
line,44327435,total,0.00805105,total0,0.0819966,false,0.0017744,over,0.00691563,false0,0.0210849,over0,0.0821772,overaggr,0.00599649,overcuckoo,0.00205456,over_uai,0.00162654,over_uai,0.000544878,over_utai,0.00998421,over_utai,0.0106869,over_ai,0.00691898,over_ai,0.00873563,countIP,1.06801e+11,countIP0,1.14635e+11,keysum,1.05948e+11,pktSum,4.77696e+11,aggrSum,6.35316e+08,blackkey_num,357917685,feedback,29,feedsumportion,0.433973,finger0,11,finger,15,time,313294,runTime,2653.68
line,44344120,total,0.00804826,total0,0.0819855,false,0.00176841,over,0.00688971,false0,0.0210615,over0,0.0820551,overaggr,0.00599445,overcuckoo,0.00205381,over_uai,0.00138659,over_uai,0.000912043,over_utai,0.00998074,over_utai,0.0106828,over_ai,0.0069162,over_ai,0.00873286,countIP,1.06841e+11,countIP0,1.14677e+11,keysum,1.05988e+11,pktSum,4.77877e+11,aggrSum,6.35337e+08,blackkey_num,359425844,feedback,29,feedsumportion,0.433973,finger0,11,finger,15,time,313294,runTime,2654.68
line,44360814,total,0.00804596,total0,0.0819777,false,0.00176261,over,0.00686863,false0,0.0210346,over0,0.0819686,overaggr,0.00599277,overcuckoo,0.0020532,over_uai,0.00193799,over_uai,0.00113072,over_utai,0.00997758,over_utai,0.0106804,over_ai,0.00691378,over_ai,0.00873077,countIP,1.06875e+11,countIP0,1.14713e+11,keysum,1.06022e+11,pktSum,4.78051e+11,aggrSum,6.35362e+08,blackkey_num,360712543,feedback,29,feedsumportion,0.433973,finger0,11,finger,15,time,313294,runTime,2655.68
line,44377532,total,0.00804351,total0,0.0819695,false,0.00175693,over,0.00684626,false0,0.0210124,over0,0.0818795,overaggr,0.005991,overcuckoo,0.00205251,over_uai,0.00198485,over_uai,0.00200211,over_utai,0.00997453,over_utai,0.0106777,over_ai,0.00691111,over_ai,0.00872883,countIP,1.06911e+11,countIP0,1.14751e+11,keysum,1.06058e+11,pktSum,4.78229e+11,aggrSum,6.35393e+08,blackkey_num,361989471,feedback,34,feedsumportion,0.568245,finger0,11,finger,15,time,314287,runTime,2656.68
line,44394354,total,0.00804121,total0,0.0819612,false,0.00175123,over,0.00682548,false0,0.0209849,over0,0.0817896,overaggr,0.00598929,overcuckoo,0.00205192,over_uai,0.00251509,over_uai,0.00173102,over_utai,0.00997183,over_utai,0.0106754,over_ai,0.00690858,over_ai,0.00872696,countIP,1.06946e+11,countIP0,1.14788e+11,keysum,1.06093e+11,pktSum,4.78406e+11,aggrSum,6.35419e+08,blackkey_num,363284664,feedback,34,feedsumportion,0.568245,finger0,11,finger,15,time,314287,runTime,2657.68
line,44410973,total,0.00803876,total0,0.0819529,false,0.00174562,over,0.00680352,false0,0.0209623,over0,0.0817,overaggr,0.00598749,overcuckoo,0.00205127,over_uai,0.001741,over_uai,0.00142613,over_utai,0.00996832,over_utai,0.0106726,over_ai,0.00690595,over_ai,0.00872481,countIP,1.06982e+11,countIP0,1.14827e+11,keysum,1.06129e+11,pktSum,4.78584e+11,aggrSum,6.35447e+08,blackkey_num,364628305,feedback,34,feedsumportion,0.568245,finger0,11,finger,15,time,314287,runTime,2658.68
line,44427762,total,0.00803655,total0,0.0819462,false,0.00174075,over,0.00678424,false0,0.0209449,over0,0.0816288,overaggr,0.00598592,overcuckoo,0.00205062,over_uai,0.00175872,over_uai,0.00334191,over_utai,0.00996471,over_utai,0.0106706,over_ai,0.00690309,over_ai,0.00872343,countIP,1.07019e+11,countIP0,1.14866e+11,keysum,1.06166e+11,pktSum,4.78764e+11,aggrSum,6.35503e+08,blackkey_num,366250675,feedback,34,feedsumportion,0.568245,finger0,11,finger,15,time,314287,runTime,2659.68
line,44444593,total,0.00803449,total0,0.0819422,false,0.0017353,over,0.00676624,false0,0.0209241,over0,0.0815869,overaggr,0.00598445,overcuckoo,0.00205004,over_uai,0.00200958,over_uai,0.00184871,over_utai,0.00996171,over_utai,0.0106684,over_ai,0.00690073,over_ai,0.00872164,countIP,1.07052e+11,countIP0,1.14901e+11,keysum,1.06199e+11,pktSum,4.78941e+11,aggrSum,6.3554e+08,blackkey_num,367475513,feedback,34,feedsumportion,0.568245,finger0,11,finger,15,time,314287,runTime,2660.68
line,44461238,total,0.00803265,total0,0.0819346,false,0.00173025,over,0.00675059,false0,0.020891,over0,0.0815068,overaggr,0.00598312,overcuckoo,0.00204953,over_uai,0.0167996,over_uai,0.00908013,over_utai,0.00996375,over_utai,0.010668,over_ai,0.00689886,over_ai,0.00871988,countIP,1.07084e+11,countIP0,1.14934e+11,keysum,1.0623e+11,pktSum,4.7912e+11,aggrSum,6.35589e+08,blackkey_num,368910851,feedback,37,feedsumportion,0.61504,finger0,11,finger,15,time,311455,runTime,2661.68
line,44477565,total,0.00802999,total0,0.0819203,false,0.0017245,over,0.00672714,false0,0.0208555,over0,0.0813556,overaggr,0.0059811,overcuckoo,0.00204889,over_uai,0.0130804,over_uai,0.00865573,over_utai,0.00996482,over_utai,0.0106673,over_ai,0.00689626,over_ai,0.00871721,countIP,1.07123e+11,countIP0,1.14975e+11,keysum,1.0627e+11,pktSum,4.79307e+11,aggrSum,6.3561e+08,blackkey_num,370368753,feedback,37,feedsumportion,0.61504,finger0,11,finger,15,time,311455,runTime,2662.68
line,44493662,total,0.0080277,total0,0.0819202,false,0.00171865,over,0.00670735,false0,0.0208463,over0,0.0813565,overaggr,0.00597943,overcuckoo,0.00204827,over_uai,0.013849,over_uai,0.0052006,over_utai,0.009966,over_utai,0.0106655,over_ai,0.00689412,over_ai,0.00871463,countIP,1.07159e+11,countIP0,1.15014e+11,keysum,1.06305e+11,pktSum,4.79499e+11,aggrSum,6.35644e+08,blackkey_num,372475693,feedback,37,feedsumportion,0.61504,finger0,11,finger,15,time,311455,runTime,2663.68
line,44509556,total,0.0080258,total0,0.0819297,false,0.00171344,over,0.00669159,false0,0.0208584,over0,0.0814593,overaggr,0.00597805,overcuckoo,0.00204774,over_uai,0.0136951,over_uai,0.00740596,over_utai,0.00996704,over_utai,0.0106644,over_ai,0.00689203,over_ai,0.00871306,countIP,1.07192e+11,countIP0,1.15051e+11,keysum,1.06339e+11,pktSum,4.79689e+11,aggrSum,6.35698e+08,blackkey_num,375400776,feedback,37,feedsumportion,0.61504,finger0,11,finger,15,time,311455,runTime,2664.68
line,44526094,total,0.008024,total0,0.0819266,false,0.00170734,over,0.00667626,false0,0.0208238,over0,0.081428,overaggr,0.00597671,overcuckoo,0.00204729,over_uai,0.0193278,over_uai,0.00809584,over_utai,0.00996967,over_utai,0.0106634,over_ai,0.00689023,over_ai,0.00871111,countIP,1.07221e+11,countIP0,1.15081e+11,keysum,1.06367e+11,pktSum,4.79879e+11,aggrSum,6.35725e+08,blackkey_num,378757428,feedback,37,feedsumportion,0.61504,finger0,11,finger,15,time,311455,runTime,2665.68
line,44542036,total,0.00802209,total0,0.0819218,false,0.00170113,over,0.00666015,false0,0.0207857,over0,0.0813787,overaggr,0.00597527,overcuckoo,0.00204682,over_uai,0.00158199,over_uai,0.00205975,over_utai,0.00996692,over_utai,0.0106612,over_ai,0.00688825,over_ai,0.00870931,countIP,1.07251e+11,countIP0,1.15113e+11,keysum,1.06397e+11,pktSum,4.80075e+11,aggrSum,6.35752e+08,blackkey_num,382399128,feedback,35,feedsumportion,0.678879,finger0,11,finger,15,time,303960,runTime,2666.68
line,44557701,total,0.00801984,total0,0.0819136,false,0.00169475,over,0.00664099,false0,0.0207457,over0,0.0812937,overaggr,0.00597356,overcuckoo,0.00204628,over_uai,0.00110727,over_uai,0.0023534,over_utai,0.00996387,over_utai,0.0106588,over_ai,0.00688583,over_ai,0.00870746,countIP,1.07284e+11,countIP0,1.15149e+11,keysum,1.06431e+11,pktSum,4.80275e+11,aggrSum,6.35771e+08,blackkey_num,383752711,feedback,35,feedsumportion,0.678879,finger0,11,finger,15,time,303960,runTime,2667.68
line,44574040,total,0.00801775,total0,0.0819091,false,0.00168945,over,0.00662338,false0,0.0207244,over0,0.0812484,overaggr,0.00597201,overcuckoo,0.00204574,over_uai,0.00201668,over_uai,0.00192447,over_utai,0.00996118,over_utai,0.0106561,over_ai,0.00688382,over_ai,0.00870527,countIP,1.07317e+11,countIP0,1.15184e+11,keysum,1.06463e+11,pktSum,4.80454e+11,aggrSum,6.358e+08,blackkey_num,385447604,feedback,35,feedsumportion,0.678879,finger0,11,finger,15,time,303960,runTime,2668.68
line,44590711,total,0.00801534,total0,0.0819013,false,0.00168422,over,0.00660303,false0,0.0207037,over0,0.0811691,overaggr,0.00597021,overcuckoo,0.00204513,over_uai,0.00124515,over_uai,0.00128403,over_utai,0.009958,over_utai,0.0106533,over_ai,0.00688154,over_ai,0.00870277,countIP,1.07352e+11,countIP0,1.15221e+11,keysum,1.06499e+11,pktSum,4.80628e+11,aggrSum,6.35819e+08,blackkey_num,386872356,feedback,35,feedsumportion,0.678879,finger0,11,finger,15,time,303960,runTime,2669.68
line,44606969,total,0.00801299,total0,0.0818967,false,0.00167867,over,0.00658328,false0,0.0206857,over0,0.081124,overaggr,0.00596845,overcuckoo,0.00204454,over_uai,0.00238467,over_uai,0.0115387,over_utai,0.00995538,over_utai,0.0106534,over_ai,0.00687919,over_ai,0.00870012,countIP,1.07387e+11,countIP0,1.15258e+11,keysum,1.06534e+11,pktSum,4.80812e+11,aggrSum,6.3584e+08,blackkey_num,388499908,feedback,35,feedsumportion,0.678879,finger0,11,finger,15,time,303960,runTime,2670.68
line,44623157,total,0.00801077,total0,0.0818902,false,0.00167366,over,0.00656515,false0,0.0206642,over0,0.0810582,overaggr,0.00596686,overcuckoo,0.0020439,over_uai,0.00254156,over_uai,0.00127937,over_utai,0.00995249,over_utai,0.0106506,over_ai,0.00687721,over_ai,0.0086975,countIP,1.07423e+11,countIP0,1.15296e+11,keysum,1.06569e+11,pktSum,4.80997e+11,aggrSum,6.35884e+08,blackkey_num,390271598,feedback,31,feedsumportion,0.511776,finger0,11,finger,15,time,312446,runTime,2671.68
line,44639435,total,0.00800829,total0,0.0818798,false,0.00166832,over,0.00654455,false0,0.0206365,over0,0.0809535,overaggr,0.005965,overcuckoo,0.00204329,over_uai,0.00139859,over_uai,0.00124573,over_utai,0.0099492,over_utai,0.0106477,over_ai,0.00687467,over_ai,0.00869522,countIP,1.07459e+11,countIP0,1.15335e+11,keysum,1.06606e+11,pktSum,4.81179e+11,aggrSum,6.35903e+08,blackkey_num,391609154,feedback,31,feedsumportion,0.511776,finger0,11,finger,15,time,312446,runTime,2672.68
line,44655818,total,0.00800639,total0,0.0818718,false,0.00166476,over,0.00653016,false0,0.0206177,over0,0.0808743,overaggr,0.0059637,overcuckoo,0.00204269,over_uai,0.00231344,over_uai,0.00368636,over_utai,0.00994638,over_utai,0.0106454,over_ai,0.00687258,over_ai,0.00869348,countIP,1.07496e+11,countIP0,1.15373e+11,keysum,1.06642e+11,pktSum,4.81357e+11,aggrSum,6.35983e+08,blackkey_num,393061511,feedback,31,feedsumportion,0.511776,finger0,11,finger,15,time,312446,runTime,2673.68
line,44672347,total,0.00800394,total0,0.0818664,false,0.00165961,over,0.00651018,false0,0.0206035,over0,0.0808218,overaggr,0.00596192,overcuckoo,0.00204202,over_uai,0.00154757,over_uai,0.00185285,over_utai,0.00994299,over_utai,0.0106431,over_ai,0.0068702,over_ai,0.00869119,countIP,1.07534e+11,countIP0,1.15413e+11,keysum,1.0668e+11,pktSum,4.81542e+11,aggrSum,6.36016e+08,blackkey_num,394521979,feedback,31,feedsumportion,0.511776,finger0,11,finger,15,time,312446,runTime,2674.68
line,44688897,total,0.00800133,total0,0.0818534,false,0.00165465,over,0.00648919,false0,0.0205753,over0,0.0806921,overaggr,0.00596001,overcuckoo,0.00204132,over_uai,0.00291271,over_uai,0.00124843,over_utai,0.0099403,over_utai,0.0106389,over_ai,0.00686812,over_ai,0.0086875,countIP,1.07574e+11,countIP0,1.15455e+11,keysum,1.0672e+11,pktSum,4.8173e+11,aggrSum,6.36052e+08,blackkey_num,396067237,feedback,31,feedsumportion,0.511776,finger0,11,finger,15,time,312446,runTime,2675.68
line,44705201,total,0.00800526,total0,0.0818419,false,0.00166585,over,0.00653476,false0,0.0205413,over0,0.0805792,overaggr,0.00596453,overcuckoo,0.00204073,over_uai,0.0273638,over_uai,0.0402257,over_utai,0.00994644,over_utai,0.0106509,over_ai,0.00687657,over_ai,0.00868503,countIP,1.07612e+11,countIP0,1.15494e+11,keysum,1.06757e+11,pktSum,4.81923e+11,aggrSum,6.36755e+08,blackkey_num,396768436,feedback,31,feedsumportion,0.72468,finger0,11,finger,15,time,310548,runTime,2676.68
line,44721607,total,0.00800741,total0,0.081829,false,0.00167298,over,0.00656219,false0,0.0205106,over0,0.0804518,overaggr,0.00596736,overcuckoo,0.00204006,over_uai,0.0198182,over_uai,0.0504784,over_utai,0.00994965,over_utai,0.0106637,over_ai,0.00688224,over_ai,0.0086821,countIP,1.07651e+11,countIP0,1.15534e+11,keysum,1.06796e+11,pktSum,4.82109e+11,aggrSum,6.37287e+08,blackkey_num,397658372,feedback,31,feedsumportion,0.72468,finger0,11,finger,15,time,310548,runTime,2677.68
line,44738142,total,0.00801133,total0,0.0818184,false,0.00168441,over,0.0066071,false0,0.0204842,over0,0.0803491,overaggr,0.00597194,overcuckoo,0.00203939,over_uai,0.0281849,over_uai,0.0499389,over_utai,0.00995571,over_utai,0.0106756,over_ai,0.00689098,over_ai,0.0086793,countIP,1.07688e+11,countIP0,1.15573e+11,keysum,1.06832e+11,pktSum,4.82291e+11,aggrSum,6.37996e+08,blackkey_num,398655864,feedback,31,feedsumportion,0.72468,finger0,11,finger,15,time,310548,runTime,2678.68
line,44754553,total,0.00801707,total0,0.0818125,false,0.00170049,over,0.00667039,false0,0.0204694,over0,0.080294,overaggr,0.00597745,overcuckoo,0.00203962,over_uai,0.0365094,over_uai,0.042346,over_utai,0.00996373,over_utai,0.0106872,over_ai,0.00690259,over_ai,0.00867627,countIP,1.07727e+11,countIP0,1.15613e+11,keysum,1.0687e+11,pktSum,4.82479e+11,aggrSum,6.38811e+08,blackkey_num,399546497,feedback,31,feedsumportion,0.72468,finger0,11,finger,15,time,310548,runTime,2679.68
line,44770670,total,0.00802063,total0,0.0818065,false,0.00171101,over,0.00671133,false0,0.0204564,over0,0.080239,overaggr,0.005981,overcuckoo,0.00203964,over_uai,0.0238587,over_uai,0.0375762,over_utai,0.00996834,over_utai,0.0106964,over_ai,0.00691005,over_ai,0.00867413,countIP,1.07766e+11,countIP0,1.15655e+11,keysum,1.06909e+11,pktSum,4.82667e+11,aggrSum,6.39422e+08,blackkey_num,400208530,feedback,31,feedsumportion,0.72468,finger0,11,finger,15,time,310548,runTime,2680.68
line,44786927,total,0.00801815,total0,0.0818004,false,0.00170641,over,0.00669124,false0,0.0204485,over0,0.0801833,overaggr,0.00597891,overcuckoo,0.00203924,over_uai,0.000963084,over_uai,0.0147918,over_utai,0.00996504,over_utai,0.0106977,over_ai,0.00690747,over_ai,0.00867171,countIP,1.07807e+11,countIP0,1.15698e+11,keysum,1.06949e+11,pktSum,4.82853e+11,aggrSum,6.39439e+08,blackkey_num,401688310,feedback,36,feedsumportion,0.970716,finger0,11,finger,15,time,308429,runTime,2681.68
line,44803129,total,0.00801607,total0,0.0817889,false,0.00170247,over,0.00667513,false0,0.0204225,over0,0.0800736,overaggr,0.00597718,overcuckoo,0.00203889,over_uai,0.00198607,over_uai,0.0104578,over_utai,0.00996204,over_utai,0.0106976,over_ai,0.00690545,over_ai,0.00866983,countIP,1.07845e+11,countIP0,1.15738e+11,keysum,1.06987e+11,pktSum,4.83036e+11,aggrSum,6.39481e+08,blackkey_num,403041214,feedback,36,feedsumportion,0.970716,finger0,11,finger,15,time,308429,runTime,2682.68
line,44819311,total,0.00801345,total0,0.0817825,false,0.00169776,over,0.00665417,false0,0.0204156,over0,0.0800162,overaggr,0.00597508,overcuckoo,0.00203837,over_uai,0.00291302,over_uai,0.00977409,over_utai,0.00995966,over_utai,0.0106968,over_ai,0.00690314,over_ai,0.00866668,countIP,1.07887e+11,countIP0,1.15782e+11,keysum,1.07029e+11,pktSum,4.83227e+11,aggrSum,6.39509e+08,blackkey_num,404180915,feedback,36,feedsumportion,0.970716,finger0,11,finger,15,time,308429,runTime,2683.68
line,44835435,total,0.00801054,total0,0.0817687,false,0.00169321,over,0.00663097,false0,0.0203989,over0,0.0798864,overaggr,0.00597278,overcuckoo,0.00203775,over_uai,0.00196355,over_uai,0.0104795,over_utai,0.00995603,over_utai,0.0106966,over_ai,0.00690035,over_ai,0.00866345,countIP,1.07933e+11,countIP0,1.15831e+11,keysum,1.07075e+11,pktSum,4.83419e+11,aggrSum,6.39538e+08,blackkey_num,405498309,feedback,36,feedsumportion,0.970716,finger0,11,finger,15,time,308429,runTime,2684.68
line,44851772,total,0.00800793,total0,0.0817579,false,0.00168937,over,0.00661072,false0,0.0203896,over0,0.0797872,overaggr,0.00597053,overcuckoo,0.0020374,over_uai,0.00156639,over_uai,0.0111208,over_utai,0.00995299,over_utai,0.0106963,over_ai,0.00689786,over_ai,0.00866063,countIP,1.07978e+11,countIP0,1.15878e+11,keysum,1.0712e+11,pktSum,4.83605e+11,aggrSum,6.39561e+08,blackkey_num,407189841,feedback,36,feedsumportion,0.970716,finger0,11,finger,15,time,308429,runTime,2685.68
line,44868096,total,0.00800578,total0,0.0817584,false,0.00168596,over,0.00659487,false0,0.0204007,over0,0.0797999,overaggr,0.00596878,overcuckoo,0.00203701,over_uai,0.0034412,over_uai,0.00295895,over_utai,0.00995062,over_utai,0.0106928,over_ai,0.00689633,over_ai,0.00865744,countIP,1.08019e+11,countIP0,1.15923e+11,keysum,1.07161e+11,pktSum,4.83792e+11,aggrSum,6.39621e+08,blackkey_num,408599637,feedback,31,feedsumportion,0.609626,finger0,11,finger,15,time,310419,runTime,2686.68
line,44884611,total,0.00800363,total0,0.0817502,false,0.00168266,over,0.00657889,false0,0.0203912,over0,0.0797259,overaggr,0.00596717,overcuckoo,0.00203646,over_uai,0.00396335,over_uai,0.00245954,over_utai,0.00994834,over_utai,0.0106895,over_ai,0.00689477,over_ai,0.00865418,countIP,1.0806e+11,countIP0,1.15966e+11,keysum,1.07202e+11,pktSum,4.83973e+11,aggrSum,6.39693e+08,blackkey_num,410373714,feedback,31,feedsumportion,0.609626,finger0,11,finger,15,time,310419,runTime,2687.68
line,44900815,total,0.00800081,total0,0.0817415,false,0.00167936,over,0.00655769,false0,0.0203973,over0,0.0796492,overaggr,0.00596501,overcuckoo,0.0020358,over_uai,0.00260769,over_uai,0.00236021,over_utai,0.00994572,over_utai,0.0106849,over_ai,0.00689298,over_ai,0.00864937,countIP,1.08109e+11,countIP0,1.16018e+11,keysum,1.07251e+11,pktSum,4.84161e+11,aggrSum,6.39755e+08,blackkey_num,412918318,feedback,31,feedsumportion,0.609626,finger0,11,finger,15,time,310419,runTime,2688.68
line,44908921,total,0.00800017,total0,0.081745,false,0.00167852,over,0.00655289,false0,0.0204115,over0,0.0796859,overaggr,0.00596454,overcuckoo,0.00203563,over_uai,0.00317873,over_uai,0.00174346,over_utai,0.00994505,over_utai,0.0106838,over_ai,0.00689245,over_ai,0.00864836,countIP,1.08121e+11,countIP0,1.16031e+11,keysum,1.07263e+11,pktSum,4.84207e+11,aggrSum,6.39772e+08,blackkey_num,413868159,feedback,31,feedsumportion,0.609626,finger0,11,finger,15,time,310419,runTime,2688.93
line,44925539,total,0.0079972,total0,0.0817397,false,0.00061092,over,0.00167958,false0,0.025629,over0,0.0704608,overaggr,0.00596223,overcuckoo,0.00203497,over_uai,0.00353986,over_uai,0.0015185,over_utai,0.00994284,over_utai,0.0106785,over_ai,0.00689074,over_ai,0.00864343,countIP,1.08171e+11,countIP0,1.16085e+11,keysum,1.07313e+11,pktSum,4.84396e+11,aggrSum,6.39825e+08,blackkey_num,2535937,feedback,31,feedsumportion,0.609626,finger0,11,finger,15,time,310419,runTime,2689.93
line,44942095,total,0.00799545,total0,0.0817298,false,0.0010321,over,0.00290564,false0,0.0232344,over0,0.0654109,overaggr,0.00596076,overcuckoo,0.00203469,over_uai,0.00610401,over_uai,0.00380181,over_utai,0.00994152,over_utai,0.0106747,over_ai,0.00689035,over_ai,0.00863922,countIP,1.0822e+11,countIP0,1.16137e+11,keysum,1.07362e+11,pktSum,4.84586e+11,aggrSum,6.3996e+08,blackkey_num,3792657,feedback,31,feedsumportion,0.609626,finger0,11,finger,15,time,310419,runTime,2690.93
line,44958583,total,0.0079925,total0,0.0817225,false,0.000863562,over,0.00243956,false0,0.0231718,over0,0.0654602,overaggr,0.00595836,overcuckoo,0.00203413,over_uai,0.00329054,over_uai,0.00218786,over_utai,0.00993897,over_utai,0.0106703,over_ai,0.00688824,over_ai,0.00863469,countIP,1.08269e+11,countIP0,1.16189e+11,keysum,1.07411e+11,pktSum,4.84774e+11,aggrSum,6.39993e+08,blackkey_num,5174345,feedback,33,feedsumportion,0.802309,finger0,11,finger,15,time,311806,runTime,2691.93
line,44974971,total,0.00798911,total0,0.0817078,false,0.000755229,over,0.0020997,false0,0.0222668,over0,0.0619065,overaggr,0.0059556,overcuckoo,0.00203351,over_uai,0.00528467,over_uai,0.00191072,over_utai,0.00993739,over_utai,0.010665,over_ai,0.00688605,over_ai,0.00862936,countIP,1.08323e+11,countIP0,1.16245e+11,keysum,1.07464e+11,pktSum,4.84968e+11,aggrSum,6.40013e+08,blackkey_num,6464084,feedback,33,feedsumportion,0.802309,finger0,11,finger,15,time,311806,runTime,2692.93
line,44991666,total,0.00798677,total0,0.0817006,false,0.000686851,over,0.00201434,false0,0.0211101,over0,0.0619101,overaggr,0.00595373,overcuckoo,0.00203304,over_uai,0.0119898,over_uai,0.00539127,over_utai,0.00993783,over_utai,0.0106626,over_ai,0.00688386,over_ai,0.00862657,countIP,1.08362e+11,countIP0,1.16286e+11,keysum,1.07503e+11,pktSum,4.85154e+11,aggrSum,6.40046e+08,blackkey_num,8244168,feedback,33,feedsumportion,0.802309,finger0,11,finger,15,time,311806,runTime,2693.93
line,45008511,total,0.00798445,total0,0.0816926,false,0.000637678,over,0.00193999,false0,0.0202363,over0,0.0615645,overaggr,0.00595179,overcuckoo,0.00203266,over_uai,0.00207956,over_uai,0.0158623,over_utai,0.00993504,over_utai,0.0106644,over_ai,0.00688182,over_ai,0.00862389,countIP,1.084e+11,countIP0,1.16327e+11,keysum,1.07542e+11,pktSum,4.85335e+11,aggrSum,6.40065e+08,blackkey_num,10068442,feedback,33,feedsumportion,0.802309,finger0,11,finger,15,time,311806,runTime,2694.93
line,45025049,total,0.00798353,total0,0.0816947,false,0.000752989,over,0.00235795,false0,0.0206628,over0,0.0647047,overaggr,0.00595148,overcuckoo,0.00203205,over_uai,0.00193849,over_uai,0.0233843,over_utai,0.00993187,over_utai,0.0106692,over_ai,0.00687952,over_ai,0.00862494,countIP,1.08439e+11,countIP0,1.16369e+11,keysum,1.0758e+11,pktSum,4.85518e+11,aggrSum,6.4026e+08,blackkey_num,12096744,feedback,33,feedsumportion,0.802309,finger0,11,finger,15,time,311806,runTime,2695.93
line,45041742,total,0.00798643,total0,0.0816961,false,0.00119591,over,0.00383859,false0,0.0208535,over0,0.0669352,overaggr,0.00595465,overcuckoo,0.00203178,over_uai,0.00726655,over_uai,0.0204304,over_utai,0.00993077,over_utai,0.0106729,over_ai,0.00687849,over_ai,0.00863343,countIP,1.08478e+11,countIP0,1.1641e+11,keysum,1.07618e+11,pktSum,4.85703e+11,aggrSum,6.40828e+08,blackkey_num,13369185,feedback,31,feedsumportion,0.802268,finger0,11,finger,15,time,309439,runTime,2696.93
line,45058514,total,0.00799088,total0,0.081699,false,0.00166374,over,0.00545163,false0,0.0210992,over0,0.0691362,overaggr,0.00595966,overcuckoo,0.00203122,over_uai,0.00731065,over_uai,0.0265616,over_utai,0.0099297,over_utai,0.0106785,over_ai,0.00687768,over_ai,0.00864556,countIP,1.08515e+11,countIP0,1.1645e+11,keysum,1.07655e+11,pktSum,4.85886e+11,aggrSum,6.41588e+08,blackkey_num,15015562,feedback,31,feedsumportion,0.802268,finger0,11,finger,15,time,309439,runTime,2697.93
line,45075264,total,0.00799339,total0,0.0816907,false,0.00190638,over,0.00630689,false0,0.0206184,over0,0.0682121,overaggr,0.0059627,overcuckoo,0.00203068,over_uai,0.0077285,over_uai,0.0154674,over_utai,0.00992874,over_utai,0.0106802,over_ai,0.00687773,over_ai,0.00865175,countIP,1.08555e+11,countIP0,1.16492e+11,keysum,1.07694e+11,pktSum,4.86066e+11,aggrSum,6.42149e+08,blackkey_num,16736292,feedback,31,feedsumportion,0.802268,finger0,11,finger,15,time,309439,runTime,2698.93
line,45092029,total,0.00799194,total0,0.0816832,false,0.00184106,over,0.00612065,false0,0.0203408,over0,0.0676235,overaggr,0.00596185,overcuckoo,0.00203009,over_uai,0.00438035,over_uai,0.00332668,over_utai,0.00992632,over_utai,0.0106773,over_ai,0.00687656,over_ai,0.00864973,countIP,1.08595e+11,countIP0,1.16534e+11,keysum,1.07734e+11,pktSum,4.86246e+11,aggrSum,6.42296e+08,blackkey_num,17930903,feedback,31,feedsumportion,0.802268,finger0,11,finger,15,time,309439,runTime,2699.93
line,45108714,total,0.00799209,total0,0.0816756,false,0.00187867,over,0.00629368,false0,0.0200276,over0,0.0670939,overaggr,0.00596261,overcuckoo,0.00202949,over_uai,0.00984415,over_uai,0.00524169,over_utai,0.00992604,over_utai,0.0106753,over_ai,0.00687812,over_ai,0.00864763,countIP,1.08634e+11,countIP0,1.16575e+11,keysum,1.07773e+11,pktSum,4.86426e+11,aggrSum,6.42607e+08,blackkey_num,19321992,feedback,31,feedsumportion,0.802268,finger0,11,finger,15,time,309439,runTime,2700.93
line,45125629,total,0.00798972,total0,0.0816672,false,0.00176773,over,0.00594717,false0,0.019759,over0,0.0664748,overaggr,0.00596061,overcuckoo,0.0020291,over_uai,0.000994896,over_uai,0.00271102,over_utai,0.00992239,over_utai,0.0106726,over_ai,0.00687548,over_ai,0.00864574,countIP,1.08673e+11,countIP0,1.16616e+11,keysum,1.07812e+11,pktSum,4.86603e+11,aggrSum,6.42624e+08,blackkey_num,20950984,feedback,37,feedsumportion,0.964489,finger0,11,finger,15,time,312677,runTime,2701.93
line,45142066,total,0.00798696,total0,0.0816527,false,0.00167668,over,0.00560134,false0,0.0194569,over0,0.0650004,overaggr,0.00595836,overcuckoo,0.0020286,over_uai,0.00199768,over_uai,0.00193599,over_utai,0.00991902,over_utai,0.0106694,over_ai,0.0068728,over_ai,0.00864309,countIP,1.08718e+11,countIP0,1.16664e+11,keysum,1.07857e+11,pktSum,4.86786e+11,aggrSum,6.4265e+08,blackkey_num,22673432,feedback,37,feedsumportion,0.964489,finger0,11,finger,15,time,312677,runTime,2702.93
line,45158545,total,0.00798423,total0,0.0816451,false,0.00157747,over,0.0052913,false0,0.0193104,over0,0.0647727,overaggr,0.00595627,overcuckoo,0.00202795,over_uai,0.00291657,over_uai,0.00505275,over_utai,0.00991608,over_utai,0.0106671,over_ai,0.00687011,over_ai,0.00864022,countIP,1.08759e+11,countIP0,1.16707e+11,keysum,1.07898e+11,pktSum,4.86972e+11,aggrSum,6.42668e+08,blackkey_num,23995508,feedback,37,feedsumportion,0.964489,finger0,11,finger,15,time,312677,runTime,2703.93
line,45175122,total,0.00798156,total0,0.0816446,false,0.0014897,over,0.00502488,false0,0.0194798,over0,0.065707,overaggr,0.00595427,overcuckoo,0.00202729,over_uai,0.00147707,over_uai,0.00265908,over_utai,0.00991272,over_utai,0.0106639,over_ai,0.00686774,over_ai,0.00863701,countIP,1.088e+11,countIP0,1.16751e+11,keysum,1.07938e+11,pktSum,4.8716e+11,aggrSum,6.42692e+08,blackkey_num,25419756,feedback,37,feedsumportion,0.964489,finger0,11,finger,15,time,312677,runTime,2704.93
line,45191166,total,0.00797945,total0,0.0816382,false,0.00143177,over,0.00486744,false0,0.0192972,over0,0.0656025,overaggr,0.00595232,overcuckoo,0.00202712,over_uai,0.000979594,over_uai,0.00411048,over_utai,0.00990882,over_utai,0.0106614,over_ai,0.00686526,over_ai,0.00863549,countIP,1.08839e+11,countIP0,1.16792e+11,keysum,1.07977e+11,pktSum,4.8735e+11,aggrSum,6.42714e+08,blackkey_num,26673164,feedback,37,feedsumportion,0.964489,finger0,11,finger,15,time,312677,runTime,2705.93
line,45207363,total,0.00798417,total0,0.0816301,false,0.00167917,over,0.00571378,false0,0.0191996,over0,0.0653311,overaggr,0.00595757,overcuckoo,0.0020266,over_uai,0.0274838,over_uai,0.00154517,over_utai,0.00991542,over_utai,0.0106576,over_ai,0.00687528,over_ai,0.00863268,countIP,1.08881e+11,countIP0,1.16837e+11,keysum,1.08019e+11,pktSum,4.87536e+11,aggrSum,6.4353e+08,blackkey_num,27903775,feedback,31,feedsumportion,0.527539,finger0,11,finger,15,time,311107,runTime,2706.93
line,45223728,total,0.00798911,total0,0.0816159,false,0.00191907,over,0.00650653,false0,0.0189695,over0,0.0643155,overaggr,0.00596312,overcuckoo,0.00202599,over_uai,0.0282661,over_uai,0.00176798,over_utai,0.0099224,over_utai,0.0106545,over_ai,0.00688583,over_ai,0.00862984,countIP,1.08927e+11,countIP0,1.16883e+11,keysum,1.08063e+11,pktSum,4.87722e+11,aggrSum,6.44394e+08,blackkey_num,29107527,feedback,31,feedsumportion,0.527539,finger0,11,finger,15,time,311107,runTime,2707.93
line,45240416,total,0.00799432,total0,0.0816081,false,0.00213216,over,0.00724771,false0,0.0188677,over0,0.0641358,overaggr,0.00596883,overcuckoo,0.00202549,over_uai,0.0259212,over_uai,0.00212098,over_utai,0.00992886,over_utai,0.0106518,over_ai,0.00689627,over_ai,0.00862786,countIP,1.08967e+11,countIP0,1.16925e+11,keysum,1.08103e+11,pktSum,4.87903e+11,aggrSum,6.45248e+08,blackkey_num,30110088,feedback,31,feedsumportion,0.527539,finger0,11,finger,15,time,311107,runTime,2708.93
line,45256870,total,0.00799954,total0,0.0816005,false,0.00230542,over,0.0079215,false0,0.0185934,over0,0.0638874,overaggr,0.00597445,overcuckoo,0.00202509,over_uai,0.0282101,over_uai,0.00230871,over_utai,0.00993532,over_utai,0.0106492,over_ai,0.00690623,over_ai,0.00862611,countIP,1.09002e+11,countIP0,1.16961e+11,keysum,1.08137e+11,pktSum,4.88087e+11,aggrSum,6.46061e+08,blackkey_num,30958968,feedback,31,feedsumportion,0.527539,finger0,11,finger,15,time,311107,runTime,2709.93
line,45273673,total,0.00800488,total0,0.0816061,false,0.0024888,over,0.00855639,false0,0.0190019,over0,0.0653277,overaggr,0.0059802,overcuckoo,0.00202468,over_uai,0.0284762,over_uai,0.00235862,over_utai,0.00994263,over_utai,0.0106467,over_ai,0.00691689,over_ai,0.00862413,countIP,1.09044e+11,countIP0,1.17006e+11,keysum,1.08178e+11,pktSum,4.88268e+11,aggrSum,6.46924e+08,blackkey_num,32029268,feedback,31,feedsumportion,0.527539,finger0,11,finger,15,time,311107,runTime,2710.93
line,45289886,total,0.00800276,total0,0.0815993,false,0.00239719,over,0.00829387,false0,0.018845,over0,0.0652006,overaggr,0.0059783,overcuckoo,0.00202446,over_uai,0.000985553,over_uai,0.00376955,over_utai,0.00993889,over_utai,0.0106447,over_ai,0.00691449,over_ai,0.00862255,countIP,1.09081e+11,countIP0,1.17046e+11,keysum,1.08215e+11,pktSum,4.88455e+11,aggrSum,6.46943e+08,blackkey_num,33639804,feedback,35,feedsumportion,0.980165,finger0,11,finger,15,time,315102,runTime,2711.93
line,45306183,total,0.00800044,total0,0.081594,false,0.00230785,over,0.00802891,false0,0.0187496,over0,0.0652291,overaggr,0.00597643,overcuckoo,0.002024,over_uai,0.00124109,over_uai,0.00372731,over_utai,0.00993517,over_utai,0.0106425,over_ai,0.00691197,over_ai,0.00862053,countIP,1.09118e+11,countIP0,1.17085e+11,keysum,1.08252e+11,pktSum,4.88639e+11,aggrSum,6.46962e+08,blackkey_num,35282421,feedback,35,feedsumportion,0.980165,finger0,11,finger,15,time,315102,runTime,2712.93
line,45322647,total,0.00799826,total0,0.0815869,false,0.00222737,over,0.00779823,false0,0.0185823,over0,0.0650582,overaggr,0.00597459,overcuckoo,0.00202367,over_uai,0.00174806,over_uai,0.00250008,over_utai,0.00993204,over_utai,0.0106395,over_ai,0.00690956,over_ai,0.0086187,countIP,1.09154e+11,countIP0,1.17123e+11,keysum,1.08288e+11,pktSum,4.88823e+11,aggrSum,6.46978e+08,blackkey_num,36707692,feedback,35,feedsumportion,0.980165,finger0,11,finger,15,time,315102,runTime,2713.93
line,45339022,total,0.00799557,total0,0.0815748,false,0.0021542,over,0.00753359,false0,0.0184442,over0,0.0645023,overaggr,0.0059724,overcuckoo,0.00202317,over_uai,0.00189501,over_uai,0.00251961,over_utai,0.00992869,over_utai,0.0106361,over_ai,0.00690723,over_ai,0.0086154,countIP,1.09198e+11,countIP0,1.17169e+11,keysum,1.08332e+11,pktSum,4.89014e+11,aggrSum,6.47e+08,blackkey_num,38010171,feedback,35,feedsumportion,0.980165,finger0,11,finger,15,time,315102,runTime,2714.93
line,45355585,total,0.00799315,total0,0.081566,false,0.00209309,over,0.00731525,false0,0.018394,over0,0.0642862,overaggr,0.00597025,overcuckoo,0.00202291,over_uai,0.00142797,over_uai,0.00294066,over_utai,0.00992542,over_utai,0.0106332,over_ai,0.00690475,over_ai,0.00861311,countIP,1.0924e+11,countIP0,1.17213e+11,keysum,1.08373e+11,pktSum,4.892e+11,aggrSum,6.47016e+08,blackkey_num,39340925,feedback,35,feedsumportion,0.980165,finger0,11,finger,15,time,315102,runTime,2715.93
line,45371860,total,0.00799083,total0,0.0815575,false,0.00203963,over,0.00712072,false0,0.0183606,over0,0.0641,overaggr,0.00596836,overcuckoo,0.00202247,over_uai,0.00106352,over_uai,0.0341176,over_utai,0.00992214,over_utai,0.010642,over_ai,0.00690238,over_ai,0.00861076,countIP,1.09281e+11,countIP0,1.17257e+11,keysum,1.08415e+11,pktSum,4.8938e+11,aggrSum,6.47057e+08,blackkey_num,40916837,feedback,29,feedsumportion,0.435968,finger0,11,finger,15,time,311533,runTime,2716.93
line,45388637,total,0.0079894,total0,0.0815546,false,0.00200991,over,0.00701782,false0,0.018442,over0,0.0643924,overaggr,0.0059671,overcuckoo,0.0020223,over_uai,0.00136868,over_uai,0.0668998,over_utai,0.00991889,over_utai,0.0106594,over_ai,0.00689987,over_ai,0.00861087,countIP,1.09319e+11,countIP0,1.17297e+11,keysum,1.08452e+11,pktSum,4.8955e+11,aggrSum,6.47145e+08,blackkey_num,42601614,feedback,29,feedsumportion,0.435968,finger0,11,finger,15,time,311533,runTime,2717.93
line,45405401,total,0.00798714,total0,0.0815556,false,0.00197283,over,0.00685351,false0,0.0187338,over0,0.0650801,overaggr,0.00596501,overcuckoo,0.00202214,over_uai,0.00104715,over_uai,0.00592561,over_utai,0.0099146,over_utai,0.0106576,over_ai,0.00689682,over_ai,0.00860961,countIP,1.09362e+11,countIP0,1.17344e+11,keysum,1.08496e+11,pktSum,4.89723e+11,aggrSum,6.47177e+08,blackkey_num,44301302,feedback,29,feedsumportion,0.435968,finger0,11,finger,15,time,311533,runTime,2718.93
line,45422204,total,0.00798484,total0,0.0815547,false,0.00192782,over,0.00669206,false0,0.0188711,over0,0.0655076,overaggr,0.00596314,overcuckoo,0.0020217,over_uai,0.00146015,over_uai,0.00363946,over_utai,0.00991105,over_utai,0.0106554,over_ai,0.00689445,over_ai,0.00860744,countIP,1.09401e+11,countIP0,1.17386e+11,keysum,1.08535e+11,pktSum,4.89895e+11,aggrSum,6.47208e+08,blackkey_num,45813650,feedback,29,feedsumportion,0.435968,finger0,11,finger,15,time,311533,runTime,2719.93
line,45438836,total,0.00798241,total0,0.0815472,false,0.0018843,over,0.00653066,false0,0.0188672,over0,0.0653902,overaggr,0.00596112,overcuckoo,0.00202129,over_uai,0.00127519,over_uai,0.00298104,over_utai,0.00990734,over_utai,0.0106528,over_ai,0.00689173,over_ai,0.00860555,countIP,1.09442e+11,countIP0,1.17429e+11,keysum,1.08575e+11,pktSum,4.90069e+11,aggrSum,6.4723e+08,blackkey_num,47203669,feedback,29,feedsumportion,0.435968,finger0,11,finger,15,time,311533,runTime,2720.93
line,45455708,total,0.00798097,total0,0.0815467,false,0.00185675,over,0.00645303,false0,0.018924,over0,0.0657691,overaggr,0.00595992,overcuckoo,0.00202105,over_uai,0.00307245,over_uai,0.00380403,over_utai,0.00990457,over_utai,0.0106508,over_ai,0.00689021,over_ai,0.00860437,countIP,1.09478e+11,countIP0,1.17468e+11,keysum,1.08611e+11,pktSum,4.90241e+11,aggrSum,6.47312e+08,blackkey_num,48494661,feedback,34,feedsumportion,0.713727,finger0,11,finger,15,time,306365,runTime,2721.93
line,45472214,total,0.00797952,total0,0.0815484,false,0.00183142,over,0.00637932,false0,0.0190404,over0,0.0663229,overaggr,0.00595893,overcuckoo,0.00202059,over_uai,0.00357939,over_uai,0.00429294,over_utai,0.00990189,over_utai,0.0106489,over_ai,0.0068887,over_ai,0.00860286,countIP,1.09514e+11,countIP0,1.17507e+11,keysum,1.08647e+11,pktSum,4.90414e+11,aggrSum,6.47421e+08,blackkey_num,50007614,feedback,34,feedsumportion,0.713727,finger0,11,finger,15,time,306365,runTime,2722.93
line,45489181,total,0.00797841,total0,0.0815421,false,0.00181033,over,0.00633281,false0,0.0189262,over0,0.0662068,overaggr,0.00595812,overcuckoo,0.00202029,over_uai,0.00378769,over_uai,0.00446886,over_utai,0.00989956,over_utai,0.0106471,over_ai,0.00688747,over_ai,0.00860194,countIP,1.09548e+11,countIP0,1.17543e+11,keysum,1.08681e+11,pktSum,4.90588e+11,aggrSum,6.47536e+08,blackkey_num,51311451,feedback,34,feedsumportion,0.713727,finger0,11,finger,15,time,306365,runTime,2723.93
line,45505402,total,0.00797602,total0,0.0815394,false,0.001771,over,0.00619989,false0,0.018973,over0,0.0664203,overaggr,0.00595608,overcuckoo,0.00201994,over_uai,0.00117156,over_uai,0.00270718,over_utai,0.00989652,over_utai,0.0106441,over_ai,0.00688523,over_ai,0.00859926,countIP,1.09588e+11,countIP0,1.17586e+11,keysum,1.08721e+11,pktSum,4.90772e+11,aggrSum,6.47552e+08,blackkey_num,52819683,feedback,34,feedsumportion,0.713727,finger0,11,finger,15,time,306365,runTime,2724.93
line,45521838,total,0.00797346,total0,0.0815328,false,0.00173666,over,0.0060645,false0,0.0190056,over0,0.0663683,overaggr,0.00595399,overcuckoo,0.00201947,over_uai,0.00148472,over_uai,0.00246595,over_utai,0.00989327,over_utai,0.0106408,over_ai,0.00688295,over_ai,0.00859617,countIP,1.09631e+11,countIP0,1.17631e+11,keysum,1.08763e+11,pktSum,4.90948e+11,aggrSum,6.47577e+08,blackkey_num,54189141,feedback,34,feedsumportion,0.713727,finger0,11,finger,15,time,306365,runTime,2725.93
line,45538405,total,0.00797148,total0,0.0815497,false,0.00170519,over,0.00596925,false0,0.0194023,over0,0.0679204,overaggr,0.00595219,overcuckoo,0.0020193,over_uai,0.00159149,over_uai,0.00323582,over_utai,0.00989015,over_utai,0.0106384,over_ai,0.00688063,over_ai,0.00859477,countIP,1.09667e+11,countIP0,1.17672e+11,keysum,1.088e+11,pktSum,4.91124e+11,aggrSum,6.47595e+08,blackkey_num,55812425,feedback,34,feedsumportion,0.826954,finger0,11,finger,15,time,310062,runTime,2726.93
line,45555314,total,0.00796929,total0,0.0815506,false,0.00167816,over,0.00586938,false0,0.0195376,over0,0.0683331,overaggr,0.00595033,overcuckoo,0.00201896,over_uai,0.00438303,over_uai,0.00238302,over_utai,0.00988802,over_utai,0.0106353,over_ai,0.00687851,over_ai,0.00859214,countIP,1.09708e+11,countIP0,1.17716e+11,keysum,1.0884e+11,pktSum,4.91302e+11,aggrSum,6.47635e+08,blackkey_num,57425301,feedback,34,feedsumportion,0.826954,finger0,11,finger,15,time,310062,runTime,2727.93
line,45572018,total,0.00796689,total0,0.0815565,false,0.00164119,over,0.0057548,false0,0.0196866,over0,0.0690308,overaggr,0.00594849,overcuckoo,0.0020184,over_uai,0.00110777,over_uai,0.00383471,over_utai,0.0098846,over_utai,0.0106334,over_ai,0.00687615,over_ai,0.00858984,countIP,1.09744e+11,countIP0,1.17756e+11,keysum,1.08877e+11,pktSum,4.9148e+11,aggrSum,6.47652e+08,blackkey_num,58972371,feedback,34,feedsumportion,0.826954,finger0,11,finger,15,time,310062,runTime,2728.93
line,45588699,total,0.00796418,total0,0.0815465,false,0.00161097,over,0.00563328,false0,0.0196435,over0,0.0686899,overaggr,0.00594629,overcuckoo,0.00201789,over_uai,0.00122823,over_uai,0.00547717,over_utai,0.00988092,over_utai,0.0106318,over_ai,0.00687333,over_ai,0.00858741,countIP,1.09786e+11,countIP0,1.17801e+11,keysum,1.08919e+11,pktSum,4.91655e+11,aggrSum,6.47663e+08,blackkey_num,60418859,feedback,34,feedsumportion,0.826954,finger0,11,finger,15,time,310062,runTime,2729.93
line,45605626,total,0.00796185,total0,0.0815451,false,0.00158078,over,0.00553383,false0,0.0196761,over0,0.0688802,overaggr,0.00594442,overcuckoo,0.00201743,over_uai,0.00148001,over_uai,0.00275299,over_utai,0.00987749,over_utai,0.0106292,over_ai,0.00687099,over_ai,0.00858505,countIP,1.09823e+11,countIP0,1.17841e+11,keysum,1.08956e+11,pktSum,4.91827e+11,aggrSum,6.47679e+08,blackkey_num,61757267,feedback,34,feedsumportion,0.826954,finger0,11,finger,15,time,310062,runTime,2730.93
line,45622399,total,0.00795968,total0,0.0815368,false,0.00156127,over,0.00545686,false0,0.0196476,over0,0.0686712,overaggr,0.00594278,overcuckoo,0.0020169,over_uai,0.00286202,over_uai,0.00216283,over_utai,0.00987412,over_utai,0.0106263,over_ai,0.00686908,over_ai,0.00858229,countIP,1.09866e+11,countIP0,1.17885e+11,keysum,1.08998e+11,pktSum,4.92008e+11,aggrSum,6.47751e+08,blackkey_num,63115563,feedback,33,feedsumportion,0.605066,finger0,11,finger,15,time,309178,runTime,2731.93
line,45639105,total,0.00795769,total0,0.0815353,false,0.00153879,over,0.00538738,false0,0.0196649,over0,0.068848,overaggr,0.00594127,overcuckoo,0.00201642,over_uai,0.00291013,over_uai,0.0242357,over_utai,0.00987161,over_utai,0.0106304,over_ai,0.00686743,over_ai,0.00857969,countIP,1.09903e+11,countIP0,1.17926e+11,keysum,1.09035e+11,pktSum,4.92186e+11,aggrSum,6.47809e+08,blackkey_num,64366284,feedback,33,feedsumportion,0.605066,finger0,11,finger,15,time,309178,runTime,2732.93
line,45655713,total,0.00795593,total0,0.0815331,false,0.001521,over,0.00533261,false0,0.0196726,over0,0.0689719,overaggr,0.00594001,overcuckoo,0.00201592,over_uai,0.00500201,over_uai,0.0133304,over_utai,0.00986954,over_utai,0.0106312,over_ai,0.00686581,over_ai,0.00857764,countIP,1.09939e+11,countIP0,1.17964e+11,keysum,1.09071e+11,pktSum,4.92357e+11,aggrSum,6.47886e+08,blackkey_num,66632952,feedback,33,feedsumportion,0.605066,finger0,11,finger,15,time,309178,runTime,2733.93
line,45672465,total,0.00795407,total0,0.0815347,false,0.00150914,over,0.00528228,false0,0.019812,over0,0.0693457,overaggr,0.00593859,overcuckoo,0.00201548,over_uai,0.00377755,over_uai,0.00269018,over_utai,0.00986728,over_utai,0.0106278,over_ai,0.00686458,over_ai,0.00857471,countIP,1.09981e+11,countIP0,1.1801e+11,keysum,1.09113e+11,pktSum,4.92536e+11,aggrSum,6.4798e+08,blackkey_num,68851026,feedback,33,feedsumportion,0.605066,finger0,11,finger,15,time,309178,runTime,2734.93
line,45689114,total,0.00795388,total0,0.0815433,false,0.00152452,over,0.00532974,false0,0.020054,over0,0.0701089,overaggr,0.00593883,overcuckoo,0.00201505,over_uai,0.0104199,over_uai,0.00286702,over_utai,0.00986716,over_utai,0.0106249,over_ai,0.00686622,over_ai,0.0085717,countIP,1.10023e+11,countIP0,1.18056e+11,keysum,1.09155e+11,pktSum,4.92714e+11,aggrSum,6.48252e+08,blackkey_num,70461246,feedback,33,feedsumportion,0.605066,finger0,11,finger,15,time,309178,runTime,2735.93
line,45706013,total,0.00795185,total0,0.0815676,false,0.00150293,over,0.0052647,false0,0.0204701,over0,0.0717059,overaggr,0.00593698,overcuckoo,0.00201487,over_uai,0.00130048,over_uai,0.00357855,over_utai,0.00986393,over_utai,0.0106227,over_ai,0.00686385,over_ai,0.0085702,countIP,1.1006e+11,countIP0,1.18098e+11,keysum,1.09192e+11,pktSum,4.92893e+11,aggrSum,6.48269e+08,blackkey_num,72186243,feedback,36,feedsumportion,0.864721,finger0,11,finger,15,time,410819,runTime,2736.93
line,45723053,total,0.00794997,total0,0.0815692,false,0.00148324,over,0.0052075,false0,0.020499,over0,0.0719697,overaggr,0.00593526,overcuckoo,0.00201471,over_uai,0.00140428,over_uai,0.00468125,over_utai,0.00986089,over_utai,0.0106208,over_ai,0.00686154,over_ai,0.00856892,countIP,1.10095e+11,countIP0,1.18136e+11,keysum,1.09226e+11,pktSum,4.93064e+11,aggrSum,6.48286e+08,blackkey_num,73599708,feedback,36,feedsumportion,0.864721,finger0,11,finger,15,time,410819,runTime,2737.93
line,45739885,total,0.00794784,total0,0.0815833,false,0.00145927,over,0.00513832,false0,0.0207048,over0,0.0729048,overaggr,0.00593358,overcuckoo,0.00201426,over_uai,0.0015191,over_uai,0.00211762,over_utai,0.00985758,over_utai,0.0106183,over_ai,0.00685924,over_ai,0.00856699,countIP,1.10129e+11,countIP0,1.18175e+11,keysum,1.09261e+11,pktSum,4.93241e+11,aggrSum,6.48307e+08,blackkey_num,75267817,feedback,36,feedsumportion,0.864721,finger0,11,finger,15,time,410819,runTime,2738.93
line,45756874,total,0.00794574,total0,0.0815898,false,0.00144119,over,0.00507805,false0,0.020835,over0,0.0734121,overaggr,0.00593174,overcuckoo,0.002014,over_uai,0.00114962,over_uai,0.00354285,over_utai,0.00985404,over_utai,0.0106161,over_ai,0.00685658,over_ai,0.00856553,countIP,1.10167e+11,countIP0,1.18216e+11,keysum,1.09299e+11,pktSum,4.93417e+11,aggrSum,6.48331e+08,blackkey_num,76800154,feedback,36,feedsumportion,0.864721,finger0,11,finger,15,time,410819,runTime,2739.93
line,45773705,total,0.00794362,total0,0.0815864,false,0.00142313,over,0.00501797,false0,0.0208122,over0,0.0733841,overaggr,0.00592987,overcuckoo,0.00201375,over_uai,0.0015918,over_uai,0.00373374,over_utai,0.0098507,over_utai,0.0106139,over_ai,0.00685397,over_ai,0.00856414,countIP,1.10205e+11,countIP0,1.18256e+11,keysum,1.09336e+11,pktSum,4.93591e+11,aggrSum,6.48349e+08,blackkey_num,78164364,feedback,36,feedsumportion,0.864721,finger0,11,finger,15,time,410819,runTime,2740.93
line,45790515,total,0.00794154,total0,0.0815809,false,0.00140492,over,0.00495959,false0,0.0207467,over0,0.0732389,overaggr,0.00592815,overcuckoo,0.00201339,over_uai,0.00154283,over_uai,0.00250058,over_utai,0.00984766,over_utai,0.0106113,over_ai,0.00685169,over_ai,0.00856228,countIP,1.1024e+11,countIP0,1.18295e+11,keysum,1.09372e+11,pktSum,4.93762e+11,aggrSum,6.48373e+08,blackkey_num,79464784,feedback,33,feedsumportion,0.403326,finger0,11,finger,15,time,310375,runTime,2741.93
line,45807558,total,0.0079397,total0,0.0815739,false,0.00139258,over,0.00491746,false0,0.0206802,over0,0.0730257,overaggr,0.00592658,overcuckoo,0.00201312,over_uai,0.00199308,over_uai,0.00285406,over_utai,0.00984457,over_utai,0.0106084,over_ai,0.00684947,over_ai,0.00856087,countIP,1.10278e+11,countIP0,1.18334e+11,keysum,1.09409e+11,pktSum,4.93932e+11,aggrSum,6.4842e+08,blackkey_num,81054434,feedback,33,feedsumportion,0.403326,finger0,11,finger,15,time,310375,runTime,2742.93
line,45824271,total,0.00793755,total0,0.0815652,false,0.00137798,over,0.004863,false0,0.0206115,over0,0.0727396,overaggr,0.00592474,overcuckoo,0.00201281,over_uai,0.00121341,over_uai,0.00340615,over_utai,0.00984094,over_utai,0.0106062,over_ai,0.00684672,over_ai,0.00855945,countIP,1.10316e+11,countIP0,1.18374e+11,keysum,1.09447e+11,pktSum,4.94102e+11,aggrSum,6.48447e+08,blackkey_num,82589905,feedback,33,feedsumportion,0.403326,finger0,11,finger,15,time,310375,runTime,2743.93
line,45840597,total,0.00793555,total0,0.0815712,false,0.00136153,over,0.00481312,false0,0.0206996,over0,0.0731748,overaggr,0.00592317,overcuckoo,0.00201238,over_uai,0.00183783,over_uai,0.00265956,over_utai,0.00983838,over_utai,0.0106036,over_ai,0.00684467,over_ai,0.00855749,countIP,1.10351e+11,countIP0,1.18413e+11,keysum,1.09483e+11,pktSum,4.94274e+11,aggrSum,6.48484e+08,blackkey_num,84000621,feedback,33,feedsumportion,0.403326,finger0,11,finger,15,time,310375,runTime,2744.93
line,45856993,total,0.00793372,total0,0.0815823,false,0.00134751,over,0.00477203,false0,0.0208507,over0,0.0738401,overaggr,0.00592156,overcuckoo,0.00201216,over_uai,0.00197103,over_uai,0.00402906,over_utai,0.00983545,over_utai,0.0106017,over_ai,0.00684235,over_ai,0.00855632,countIP,1.10386e+11,countIP0,1.18452e+11,keysum,1.09517e+11,pktSum,4.94445e+11,aggrSum,6.48512e+08,blackkey_num,85307144,feedback,33,feedsumportion,0.403326,finger0,11,finger,15,time,310375,runTime,2745.93
line,45873596,total,0.00793188,total0,0.0816057,false,0.00133035,over,0.00472855,false0,0.0211213,over0,0.0750723,overaggr,0.00591997,overcuckoo,0.00201191,over_uai,0.00191078,over_uai,0.0104311,over_utai,0.00983304,over_utai,0.0106015,over_ai,0.00684025,over_ai,0.00855506,countIP,1.10418e+11,countIP0,1.18489e+11,keysum,1.09549e+11,pktSum,4.94621e+11,aggrSum,6.48528e+08,blackkey_num,86629481,feedback,38,feedsumportion,0.559217,finger0,11,finger,15,time,313340,runTime,2746.93
line,45890375,total,0.00793003,total0,0.0816181,false,0.00131338,over,0.00468446,false0,0.0212372,over0,0.0757469,overaggr,0.00591837,overcuckoo,0.00201165,over_uai,0.00107733,over_uai,0.0096196,over_utai,0.00983004,over_utai,0.0106012,over_ai,0.00683802,over_ai,0.00855387,countIP,1.1045e+11,countIP0,1.18525e+11,keysum,1.09581e+11,pktSum,4.94793e+11,aggrSum,6.4854e+08,blackkey_num,88028951,feedback,38,feedsumportion,0.559217,finger0,11,finger,15,time,313340,runTime,2747.93
line,45907033,total,0.0079279,total0,0.0816299,false,0.00129779,over,0.00463308,false0,0.0213969,over0,0.0763862,overaggr,0.00591662,overcuckoo,0.00201128,over_uai,0.00667494,over_uai,0.0085582,over_utai,0.0098289,over_utai,0.0106004,over_ai,0.0068358,over_ai,0.00855189,countIP,1.10485e+11,countIP0,1.18564e+11,keysum,1.09616e+11,pktSum,4.9496e+11,aggrSum,6.48554e+08,blackkey_num,89560455,feedback,38,feedsumportion,0.559217,finger0,11,finger,15,time,313340,runTime,2748.93
line,45923750,total,0.00792563,total0,0.0816266,false,0.00128452,over,0.00458289,false0,0.0213903,over0,0.0763161,overaggr,0.00591465,overcuckoo,0.00201099,over_uai,0.00159924,over_uai,0.0124831,over_utai,0.00982575,over_utai,0.0106009,over_ai,0.00683318,over_ai,0.0085503,countIP,1.10524e+11,countIP0,1.18605e+11,keysum,1.09654e+11,pktSum,4.95132e+11,aggrSum,6.48567e+08,blackkey_num,91522504,feedback,38,feedsumportion,0.559217,finger0,11,finger,15,time,313340,runTime,2749.93
line,45940783,total,0.00792365,total0,0.0816303,false,0.00127046,over,0.00454131,false0,0.0214183,over0,0.0765602,overaggr,0.00591292,overcuckoo,0.00201073,over_uai,0.00136674,over_uai,0.0135679,over_utai,0.00982262,over_utai,0.0106014,over_ai,0.00683075,over_ai,0.00854902,countIP,1.10559e+11,countIP0,1.18643e+11,keysum,1.09689e+11,pktSum,4.95308e+11,aggrSum,6.48585e+08,blackkey_num,93095133,feedback,38,feedsumportion,0.559217,finger0,11,finger,15,time,313340,runTime,2750.93
line,45958166,total,0.00792177,total0,0.0816441,false,0.00125697,over,0.00450276,false0,0.0215632,over0,0.0772446,overaggr,0.00591131,overcuckoo,0.00201046,over_uai,0.00241691,over_uai,0.00322191,over_utai,0.00982007,over_utai,0.0105996,over_ai,0.00682858,over_ai,0.00854765,countIP,1.10591e+11,countIP0,1.1868e+11,keysum,1.09722e+11,pktSum,4.95477e+11,aggrSum,6.48602e+08,blackkey_num,94390495,feedback,30,feedsumportion,0.419702,finger0,11,finger,15,time,314613,runTime,2751.93
line,45975411,total,0.00792005,total0,0.0816631,false,0.00124948,over,0.00447663,false0,0.0218108,over0,0.0781439,overaggr,0.00590979,overcuckoo,0.00201026,over_uai,0.00206989,over_uai,0.00505775,over_utai,0.00981705,over_utai,0.010598,over_ai,0.00682648,over_ai,0.00854654,countIP,1.10628e+11,countIP0,1.18722e+11,keysum,1.09759e+11,pktSum,4.95645e+11,aggrSum,6.4865e+08,blackkey_num,95902308,feedback,30,feedsumportion,0.419702,finger0,11,finger,15,time,314613,runTime,2752.93
line,45992353,total,0.007918,total0,0.0816741,false,0.00123556,over,0.00443344,false0,0.021924,over0,0.0786676,overaggr,0.00590816,overcuckoo,0.00200984,over_uai,0.00117045,over_uai,0.00396489,over_utai,0.00981436,over_utai,0.0105956,over_ai,0.00682439,over_ai,0.00854437,countIP,1.10661e+11,countIP0,1.18759e+11,keysum,1.09792e+11,pktSum,4.95813e+11,aggrSum,6.48669e+08,blackkey_num,97403717,feedback,30,feedsumportion,0.419702,finger0,11,finger,15,time,314613,runTime,2753.93
line,46009163,total,0.00791565,total0,0.0816711,false,0.00122252,over,0.00438522,false0,0.0219077,over0,0.0785836,overaggr,0.00590622,overcuckoo,0.00200943,over_uai,0.000823079,over_uai,0.00225268,over_utai,0.00981143,over_utai,0.0105919,over_ai,0.00682222,over_ai,0.00854179,countIP,1.107e+11,countIP0,1.18801e+11,keysum,1.09831e+11,pktSum,4.95986e+11,aggrSum,6.48684e+08,blackkey_num,98912543,feedback,30,feedsumportion,0.419702,finger0,11,finger,15,time,314613,runTime,2754.93
line,46026597,total,0.00791399,total0,0.0816705,false,0.00121141,over,0.00435716,false0,0.021852,over0,0.0785967,overaggr,0.00590484,overcuckoo,0.00200915,over_uai,0.00128668,over_uai,0.00398263,over_utai,0.00980866,over_utai,0.0105895,over_ai,0.00682023,over_ai,0.00854048,countIP,1.10731e+11,countIP0,1.18834e+11,keysum,1.09862e+11,pktSum,4.96153e+11,aggrSum,6.48715e+08,blackkey_num,100151498,feedback,30,feedsumportion,0.419702,finger0,11,finger,15,time,314613,runTime,2755.93
line,46043780,total,0.00791362,total0,0.081672,false,0.00122107,over,0.00439192,false0,0.0218808,over0,0.0787006,overaggr,0.00590481,overcuckoo,0.00200881,over_uai,0.00249266,over_uai,0.00973796,over_utai,0.00980588,over_utai,0.010589,over_ai,0.00681796,over_ai,0.0085427,countIP,1.10768e+11,countIP0,1.18874e+11,keysum,1.09899e+11,pktSum,4.96324e+11,aggrSum,6.48931e+08,blackkey_num,101700281,feedback,32,feedsumportion,0.582387,finger0,11,finger,15,time,310556,runTime,2756.93
line,46060868,total,0.00791141,total0,0.0816758,false,0.00121101,over,0.00435247,false0,0.0219534,over0,0.0789027,overaggr,0.00590305,overcuckoo,0.00200836,over_uai,0.00217432,over_uai,0.00371981,over_utai,0.00980313,over_utai,0.0105864,over_ai,0.00681575,over_ai,0.00854033,countIP,1.10808e+11,countIP0,1.18917e+11,keysum,1.09938e+11,pktSum,4.96497e+11,aggrSum,6.48968e+08,blackkey_num,103025919,feedback,32,feedsumportion,0.582387,finger0,11,finger,15,time,310556,runTime,2757.93
line,46077866,total,0.00790917,total0,0.0816793,false,0.00120079,over,0.00431296,false0,0.0220181,over0,0.079084,overaggr,0.00590123,overcuckoo,0.00200794,over_uai,0.00251782,over_uai,0.00252372,over_utai,0.0098006,over_utai,0.0105832,over_ai,0.00681374,over_ai,0.00853763,countIP,1.10847e+11,countIP0,1.1896e+11,keysum,1.09977e+11,pktSum,4.96671e+11,aggrSum,6.48999e+08,blackkey_num,104447079,feedback,32,feedsumportion,0.582387,finger0,11,finger,15,time,310556,runTime,2758.93
line,46094536,total,0.00790694,total0,0.0816935,false,0.00119294,over,0.00427968,false0,0.0222137,over0,0.0796921,overaggr,0.00589954,overcuckoo,0.0020074,over_uai,0.00321026,over_uai,0.00216713,over_utai,0.00979801,over_utai,0.0105799,over_ai,0.00681178,over_ai,0.00853452,countIP,1.1089e+11,countIP0,1.19008e+11,keysum,1.1002e+11,pktSum,4.96855e+11,aggrSum,6.49066e+08,blackkey_num,105668867,feedback,32,feedsumportion,0.582387,finger0,11,finger,15,time,310556,runTime,2759.93
line,46111466,total,0.00790468,total0,0.0816883,false,0.00118454,over,0.00424464,false0,0.0221902,over0,0.0795157,overaggr,0.00589775,overcuckoo,0.00200693,over_uai,0.00232761,over_uai,0.00186014,over_utai,0.0097954,over_utai,0.0105762,over_ai,0.00680989,over_ai,0.00853151,countIP,1.10931e+11,countIP0,1.19052e+11,keysum,1.10061e+11,pktSum,4.97033e+11,aggrSum,6.49113e+08,blackkey_num,107142356,feedback,32,feedsumportion,0.582387,finger0,11,finger,15,time,310556,runTime,2760.93
line,46128560,total,0.00790233,total0,0.0816786,false,0.0011729,over,0.00420369,false0,0.0220891,over0,0.0791676,overaggr,0.00589586,overcuckoo,0.00200647,over_uai,0.000977996,over_uai,0.00272098,over_utai,0.00979185,over_utai,0.0105736,over_ai,0.00680738,over_ai,0.0085294,countIP,1.1097e+11,countIP0,1.19093e+11,keysum,1.101e+11,pktSum,4.97214e+11,aggrSum,6.49135e+08,blackkey_num,108362520,feedback,37,feedsumportion,0.792217,finger0,11,finger,15,time,309826,runTime,2761.93
line,46145264,total,0.00789982,total0,0.081671,false,0.00116212,over,0.00416135,false0,0.0220382,over0,0.0789152,overaggr,0.00589374,overcuckoo,0.00200608,over_uai,0.000837116,over_uai,0.00597888,over_utai,0.00978815,over_utai,0.0105718,over_ai,0.00680484,over_ai,0.00852698,countIP,1.11012e+11,countIP0,1.19137e+11,keysum,1.10142e+11,pktSum,4.97397e+11,aggrSum,6.49148e+08,blackkey_num,109979903,feedback,37,feedsumportion,0.792217,finger0,11,finger,15,time,309826,runTime,2762.93
line,46162254,total,0.00789767,total0,0.0816649,false,0.00115208,over,0.00412884,false0,0.0219652,over0,0.078719,overaggr,0.00589209,overcuckoo,0.00200557,over_uai,0.00239733,over_uai,0.00380733,over_utai,0.00978556,over_utai,0.0105692,over_ai,0.00680299,over_ai,0.0085242,countIP,1.1105e+11,countIP0,1.19178e+11,keysum,1.1018e+11,pktSum,4.97579e+11,aggrSum,6.49191e+08,blackkey_num,111717729,feedback,37,feedsumportion,0.792217,finger0,11,finger,15,time,309826,runTime,2763.93
line,46179312,total,0.00789508,total0,0.0816671,false,0.00113943,over,0.00408298,false0,0.0220018,over0,0.0788403,overaggr,0.00589014,overcuckoo,0.00200494,over_uai,0.00128645,over_uai,0.00254541,over_utai,0.00978279,over_utai,0.010566,over_ai,0.00680084,over_ai,0.00852094,countIP,1.1109e+11,countIP0,1.19221e+11,keysum,1.1022e+11,pktSum,4.9776e+11,aggrSum,6.4921e+08,blackkey_num,113046115,feedback,37,feedsumportion,0.792217,finger0,11,finger,15,time,309826,runTime,2764.93
line,46196298,total,0.00789312,total0,0.0816694,false,0.00113073,over,0.00405723,false0,0.0220065,over0,0.0789628,overaggr,0.00588861,overcuckoo,0.00200451,over_uai,0.00176828,over_uai,0.00313473,over_utai,0.00977972,over_utai,0.0105631,over_ai,0.00679893,over_ai,0.00851876,countIP,1.11126e+11,countIP0,1.19261e+11,keysum,1.10256e+11,pktSum,4.97941e+11,aggrSum,6.49256e+08,blackkey_num,114861985,feedback,37,feedsumportion,0.792217,finger0,11,finger,15,time,309826,runTime,2765.93
line,46213228,total,0.00789583,total0,0.0816702,false,0.0011703,over,0.00420249,false0,0.0220067,over0,0.079025,overaggr,0.00589184,overcuckoo,0.002004,over_uai,0.0224947,over_uai,0.00178736,over_utai,0.00978389,over_utai,0.0105602,over_ai,0.00680507,over_ai,0.0085165,countIP,1.11164e+11,countIP0,1.19301e+11,keysum,1.10293e+11,pktSum,4.98119e+11,aggrSum,6.49828e+08,blackkey_num,115520545,feedback,32,feedsumportion,0.606676,finger0,11,finger,15,time,310687,runTime,2766.93
line,46229868,total,0.00790106,total0,0.0816647,false,0.00123341,over,0.00443425,false0,0.0219339,over0,0.0788548,overaggr,0.00589748,overcuckoo,0.00200358,over_uai,0.0331232,over_uai,0.00274755,over_utai,0.00979135,over_utai,0.0105574,over_ai,0.00681541,over_ai,0.00851451,countIP,1.11201e+11,countIP0,1.19339e+11,keysum,1.10329e+11,pktSum,4.98298e+11,aggrSum,6.50663e+08,blackkey_num,116693739,feedback,32,feedsumportion,0.606676,finger0,11,finger,15,time,310687,runTime,2767.93
line,46246334,total,0.00790602,total0,0.0816593,false,0.0012931,over,0.00465186,false0,0.0218762,over0,0.0786982,overaggr,0.00590294,overcuckoo,0.00200309,over_uai,0.03174,over_uai,0.00186788,over_utai,0.00979856,over_utai,0.0105545,over_ai,0.00682542,over_ai,0.00851227,countIP,1.11239e+11,countIP0,1.19378e+11,keysum,1.10366e+11,pktSum,4.98474e+11,aggrSum,6.51484e+08,blackkey_num,118322512,feedback,32,feedsumportion,0.606676,finger0,11,finger,15,time,310687,runTime,2768.93
line,46262862,total,0.00791057,total0,0.0816602,false,0.00135001,over,0.0048542,false0,0.0219065,over0,0.0787688,overaggr,0.00590803,overcuckoo,0.00200254,over_uai,0.0309537,over_uai,0.00177106,over_utai,0.00980537,over_utai,0.0105506,over_ai,0.00683522,over_ai,0.00850897,countIP,1.11281e+11,countIP0,1.19423e+11,keysum,1.10407e+11,pktSum,4.98658e+11,aggrSum,6.52289e+08,blackkey_num,119008421,feedback,32,feedsumportion,0.606676,finger0,11,finger,15,time,310687,runTime,2769.93
line,46279489,total,0.00791638,total0,0.0816693,false,0.00141933,over,0.00509567,false0,0.0220382,over0,0.0791215,overaggr,0.00591436,overcuckoo,0.00200201,over_uai,0.0364624,over_uai,0.00244841,over_utai,0.00981421,over_utai,0.010547,over_ai,0.00684736,over_ai,0.00850559,countIP,1.11324e+11,countIP0,1.1947e+11,keysum,1.10449e+11,pktSum,4.98834e+11,aggrSum,6.53236e+08,blackkey_num,119855940,feedback,32,feedsumportion,0.606676,finger0,11,finger,15,time,310687,runTime,2770.93
line,46296131,total,0.00791408,total0,0.0816702,false,0.00140613,over,0.00504957,false0,0.0220491,over0,0.0791808,overaggr,0.00591256,overcuckoo,0.00200153,over_uai,0.00193995,over_uai,0.00183991,over_utai,0.00981143,over_utai,0.0105441,over_ai,0.00684524,over_ai,0.00850317,countIP,1.11361e+11,countIP0,1.1951e+11,keysum,1.10486e+11,pktSum,4.99007e+11,aggrSum,6.53256e+08,blackkey_num,121360283,feedback,37,feedsumportion,0.973912,finger0,11,finger,15,time,315433,runTime,2771.93
line,46312530,total,0.00791132,total0,0.0816705,false,0.00139302,over,0.00499419,false0,0.0220978,over0,0.0792244,overaggr,0.0059104,overcuckoo,0.00200093,over_uai,0.00199042,over_uai,0.00149375,over_utai,0.0098086,over_utai,0.0105406,over_ai,0.00684276,over_ai,0.00850012,countIP,1.11404e+11,countIP0,1.19557e+11,keysum,1.1053e+11,pktSum,4.99186e+11,aggrSum,6.53274e+08,blackkey_num,122665582,feedback,37,feedsumportion,0.973912,finger0,11,finger,15,time,315433,runTime,2772.93
line,46328846,total,0.00790934,total0,0.0816647,false,0.00138466,over,0.00496241,false0,0.02206,over0,0.0790596,overaggr,0.00590862,overcuckoo,0.00200072,over_uai,0.00428774,over_uai,0.00124756,over_utai,0.00980687,over_utai,0.0105367,over_ai,0.00684173,over_ai,0.00849679,countIP,1.11443e+11,countIP0,1.19598e+11,keysum,1.10569e+11,pktSum,4.99362e+11,aggrSum,6.53309e+08,blackkey_num,124144527,feedback,37,feedsumportion,0.973912,finger0,11,finger,15,time,315433,runTime,2773.93
line,46345213,total,0.00790677,total0,0.081662,false,0.00137627,over,0.00491804,false0,0.022109,over0,0.0790056,overaggr,0.00590631,overcuckoo,0.00200046,over_uai,0.00355029,over_uai,0.00148096,over_utai,0.00980446,over_utai,0.0105331,over_ai,0.00683984,over_ai,0.0084934,countIP,1.11489e+11,countIP0,1.19648e+11,keysum,1.10615e+11,pktSum,4.99537e+11,aggrSum,6.53325e+08,blackkey_num,125782195,feedback,37,feedsumportion,0.973912,finger0,11,finger,15,time,315433,runTime,2774.93
line,46362060,total,0.00790438,total0,0.0816686,false,0.00136629,over,0.00487662,false0,0.0222046,over0,0.0792537,overaggr,0.00590431,overcuckoo,0.00200007,over_uai,0.0017918,over_uai,0.00222046,over_utai,0.00980134,over_utai,0.01053,over_ai,0.00683729,over_ai,0.00849111,countIP,1.11531e+11,countIP0,1.19694e+11,keysum,1.10656e+11,pktSum,4.99714e+11,aggrSum,6.53349e+08,blackkey_num,127269298,feedback,37,feedsumportion,0.973912,finger0,11,finger,15,time,315433,runTime,2775.93
line,46378521,total,0.00790186,total0,0.0816889,false,0.00135384,over,0.00483121,false0,0.0224006,over0,0.0799372,overaggr,0.00590235,overcuckoo,0.00199951,over_uai,0.00321678,over_uai,0.00220397,over_utai,0.00979893,over_utai,0.0105267,over_ai,0.00683495,over_ai,0.00848835,countIP,1.11572e+11,countIP0,1.1974e+11,keysum,1.10697e+11,pktSum,4.99896e+11,aggrSum,6.53372e+08,blackkey_num,128938135,feedback,33,feedsumportion,0.527507,finger0,11,finger,15,time,312085,runTime,2776.93
line,46395163,total,0.00789983,total0,0.081693,false,0.00134277,over,0.00479757,false0,0.0224151,over0,0.0800866,overaggr,0.00590069,overcuckoo,0.00199914,over_uai,0.00329418,over_uai,0.0038911,over_utai,0.00979662,over_utai,0.0105248,over_ai,0.00683268,over_ai,0.00848668,countIP,1.11607e+11,countIP0,1.19778e+11,keysum,1.10732e+11,pktSum,5.00072e+11,aggrSum,6.53396e+08,blackkey_num,130661434,feedback,33,feedsumportion,0.527507,finger0,11,finger,15,time,312085,runTime,2777.93
line,46411737,total,0.00789787,total0,0.0816853,false,0.00133594,over,0.00477147,false0,0.0223604,over0,0.079863,overaggr,0.00589914,overcuckoo,0.00199873,over_uai,0.00310235,over_uai,0.00308034,over_utai,0.00979381,over_utai,0.0105224,over_ai,0.00683064,over_ai,0.00848477,countIP,1.11647e+11,countIP0,1.19821e+11,keysum,1.10772e+11,pktSum,5.00252e+11,aggrSum,6.53463e+08,blackkey_num,136195271,feedback,33,feedsumportion,0.527507,finger0,11,finger,15,time,312085,runTime,2778.93
line,46428246,total,0.00789589,total0,0.0816764,false,0.00132781,over,0.00474375,false0,0.0222818,over0,0.0796041,overaggr,0.00589757,overcuckoo,0.00199832,over_uai,0.00250138,over_uai,0.00486157,over_utai,0.0097911,over_utai,0.0105203,over_ai,0.00682858,over_ai,0.00848273,countIP,1.11686e+11,countIP0,1.19862e+11,keysum,1.10811e+11,pktSum,5.00433e+11,aggrSum,6.53517e+08,blackkey_num,140987638,feedback,33,feedsumportion,0.527507,finger0,11,finger,15,time,312085,runTime,2779.93
line,46444971,total,0.0078939,total0,0.0816693,false,0.00132077,over,0.00471666,false0,0.0222354,over0,0.0794057,overaggr,0.00589592,overcuckoo,0.00199799,over_uai,0.00194886,over_uai,0.00399632,over_utai,0.00978787,over_utai,0.0105181,over_ai,0.00682609,over_ai,0.00848132,countIP,1.11725e+11,countIP0,1.19903e+11,keysum,1.1085e+11,pktSum,5.00606e+11,aggrSum,6.53564e+08,blackkey_num,142633731,feedback,33,feedsumportion,0.527507,finger0,11,finger,15,time,312085,runTime,2780.93
line,46461469,total,0.00789144,total0,0.0816614,false,0.00131039,over,0.00467691,false0,0.0221882,over0,0.0791916,overaggr,0.00589392,overcuckoo,0.00199752,over_uai,0.0014511,over_uai,0.0238883,over_utai,0.00978449,over_utai,0.0105221,over_ai,0.00682339,over_ai,0.00847916,countIP,1.11766e+11,countIP0,1.19946e+11,keysum,1.10891e+11,pktSum,5.00785e+11,aggrSum,6.53582e+08,blackkey_num,144534535,feedback,38,feedsumportion,0.637686,finger0,11,finger,15,time,306161,runTime,2781.93
line,46477996,total,0.00788955,total0,0.0816574,false,0.0013013,over,0.00464997,false0,0.0221339,over0,0.0790916,overaggr,0.00589225,overcuckoo,0.0019973,over_uai,0.00239933,over_uai,0.0266874,over_utai,0.00978223,over_utai,0.0105266,over_ai,0.00682126,over_ai,0.00847765,countIP,1.118e+11,countIP0,1.19983e+11,keysum,1.10925e+11,pktSum,5.00957e+11,aggrSum,6.53599e+08,blackkey_num,146361758,feedback,38,feedsumportion,0.637686,finger0,11,finger,15,time,306161,runTime,2782.93
line,46494765,total,0.00788727,total0,0.0816493,false,0.00129284,over,0.00461684,false0,0.0220882,over0,0.0788792,overaggr,0.00589027,overcuckoo,0.001997,over_uai,0.00097286,over_uai,0.021255,over_utai,0.00977891,over_utai,0.0105302,over_ai,0.00681866,over_ai,0.0084758,countIP,1.11841e+11,countIP0,1.20026e+11,keysum,1.10965e+11,pktSum,5.01132e+11,aggrSum,6.53617e+08,blackkey_num,148314666,feedback,38,feedsumportion,0.637686,finger0,11,finger,15,time,306161,runTime,2783.93
line,46511129,total,0.00788421,total0,0.0816371,false,0.00128358,over,0.00456899,false0,0.0220683,over0,0.0785539,overaggr,0.00588782,overcuckoo,0.00199639,over_uai,0.00134314,over_uai,0.0216228,over_utai,0.00977535,over_utai,0.0105343,over_ai,0.0068157,over_ai,0.00847259,countIP,1.1189e+11,countIP0,1.20078e+11,keysum,1.11015e+11,pktSum,5.01314e+11,aggrSum,6.53634e+08,blackkey_num,150358129,feedback,38,feedsumportion,0.637686,finger0,11,finger,15,time,306161,runTime,2784.93
line,46527910,total,0.00788148,total0,0.0816271,false,0.00127532,over,0.0045291,false0,0.0220474,over0,0.0782977,overaggr,0.00588557,overcuckoo,0.00199591,over_uai,0.00123143,over_uai,0.0334192,over_utai,0.00977222,over_utai,0.0105442,over_ai,0.00681314,over_ai,0.00846957,countIP,1.11936e+11,countIP0,1.20126e+11,keysum,1.1106e+11,pktSum,5.01491e+11,aggrSum,6.53653e+08,blackkey_num,152261776,feedback,38,feedsumportion,0.637686,finger0,11,finger,15,time,306161,runTime,2785.93
line,46544548,total,0.00789475,total0,0.0816306,false,0.00139284,over,0.00494675,false0,0.0220838,over0,0.0784321,overaggr,0.0058965,overcuckoo,0.00199824,over_uai,0.0617271,over_uai,0.00422169,over_utai,0.00979002,over_utai,0.0105418,over_ai,0.00683737,over_ai,0.00846723,countIP,1.11976e+11,countIP0,1.20168e+11,keysum,1.11099e+11,pktSum,5.01666e+11,aggrSum,6.55093e+08,blackkey_num,152933682,feedback,34,feedsumportion,0.405635,finger0,11,finger,15,time,313105,runTime,2786.93
line,46561336,total,0.00790703,total0,0.0816289,false,0.00149833,over,0.0053263,false0,0.0220584,over0,0.0784137,overaggr,0.00590489,overcuckoo,0.00200214,over_uai,0.0600905,over_uai,0.0049946,over_utai,0.00980646,over_utai,0.0105401,over_ai,0.00685939,over_ai,0.00846576,countIP,1.12013e+11,countIP0,1.20206e+11,keysum,1.11134e+11,pktSum,5.01839e+11,aggrSum,6.56233e+08,blackkey_num,153635446,feedback,34,feedsumportion,0.405635,finger0,11,finger,15,time,313105,runTime,2787.93
line,46578355,total,0.00791305,total0,0.0816207,false,0.00155453,over,0.00552353,false0,0.0220122,over0,0.0782131,overaggr,0.00591062,overcuckoo,0.00200242,over_uai,0.0314713,over_uai,0.00370135,over_utai,0.00981406,over_utai,0.0105379,over_ai,0.00687059,over_ai,0.00846393,countIP,1.12053e+11,countIP0,1.20248e+11,keysum,1.11174e+11,pktSum,5.02014e+11,aggrSum,6.57106e+08,blackkey_num,154444500,feedback,34,feedsumportion,0.405635,finger0,11,finger,15,time,313105,runTime,2788.93
line,46595076,total,0.00791885,total0,0.0816105,false,0.00161049,over,0.00571373,false0,0.0219754,over0,0.0779648,overaggr,0.00591612,overcuckoo,0.00200273,over_uai,0.0271961,over_uai,0.00641171,over_utai,0.00982082,over_utai,0.0105362,over_ai,0.00688094,over_ai,0.00846327,countIP,1.12099e+11,countIP0,1.20295e+11,keysum,1.11218e+11,pktSum,5.02197e+11,aggrSum,6.57981e+08,blackkey_num,155389153,feedback,34,feedsumportion,0.405635,finger0,11,finger,15,time,313105,runTime,2789.93
line,46611863,total,0.00792502,total0,0.0816063,false,0.001666,over,0.00590759,false0,0.0219638,over0,0.077883,overaggr,0.0059223,overcuckoo,0.00200271,over_uai,0.0331523,over_uai,0.0127527,over_utai,0.00982851,over_utai,0.0105366,over_ai,0.00689214,over_ai,0.00846227,countIP,1.1214e+11,countIP0,1.20338e+11,keysum,1.11258e+11,pktSum,5.02372e+11,aggrSum,6.58906e+08,blackkey_num,156135874,feedback,34,feedsumportion,0.405635,finger0,11,finger,15,time,313105,runTime,2790.93
line,46628522,total,0.00792288,total0,0.0816054,false,0.00165319,over,0.00586672,false0,0.0219493,over0,0.0778918,overaggr,0.00592058,overcuckoo,0.0020023,over_uai,0.00247617,over_uai,0.0512358,over_utai,0.00982602,over_utai,0.0105485,over_ai,0.00688976,over_ai,0.00846035,countIP,1.12177e+11,countIP0,1.20377e+11,keysum,1.11295e+11,pktSum,5.02548e+11,aggrSum,6.5893e+08,blackkey_num,157768835,feedback,42,feedsumportion,0.977358,finger0,11,finger,15,time,309737,runTime,2791.93
line,46645445,total,0.00792084,total0,0.0815996,false,0.00164201,over,0.00583017,false0,0.0219029,over0,0.0777689,overaggr,0.0059189,overcuckoo,0.00200195,over_uai,0.00273248,over_uai,0.0511323,over_utai,0.00982326,over_utai,0.0105602,over_ai,0.0068873,over_ai,0.00845862,countIP,1.12214e+11,countIP0,1.20417e+11,keysum,1.11333e+11,pktSum,5.02728e+11,aggrSum,6.58966e+08,blackkey_num,159405371,feedback,42,feedsumportion,0.977358,finger0,11,finger,15,time,309737,runTime,2792.93
line,46662146,total,0.007919,total0,0.0815956,false,0.00163317,over,0.00579985,false0,0.0218784,over0,0.0776962,overaggr,0.0059173,overcuckoo,0.0020017,over_uai,0.00380687,over_uai,0.00461468,over_utai,0.0098208,over_utai,0.0105581,over_ai,0.00688519,over_ai,0.00845714,countIP,1.12253e+11,countIP0,1.20459e+11,keysum,1.11371e+11,pktSum,5.02906e+11,aggrSum,6.59017e+08,blackkey_num,160962005,feedback,42,feedsumportion,0.977358,finger0,11,finger,15,time,309737,runTime,2793.93
line,46678755,total,0.00791703,total0,0.081596,false,0.00162269,over,0.00576656,false0,0.0218766,over0,0.0777431,overaggr,0.0059155,overcuckoo,0.00200152,over_uai,0.00333185,over_uai,0.00415038,over_utai,0.00981845,over_utai,0.0105553,over_ai,0.00688289,over_ai,0.00845553,countIP,1.12292e+11,countIP0,1.205e+11,keysum,1.1141e+11,pktSum,5.03092e+11,aggrSum,6.59045e+08,blackkey_num,162754592,feedback,42,feedsumportion,0.977358,finger0,11,finger,15,time,309737,runTime,2794.93
line,46695336,total,0.00791493,total0,0.0815855,false,0.00161305,over,0.00573142,false0,0.0218118,over0,0.0775008,overaggr,0.0059136,overcuckoo,0.00200133,over_uai,0.0426912,over_uai,0.00627575,over_utai,0.00983001,over_utai,0.0105535,over_ai,0.00688024,over_ai,0.00845399,countIP,1.12332e+11,countIP0,1.20543e+11,keysum,1.1145e+11,pktSum,5.03273e+11,aggrSum,6.59072e+08,blackkey_num,165002275,feedback,42,feedsumportion,0.977358,finger0,11,finger,15,time,309737,runTime,2795.93
line,46711619,total,0.00791257,total0,0.0815837,false,0.00160089,over,0.0056901,false0,0.0218021,over0,0.0774921,overaggr,0.00591166,overcuckoo,0.00200091,over_uai,0.00112424,over_uai,0.00377638,over_utai,0.00982664,over_utai,0.0105512,over_ai,0.00687754,over_ai,0.00845211,countIP,1.12373e+11,countIP0,1.20586e+11,keysum,1.1149e+11,pktSum,5.03462e+11,aggrSum,6.59094e+08,blackkey_num,166787105,feedback,36,feedsumportion,0.602119,finger0,11,finger,15,time,310432,runTime,2796.93
line,46728178,total,0.00791088,total0,0.0816032,false,0.00159285,over,0.00566544,false0,0.0219401,over0,0.0780366,overaggr,0.00591027,overcuckoo,0.00200061,over_uai,0.00300146,over_uai,0.00427287,over_utai,0.00982382,over_utai,0.0105493,over_ai,0.00687558,over_ai,0.00845101,countIP,1.1241e+11,countIP0,1.20629e+11,keysum,1.11528e+11,pktSum,5.03643e+11,aggrSum,6.5916e+08,blackkey_num,168702426,feedback,36,feedsumportion,0.602119,finger0,11,finger,15,time,310432,runTime,2797.93
line,46745008,total,0.00790957,total0,0.0816,false,0.00158649,over,0.00564974,false0,0.0218984,over0,0.0779836,overaggr,0.00590918,overcuckoo,0.00200039,over_uai,0.0034271,over_uai,0.00363846,over_utai,0.00982142,over_utai,0.0105472,over_ai,0.00687422,over_ai,0.00844975,countIP,1.12446e+11,countIP0,1.20667e+11,keysum,1.11563e+11,pktSum,5.03822e+11,aggrSum,6.59247e+08,blackkey_num,170429325,feedback,36,feedsumportion,0.602119,finger0,11,finger,15,time,310432,runTime,2798.93
line,46761569,total,0.00790759,total0,0.0815976,false,0.00157569,over,0.00561747,false0,0.0218657,over0,0.0779535,overaggr,0.0059075,overcuckoo,0.00200009,over_uai,0.0018497,over_uai,0.00417702,over_utai,0.00981831,over_utai,0.0105454,over_ai,0.0068717,over_ai,0.00844868,countIP,1.12482e+11,countIP0,1.20705e+11,keysum,1.11599e+11,pktSum,5.04003e+11,aggrSum,6.59271e+08,blackkey_num,172342899,feedback,36,feedsumportion,0.602119,finger0,11,finger,15,time,310432,runTime,2799.93
line,46778451,total,0.00790564,total0,0.0815942,false,0.00156497,over,0.00558573,false0,0.021824,over0,0.0778946,overaggr,0.00590588,overcuckoo,0.00199976,over_uai,0.00157664,over_uai,0.00332306,over_utai,0.00981526,over_utai,0.0105431,over_ai,0.00686944,over_ai,0.0084472,countIP,1.12516e+11,countIP0,1.20742e+11,keysum,1.11633e+11,pktSum,5.04177e+11,aggrSum,6.59293e+08,blackkey_num,174300039,feedback,36,feedsumportion,0.602119,finger0,11,finger,15,time,310432,runTime,2800.93
line,46795278,total,0.00790646,total0,0.0815871,false,0.001577,over,0.00562722,false0,0.0217882,over0,0.0777466,overaggr,0.00590696,overcuckoo,0.0019995,over_uai,0.0126995,over_uai,0.00296298,over_utai,0.00981611,over_utai,0.0105407,over_ai,0.006872,over_ai,0.00844545,countIP,1.12556e+11,countIP0,1.20784e+11,keysum,1.11673e+11,pktSum,5.04355e+11,aggrSum,6.59648e+08,blackkey_num,175855953,feedback,33,feedsumportion,0.755005,finger0,11,finger,15,time,308146,runTime,2801.93
line,46812385,total,0.00790706,total0,0.0815836,false,0.00158443,over,0.00566008,false0,0.0217479,over0,0.0776902,overaggr,0.00590774,overcuckoo,0.00199932,over_uai,0.0121119,over_uai,0.0039298,over_utai,0.0098166,over_utai,0.0105387,over_ai,0.00687388,over_ai,0.00844406,countIP,1.12591e+11,countIP0,1.20821e+11,keysum,1.11707e+11,pktSum,5.04529e+11,aggrSum,6.59938e+08,blackkey_num,177272980,feedback,33,feedsumportion,0.755005,finger0,11,finger,15,time,308146,runTime,2802.93
line,46829105,total,0.00790611,total0,0.0815762,false,0.00158352,over,0.00565559,false0,0.0217101,over0,0.0775383,overaggr,0.00590685,overcuckoo,0.00199926,over_uai,0.00594286,over_uai,0.00315972,over_utai,0.009815,over_utai,0.0105357,over_ai,0.00687326,over_ai,0.00844248,countIP,1.12629e+11,countIP0,1.20862e+11,keysum,1.11746e+11,pktSum,5.04702e+11,aggrSum,6.60065e+08,blackkey_num,178817396,feedback,33,feedsumportion,0.755005,finger0,11,finger,15,time,308146,runTime,2803.93
line,46845553,total,0.00790683,total0,0.0815682,false,0.00159265,over,0.00569138,false0,0.0216516,over0,0.0773723,overaggr,0.00590789,overcuckoo,0.00199894,over_uai,0.0132869,over_uai,0.00265299,over_utai,0.00981603,over_utai,0.0105332,over_ai,0.00687571,over_ai,0.00844063,countIP,1.12666e+11,countIP0,1.209e+11,keysum,1.11782e+11,pktSum,5.04876e+11,aggrSum,6.60395e+08,blackkey_num,180338658,feedback,33,feedsumportion,0.755005,finger0,11,finger,15,time,308146,runTime,2804.93
line,46862052,total,0.00790707,total0,0.0815618,false,0.00159821,over,0.00571485,false0,0.0216036,over0,0.0772498,overaggr,0.00590853,overcuckoo,0.00199854,over_uai,0.0112244,over_uai,0.0025013,over_utai,0.00981631,over_utai,0.0105307,over_ai,0.00687736,over_ai,0.00843881,countIP,1.12702e+11,countIP0,1.20938e+11,keysum,1.11818e+11,pktSum,5.05051e+11,aggrSum,6.6068e+08,blackkey_num,181695778,feedback,33,feedsumportion,0.755005,finger0,11,finger,15,time,308146,runTime,2805.93
line,46878797,total,0.00790509,total0,0.0815582,false,0.001587,over,0.00568294,false0,0.0215568,over0,0.0771932,overaggr,0.00590694,overcuckoo,0.00199815,over_uai,0.00109575,over_uai,0.0026472,over_utai,0.00981242,over_utai,0.0105283,over_ai,0.00687515,over_ai,0.00843715,countIP,1.12737e+11,countIP0,1.20975e+11,keysum,1.11852e+11,pktSum,5.05232e+11,aggrSum,6.60705e+08,blackkey_num,183481119,feedback,36,feedsumportion,0.94661,finger0,11,finger,15,time,310539,runTime,2806.93
line,46895405,total,0.0079029,total0,0.0815564,false,0.00157579,over,0.00564696,false0,0.0215377,over0,0.0771821,overaggr,0.00590522,overcuckoo,0.00199768,over_uai,0.000947664,over_uai,0.00307497,over_utai,0.00980933,over_utai,0.0105263,over_ai,0.00687262,over_ai,0.00843544,countIP,1.12772e+11,countIP0,1.21013e+11,keysum,1.11888e+11,pktSum,5.05406e+11,aggrSum,6.60721e+08,blackkey_num,185471154,feedback,36,feedsumportion,0.94661,finger0,11,finger,15,time,310539,runTime,2807.93
line,46912106,total,0.00790084,total0,0.0815537,false,0.00156542,over,0.00561407,false0,0.0215128,over0,0.0771514,overaggr,0.00590361,overcuckoo,0.00199723,over_uai,0.00158634,over_uai,0.00208849,over_utai,0.00980652,over_utai,0.0105238,over_ai,0.00687032,over_ai,0.00843363,countIP,1.12806e+11,countIP0,1.2105e+11,keysum,1.11922e+11,pktSum,5.05576e+11,aggrSum,6.60744e+08,blackkey_num,187632937,feedback,36,feedsumportion,0.94661,finger0,11,finger,15,time,310539,runTime,2808.93
line,46929105,total,0.00789876,total0,0.0815527,false,0.00155477,over,0.00558137,false0,0.021494,over0,0.0771598,overaggr,0.005902,overcuckoo,0.00199676,over_uai,0.00187136,over_uai,0.00183063,over_utai,0.00980395,over_utai,0.0105211,over_ai,0.00686823,over_ai,0.00843152,countIP,1.12841e+11,countIP0,1.21087e+11,keysum,1.11957e+11,pktSum,5.05751e+11,aggrSum,6.60768e+08,blackkey_num,190220286,feedback,36,feedsumportion,0.94661,finger0,11,finger,15,time,310539,runTime,2809.93
line,46946383,total,0.00789961,total0,0.0815631,false,0.00156365,over,0.00561868,false0,0.0215503,over0,0.0774371,overaggr,0.00590323,overcuckoo,0.00199638,over_uai,0.0029858,over_uai,0.0154592,over_utai,0.00980163,over_utai,0.0105224,over_ai,0.00686626,over_ai,0.00843641,countIP,1.12876e+11,countIP0,1.21126e+11,keysum,1.11992e+11,pktSum,5.05928e+11,aggrSum,6.61112e+08,blackkey_num,192500855,feedback,36,feedsumportion,0.94661,finger0,11,finger,15,time,310539,runTime,2810.93
line,46963623,total,0.00789749,total0,0.0815703,false,0.00155309,over,0.00558557,false0,0.0215877,over0,0.0776387,overaggr,0.00590162,overcuckoo,0.00199587,over_uai,0.00494952,over_uai,0.00103871,over_utai,0.00979991,over_utai,0.0105195,over_ai,0.00686438,over_ai,0.00843411,countIP,1.12912e+11,countIP0,1.21165e+11,keysum,1.12027e+11,pktSum,5.06105e+11,aggrSum,6.6114e+08,blackkey_num,194570908,feedback,34,feedsumportion,0.866277,finger0,11,finger,15,time,312836,runTime,2811.93
line,46980437,total,0.00789547,total0,0.0815759,false,0.00154297,over,0.00555589,false0,0.0216057,over0,0.0777972,overaggr,0.00589999,overcuckoo,0.00199548,over_uai,0.00489755,over_uai,0.00191069,over_utai,0.00979787,over_utai,0.0105168,over_ai,0.00686221,over_ai,0.00843236,countIP,1.12948e+11,countIP0,1.21205e+11,keysum,1.12063e+11,pktSum,5.06292e+11,aggrSum,6.61171e+08,blackkey_num,195959897,feedback,34,feedsumportion,0.866277,finger0,11,finger,15,time,312836,runTime,2812.93
line,46997313,total,0.00789422,total0,0.0815856,false,0.00153759,over,0.00554459,false0,0.0216446,over0,0.0780511,overaggr,0.00589854,overcuckoo,0.00199568,over_uai,0.0126533,over_uai,0.00128965,over_utai,0.00979874,over_utai,0.010513,over_ai,0.00686189,over_ai,0.00842971,countIP,1.12984e+11,countIP0,1.21245e+11,keysum,1.12099e+11,pktSum,5.06485e+11,aggrSum,6.61222e+08,blackkey_num,197553349,feedback,34,feedsumportion,0.866277,finger0,11,finger,15,time,312836,runTime,2813.93
line,47013817,total,0.00789268,total0,0.0815863,false,0.00153123,over,0.00552746,false0,0.0216342,over0,0.0780956,overaggr,0.00589738,overcuckoo,0.0019953,over_uai,0.0153829,over_uai,0.00285246,over_utai,0.00980039,over_utai,0.0105103,over_ai,0.00686033,over_ai,0.00842814,countIP,1.13022e+11,countIP0,1.21286e+11,keysum,1.12137e+11,pktSum,5.06678e+11,aggrSum,6.61317e+08,blackkey_num,198876952,feedback,34,feedsumportion,0.866277,finger0,11,finger,15,time,312836,runTime,2814.93
line,47030892,total,0.00789324,total0,0.0815908,false,0.00153758,over,0.00555699,false0,0.0216438,over0,0.0782228,overaggr,0.00589833,overcuckoo,0.00199491,over_uai,0.00831437,over_uai,0.00940796,over_utai,0.00979981,over_utai,0.0105097,over_ai,0.00685991,over_ai,0.00843018,countIP,1.13057e+11,countIP0,1.21324e+11,keysum,1.12172e+11,pktSum,5.06859e+11,aggrSum,6.61628e+08,blackkey_num,200767202,feedback,34,feedsumportion,0.866277,finger0,11,finger,15,time,312836,runTime,2815.93
line,47047975,total,0.0078909,total0,0.081601,false,0.00152661,over,0.00552157,false0,0.0216976,over0,0.0784781,overaggr,0.00589651,overcuckoo,0.0019944,over_uai,0.00122809,over_uai,0.00131821,over_utai,0.00979629,over_utai,0.0105066,over_ai,0.00685747,over_ai,0.00842808,countIP,1.13095e+11,countIP0,1.21366e+11,keysum,1.12209e+11,pktSum,5.07045e+11,aggrSum,6.61643e+08,blackkey_num,202344972,feedback,35,feedsumportion,0.888568,finger0,11,finger,15,time,310304,runTime,2816.93
line,47065243,total,0.00788874,total0,0.0816111,false,0.00151667,over,0.00549006,false0,0.0217495,over0,0.078729,overaggr,0.0058948,overcuckoo,0.00199394,over_uai,0.00186792,over_uai,0.00175126,over_utai,0.00979325,over_utai,0.0105041,over_ai,0.00685509,over_ai,0.00842636,countIP,1.13131e+11,countIP0,1.21406e+11,keysum,1.12246e+11,pktSum,5.07227e+11,aggrSum,6.61665e+08,blackkey_num,204080021,feedback,35,feedsumportion,0.888568,finger0,11,finger,15,time,310304,runTime,2817.93
line,47082209,total,0.00788636,total0,0.0816175,false,0.0015059,over,0.00545517,false0,0.021779,over0,0.0788953,overaggr,0.00589291,overcuckoo,0.00199346,over_uai,0.00105801,over_uai,0.00148403,over_utai,0.00979002,over_utai,0.0105012,over_ai,0.00685257,over_ai,0.00842424,countIP,1.13169e+11,countIP0,1.21448e+11,keysum,1.12284e+11,pktSum,5.07417e+11,aggrSum,6.61678e+08,blackkey_num,205628540,feedback,35,feedsumportion,0.888568,finger0,11,finger,15,time,310304,runTime,2818.93
line,47098961,total,0.00788422,total0,0.0816249,false,0.0014967,over,0.00542605,false0,0.0218131,over0,0.0790804,overaggr,0.00589111,overcuckoo,0.00199311,over_uai,0.00135985,over_uai,0.00228569,over_utai,0.00978676,over_utai,0.0104985,over_ai,0.00685009,over_ai,0.00842239,countIP,1.13208e+11,countIP0,1.21491e+11,keysum,1.12322e+11,pktSum,5.07609e+11,aggrSum,6.61703e+08,blackkey_num,206773227,feedback,35,feedsumportion,0.888568,finger0,11,finger,15,time,310304,runTime,2819.93
line,47116020,total,0.00788242,total0,0.0816322,false,0.00148907,over,0.00540412,false0,0.0218389,over0,0.0792579,overaggr,0.00588977,overcuckoo,0.00199265,over_uai,0.00213802,over_uai,0.00295915,over_utai,0.00978417,over_utai,0.010496,over_ai,0.00684808,over_ai,0.00842083,countIP,1.13245e+11,countIP0,1.21531e+11,keysum,1.12359e+11,pktSum,5.07799e+11,aggrSum,6.61769e+08,blackkey_num,208856269,feedback,35,feedsumportion,0.888568,finger0,11,finger,15,time,310304,runTime,2820.93
line,47132835,total,0.00788702,total0,0.081628,false,0.00152267,over,0.00552512,false0,0.0218227,over0,0.0791855,overaggr,0.00589479,overcuckoo,0.00199224,over_uai,0.0304082,over_uai,0.00222297,over_utai,0.00979067,over_utai,0.0104926,over_ai,0.00685772,over_ai,0.00841808,countIP,1.13288e+11,countIP0,1.21576e+11,keysum,1.12401e+11,pktSum,5.07991e+11,aggrSum,6.62581e+08,blackkey_num,209681364,feedback,31,feedsumportion,0.616296,finger0,11,finger,15,time,306828,runTime,2821.93
line,47149820,total,0.00789185,total0,0.0816439,false,0.00155401,over,0.00564629,false0,0.0218938,over0,0.0795479,overaggr,0.00589997,overcuckoo,0.00199188,over_uai,0.0328974,over_uai,0.09985,over_utai,0.00979752,over_utai,0.0105195,over_ai,0.00686757,over_ai,0.00841567,countIP,1.13324e+11,countIP0,1.21617e+11,keysum,1.12437e+11,pktSum,5.08181e+11,aggrSum,6.63375e+08,blackkey_num,210996081,feedback,31,feedsumportion,0.616296,finger0,11,finger,15,time,306828,runTime,2822.93
line,47166509,total,0.00789667,total0,0.0816678,false,0.00158817,over,0.00576862,false0,0.0220471,over0,0.0800803,overaggr,0.00590472,overcuckoo,0.00199195,over_uai,0.0341109,over_uai,0.00187572,over_utai,0.00980565,over_utai,0.0105156,over_ai,0.00687824,over_ai,0.00841227,countIP,1.13368e+11,countIP0,1.21665e+11,keysum,1.12479e+11,pktSum,5.08372e+11,aggrSum,6.64159e+08,blackkey_num,212272605,feedback,31,feedsumportion,0.616296,finger0,11,finger,15,time,306828,runTime,2823.93
line,47183057,total,0.00790093,total0,0.0816719,false,0.00161884,over,0.0058772,false0,0.0220855,over0,0.0801817,overaggr,0.00590948,overcuckoo,0.00199146,over_uai,0.0291739,over_uai,0.00805439,over_utai,0.009812,over_utai,0.0105145,over_ai,0.00688771,over_ai,0.00840895,countIP,1.13412e+11,countIP0,1.21712e+11,keysum,1.12523e+11,pktSum,5.08563e+11,aggrSum,6.64949e+08,blackkey_num,213625781,feedback,31,feedsumportion,0.616296,finger0,11,finger,15,time,306828,runTime,2824.93
line,47199755,total,0.00790456,total0,0.0816656,false,0.0016457,over,0.00597066,false0,0.0220671,over0,0.0800602,overaggr,0.00591376,overcuckoo,0.0019908,over_uai,0.0317367,over_uai,0.0104821,over_utai,0.00981924,over_utai,0.0105144,over_ai,0.00689609,over_ai,0.00840542,countIP,1.13455e+11,countIP0,1.21758e+11,keysum,1.12566e+11,pktSum,5.08749e+11,aggrSum,6.65686e+08,blackkey_num,214367788,feedback,31,feedsumportion,0.616296,finger0,11,finger,15,time,306828,runTime,2825.93
line,47216145,total,0.00790259,total0,0.0816613,false,0.00163765,over,0.00594284,false0,0.0220401,over0,0.0799807,overaggr,0.00591234,overcuckoo,0.00199025,over_uai,0.0013459,over_uai,0.00342809,over_utai,0.00981589,over_utai,0.010512,over_ai,0.00689358,over_ai,0.00840429,countIP,1.13494e+11,countIP0,1.21799e+11,keysum,1.12604e+11,pktSum,5.0893e+11,aggrSum,6.65751e+08,blackkey_num,215858682,feedback,37,feedsumportion,0.973961,finger0,11,finger,15,time,312273,runTime,2826.93
line,47232780,total,0.00790236,total0,0.0816728,false,0.00163893,over,0.00595083,false0,0.0220971,over0,0.080233,overaggr,0.00591253,overcuckoo,0.00198982,over_uai,0.00118078,over_uai,0.01321,over_utai,0.00981272,over_utai,0.0105126,over_ai,0.00689104,over_ai,0.00840753,countIP,1.13529e+11,countIP0,1.21838e+11,keysum,1.12639e+11,pktSum,5.09104e+11,aggrSum,6.65982e+08,blackkey_num,217316743,feedback,37,feedsumportion,0.973961,finger0,11,finger,15,time,312273,runTime,2827.93
line,47249351,total,0.00790113,total0,0.0816979,false,0.0016346,over,0.00593827,false0,0.0222317,over0,0.0807649,overaggr,0.0059118,overcuckoo,0.00198934,over_uai,0.00136583,over_uai,0.00719362,over_utai,0.0098095,over_utai,0.0105116,over_ai,0.00688867,over_ai,0.008408,countIP,1.13565e+11,countIP0,1.2188e+11,keysum,1.12675e+11,pktSum,5.09281e+11,aggrSum,6.6611e+08,blackkey_num,218691751,feedback,37,feedsumportion,0.973961,finger0,11,finger,15,time,312273,runTime,2828.93
line,47265507,total,0.00789874,total0,0.0817253,false,0.00162468,over,0.0059026,false0,0.0223881,over0,0.081338,overaggr,0.00590992,overcuckoo,0.00198882,over_uai,0.000877724,over_uai,0.00161388,over_utai,0.00980578,over_utai,0.010509,over_ai,0.00688597,over_ai,0.00840623,countIP,1.13603e+11,countIP0,1.21924e+11,keysum,1.12713e+11,pktSum,5.09459e+11,aggrSum,6.66125e+08,blackkey_num,220108540,feedback,37,feedsumportion,0.973961,finger0,11,finger,15,time,312273,runTime,2829.93
line,47281812,total,0.00789617,total0,0.0817346,false,0.00161589,over,0.00586507,false0,0.0224628,over0,0.0815314,overaggr,0.00590793,overcuckoo,0.00198824,over_uai,0.00212318,over_uai,0.00170218,over_utai,0.00980253,over_utai,0.0105063,over_ai,0.00688287,over_ai,0.00840439,countIP,1.13646e+11,countIP0,1.21971e+11,keysum,1.12755e+11,pktSum,5.09636e+11,aggrSum,6.6615e+08,blackkey_num,221495645,feedback,37,feedsumportion,0.973961,finger0,11,finger,15,time,312273,runTime,2830.93
line,47298492,total,0.00789364,total0,0.0817577,false,0.00160709,over,0.00582906,false0,0.0226087,over0,0.0820039,overaggr,0.00590602,overcuckoo,0.00198763,over_uai,0.00112537,over_uai,0.00167978,over_utai,0.00979867,over_utai,0.0105039,over_ai,0.00687989,over_ai,0.00840276,countIP,1.13688e+11,countIP0,1.22019e+11,keysum,1.12797e+11,pktSum,5.09816e+11,aggrSum,6.66182e+08,blackkey_num,222998751,feedback,29,feedsumportion,0.87445,finger0,11,finger,15,time,310711,runTime,2831.93
line,47314993,total,0.00789101,total0,0.0817725,false,0.00159796,over,0.00579127,false0,0.0227091,over0,0.0823018,overaggr,0.00590402,overcuckoo,0.00198699,over_uai,0.000871874,over_uai,0.00153044,over_utai,0.00979469,over_utai,0.0105011,over_ai,0.00687693,over_ai,0.00840055,countIP,1.1373e+11,countIP0,1.22066e+11,keysum,1.12839e+11,pktSum,5.09994e+11,aggrSum,6.66206e+08,blackkey_num,224472415,feedback,29,feedsumportion,0.87445,finger0,11,finger,15,time,310711,runTime,2832.93
line,47331155,total,0.00788816,total0,0.0817959,false,0.0015885,over,0.00575103,false0,0.0228613,over0,0.0827675,overaggr,0.00590184,overcuckoo,0.00198632,over_uai,0.00106707,over_uai,0.000947309,over_utai,0.00979105,over_utai,0.0104976,over_ai,0.00687413,over_ai,0.00839772,countIP,1.13775e+11,countIP0,1.22118e+11,keysum,1.12884e+11,pktSum,5.10181e+11,aggrSum,6.66225e+08,blackkey_num,225927842,feedback,29,feedsumportion,0.87445,finger0,11,finger,15,time,310711,runTime,2833.93
line,47347556,total,0.00788578,total0,0.0818245,false,0.00158196,over,0.00572032,false0,0.023045,over0,0.0833297,overaggr,0.00590005,overcuckoo,0.00198573,over_uai,0.00195706,over_uai,0.00166385,over_utai,0.00978767,over_utai,0.0104939,over_ai,0.00687187,over_ai,0.00839507,countIP,1.13819e+11,countIP0,1.22169e+11,keysum,1.12929e+11,pktSum,5.10362e+11,aggrSum,6.66285e+08,blackkey_num,227410795,feedback,29,feedsumportion,0.87445,finger0,11,finger,15,time,310711,runTime,2834.93
line,47364187,total,0.0078831,total0,0.0818394,false,0.00157564,over,0.00568539,false0,0.023172,over0,0.083612,overaggr,0.00589803,overcuckoo,0.00198507,over_uai,0.00184694,over_uai,0.00138932,over_utai,0.00978385,over_utai,0.0104909,over_ai,0.00686894,over_ai,0.00839296,countIP,1.13867e+11,countIP0,1.22222e+11,keysum,1.12977e+11,pktSum,5.10538e+11,aggrSum,6.66339e+08,blackkey_num,228810729,feedback,29,feedsumportion,0.87445,finger0,11,finger,15,time,310711,runTime,2835.93
line,47380651,total,0.00788804,total0,0.0818572,false,0.0016093,over,0.00579938,false0,0.0232947,over0,0.0839465,overaggr,0.00590336,overcuckoo,0.00198468,over_uai,0.0232701,over_uai,0.015905,over_utai,0.00978975,over_utai,0.0104923,over_ai,0.00687827,over_ai,0.00839191,countIP,1.13913e+11,countIP0,1.22273e+11,keysum,1.13021e+11,pktSum,5.10717e+11,aggrSum,6.67205e+08,blackkey_num,229534159,feedback,34,feedsumportion,0.676326,finger0,11,finger,15,time,308450,runTime,2836.93
line,47397000,total,0.00789415,total0,0.0818776,false,0.0016485,over,0.00593422,false0,0.0234264,over0,0.0843295,overaggr,0.00591004,overcuckoo,0.00198412,over_uai,0.0283309,over_uai,0.00244553,over_utai,0.00979796,over_utai,0.01049,over_ai,0.00688997,over_ai,0.00839038,countIP,1.13957e+11,countIP0,1.22322e+11,keysum,1.13065e+11,pktSum,5.10896e+11,aggrSum,6.68217e+08,blackkey_num,230392806,feedback,34,feedsumportion,0.676326,finger0,11,finger,15,time,308450,runTime,2837.93
line,47413486,total,0.00789717,total0,0.0818921,false,0.0016694,over,0.0060064,false0,0.0235115,over0,0.0845931,overaggr,0.00591345,overcuckoo,0.00198372,over_uai,0.0199603,over_uai,0.00332299,over_utai,0.0098016,over_utai,0.0104878,over_ai,0.00689617,over_ai,0.00838882,countIP,1.13999e+11,countIP0,1.22369e+11,keysum,1.13106e+11,pktSum,5.11075e+11,aggrSum,6.68848e+08,blackkey_num,231686562,feedback,34,feedsumportion,0.676326,finger0,11,finger,15,time,308450,runTime,2838.93
line,47430227,total,0.0079026,total0,0.0819081,false,0.00170204,over,0.0061234,false0,0.0235936,over0,0.0848824,overaggr,0.00591926,overcuckoo,0.00198334,over_uai,0.0258777,over_uai,0.0043769,over_utai,0.00980803,over_utai,0.0104861,over_ai,0.00690612,over_ai,0.00838762,countIP,1.14039e+11,countIP0,1.22412e+11,keysum,1.13145e+11,pktSum,5.11251e+11,aggrSum,6.69733e+08,blackkey_num,232704391,feedback,34,feedsumportion,0.676326,finger0,11,finger,15,time,308450,runTime,2839.93
line,47446667,total,0.00790669,total0,0.0819204,false,0.00172706,over,0.0062138,false0,0.0236517,over0,0.0850965,overaggr,0.00592369,overcuckoo,0.001983,over_uai,0.0217467,over_uai,0.00343194,over_utai,0.00981302,over_utai,0.010484,over_ai,0.00691419,over_ai,0.00838636,countIP,1.14081e+11,countIP0,1.22458e+11,keysum,1.13186e+11,pktSum,5.11441e+11,aggrSum,6.70478e+08,blackkey_num,233405025,feedback,34,feedsumportion,0.676326,finger0,11,finger,15,time,308450,runTime,2840.93
line,47463667,total,0.00790469,total0,0.0819153,false,0.00172048,over,0.00618719,false0,0.0236302,over0,0.084979,overaggr,0.00592181,overcuckoo,0.00198288,over_uai,0.00233733,over_uai,0.00451659,over_utai,0.00980965,over_utai,0.0104823,over_ai,0.00691115,over_ai,0.00838589,countIP,1.14121e+11,countIP0,1.22501e+11,keysum,1.13226e+11,pktSum,5.11616e+11,aggrSum,6.70503e+08,blackkey_num,235308146,feedback,38,feedsumportion,0.970628,finger0,11,finger,15,time,312091,runTime,2841.93
line,47480259,total,0.0079024,total0,0.0819332,false,0.00171261,over,0.00615582,false0,0.02373,over0,0.0852955,overaggr,0.00591982,overcuckoo,0.00198257,over_uai,0.000920347,over_uai,0.00284143,over_utai,0.00980581,over_utai,0.0104798,over_ai,0.00690827,over_ai,0.00838443,countIP,1.14162e+11,countIP0,1.22548e+11,keysum,1.13267e+11,pktSum,5.11795e+11,aggrSum,6.70523e+08,blackkey_num,237632211,feedback,38,feedsumportion,0.970628,finger0,11,finger,15,time,312091,runTime,2842.93
line,47496979,total,0.00789995,total0,0.0819353,false,0.00170505,over,0.00612274,false0,0.0237572,over0,0.0853109,overaggr,0.00591775,overcuckoo,0.0019822,over_uai,0.0013337,over_uai,0.0022533,over_utai,0.00980214,over_utai,0.0104765,over_ai,0.0069056,over_ai,0.00838202,countIP,1.14207e+11,countIP0,1.22596e+11,keysum,1.13311e+11,pktSum,5.11977e+11,aggrSum,6.70549e+08,blackkey_num,239506640,feedback,38,feedsumportion,0.970628,finger0,11,finger,15,time,312091,runTime,2843.93
line,47513815,total,0.00789845,total0,0.0819537,false,0.0017011,over,0.0061066,false0,0.0238541,over0,0.085631,overaggr,0.00591668,overcuckoo,0.00198177,over_uai,0.0076642,over_uai,0.00221258,over_utai,0.00980127,over_utai,0.0104736,over_ai,0.00690454,over_ai,0.00837985,countIP,1.14247e+11,countIP0,1.22642e+11,keysum,1.13352e+11,pktSum,5.12156e+11,aggrSum,6.70668e+08,blackkey_num,241481261,feedback,38,feedsumportion,0.970628,finger0,11,finger,15,time,312091,runTime,2844.93
line,47530482,total,0.007898,total0,0.081953,false,0.00170409,over,0.00611122,false0,0.0238669,over0,0.0855915,overaggr,0.00591673,overcuckoo,0.00198127,over_uai,0.00722133,over_uai,0.00210702,over_utai,0.00979982,over_utai,0.0104709,over_ai,0.00690504,over_ai,0.00837821,countIP,1.14292e+11,countIP0,1.2269e+11,keysum,1.13396e+11,pktSum,5.12338e+11,aggrSum,6.70936e+08,blackkey_num,243493489,feedback,38,feedsumportion,0.970628,finger0,11,finger,15,time,312091,runTime,2845.93
line,47547249,total,0.00789549,total0,0.081957,false,0.00169563,over,0.00607734,false0,0.0238944,over0,0.0856403,overaggr,0.00591467,overcuckoo,0.00198082,over_uai,0.0011986,over_uai,0.00177666,over_utai,0.00979612,over_utai,0.010468,over_ai,0.00690239,over_ai,0.00837603,countIP,1.14334e+11,countIP0,1.22736e+11,keysum,1.13439e+11,pktSum,5.12518e+11,aggrSum,6.70952e+08,blackkey_num,245513554,feedback,36,feedsumportion,0.827894,finger0,11,finger,15,time,312154,runTime,2846.93
line,47563813,total,0.00789301,total0,0.0819762,false,0.00168763,over,0.00604465,false0,0.0240008,over0,0.0859647,overaggr,0.00591266,overcuckoo,0.00198034,over_uai,0.00142365,over_uai,0.00201596,over_utai,0.00979238,over_utai,0.0104651,over_ai,0.00689964,over_ai,0.00837403,countIP,1.14377e+11,countIP0,1.22784e+11,keysum,1.13482e+11,pktSum,5.12701e+11,aggrSum,6.70979e+08,blackkey_num,247530127,feedback,36,feedsumportion,0.827894,finger0,11,finger,15,time,312154,runTime,2847.93
line,47580719,total,0.00789049,total0,0.0819685,false,0.00168018,over,0.00601186,false0,0.0239784,over0,0.0857971,overaggr,0.00591063,overcuckoo,0.00197986,over_uai,0.00136964,over_uai,0.00236334,over_utai,0.00978844,over_utai,0.0104628,over_ai,0.00689646,over_ai,0.00837252,countIP,1.14421e+11,countIP0,1.22831e+11,keysum,1.13525e+11,pktSum,5.12878e+11,aggrSum,6.71005e+08,blackkey_num,248872781,feedback,36,feedsumportion,0.827894,finger0,11,finger,15,time,312154,runTime,2848.93
line,47597148,total,0.00788837,total0,0.0819643,false,0.00167266,over,0.0059851,false0,0.0239499,over0,0.0856976,overaggr,0.00590893,overcuckoo,0.00197944,over_uai,0.00159417,over_uai,0.00236347,over_utai,0.00978467,over_utai,0.0104605,over_ai,0.00689382,over_ai,0.00837129,countIP,1.1446e+11,countIP0,1.22872e+11,keysum,1.13564e+11,pktSum,5.13055e+11,aggrSum,6.7104e+08,blackkey_num,250362848,feedback,36,feedsumportion,0.827894,finger0,11,finger,15,time,312154,runTime,2849.93
line,47613947,total,0.00788662,total0,0.0819732,false,0.0016688,over,0.00596646,false0,0.0240071,over0,0.0858323,overaggr,0.00590754,overcuckoo,0.00197908,over_uai,0.00474533,over_uai,0.00314302,over_utai,0.00978231,over_utai,0.0104582,over_ai,0.00689179,over_ai,0.00837001,countIP,1.14502e+11,countIP0,1.22919e+11,keysum,1.13606e+11,pktSum,5.13229e+11,aggrSum,6.71131e+08,blackkey_num,251865735,feedback,36,feedsumportion,0.827894,finger0,11,finger,15,time,312154,runTime,2850.93
line,47630580,total,0.0078909,total0,0.0819729,false,0.00169529,over,0.00605556,false0,0.0240205,over0,0.0858009,overaggr,0.00591204,overcuckoo,0.00197885,over_uai,0.0205093,over_uai,0.0040794,over_utai,0.00978713,over_utai,0.0104567,over_ai,0.00689977,over_ai,0.00836927,countIP,1.14546e+11,countIP0,1.22965e+11,keysum,1.13649e+11,pktSum,5.13405e+11,aggrSum,6.71898e+08,blackkey_num,252783783,feedback,33,feedsumportion,0.696134,finger0,11,finger,15,time,308424,runTime,2851.93
line,47647357,total,0.00790485,total0,0.0819907,false,0.00176824,over,0.00631394,false0,0.0241106,over0,0.0860928,overaggr,0.00592613,overcuckoo,0.00197873,over_uai,0.0514516,over_uai,0.00358278,over_utai,0.00980494,over_utai,0.0104545,over_ai,0.00692425,over_ai,0.00836858,countIP,1.14588e+11,countIP0,1.23011e+11,keysum,1.13689e+11,pktSum,5.13581e+11,aggrSum,6.73737e+08,blackkey_num,253604888,feedback,33,feedsumportion,0.696134,finger0,11,finger,15,time,308424,runTime,2852.93
line,47664086,total,0.00792235,total0,0.0819874,false,0.00185862,over,0.00663185,false0,0.0241042,over0,0.0860078,overaggr,0.00594393,overcuckoo,0.00197842,over_uai,0.0673738,over_uai,0.0027204,over_utai,0.00982832,over_utai,0.0104519,over_ai,0.00695535,over_ai,0.008367,countIP,1.14632e+11,countIP0,1.23055e+11,keysum,1.13731e+11,pktSum,5.13754e+11,aggrSum,6.76007e+08,blackkey_num,254437216,feedback,33,feedsumportion,0.696134,finger0,11,finger,15,time,308424,runTime,2853.93
line,47680826,total,0.00793963,total0,0.0819803,false,0.00194704,over,0.00694204,false0,0.0240809,over0,0.0858589,overaggr,0.00596149,overcuckoo,0.00197814,over_uai,0.0668476,over_uai,0.00277238,over_utai,0.00985152,over_utai,0.0104492,over_ai,0.00698606,over_ai,0.0083655,countIP,1.14675e+11,countIP0,1.23099e+11,keysum,1.13772e+11,pktSum,5.13924e+11,aggrSum,6.7825e+08,blackkey_num,255202601,feedback,33,feedsumportion,0.696134,finger0,11,finger,15,time,308424,runTime,2854.93
line,47697631,total,0.00794888,total0,0.0819917,false,0.00199611,over,0.00710934,false0,0.0241548,over0,0.0860296,overaggr,0.00597104,overcuckoo,0.00197784,over_uai,0.0414943,over_uai,0.00264422,over_utai,0.00986447,over_utai,0.0104466,over_ai,0.00700315,over_ai,0.00836338,countIP,1.1472e+11,countIP0,1.23148e+11,keysum,1.13816e+11,pktSum,5.14099e+11,aggrSum,6.79598e+08,blackkey_num,256125378,feedback,33,feedsumportion,0.696134,finger0,11,finger,15,time,308424,runTime,2855.93
line,47714276,total,0.00794674,total0,0.0819872,false,0.00198741,over,0.00707744,false0,0.0241294,over0,0.0859281,overaggr,0.00596917,overcuckoo,0.00197757,over_uai,0.000892664,over_uai,0.00300496,over_utai,0.00986066,over_utai,0.010444,over_ai,0.0070005,over_ai,0.00836193,countIP,1.1476e+11,countIP0,1.2319e+11,keysum,1.13856e+11,pktSum,5.14278e+11,aggrSum,6.79623e+08,blackkey_num,257844926,feedback,39,feedsumportion,0.989097,finger0,11,finger,15,time,311642,runTime,2856.93
line,47730803,total,0.00794462,total0,0.0819914,false,0.0019788,over,0.00704616,false0,0.0241454,over0,0.0859772,overaggr,0.00596732,overcuckoo,0.0019773,over_uai,0.00105427,over_uai,0.00317185,over_utai,0.00985696,over_utai,0.010442,over_ai,0.00699777,over_ai,0.00836086,countIP,1.14799e+11,countIP0,1.23233e+11,keysum,1.13894e+11,pktSum,5.14452e+11,aggrSum,6.79644e+08,blackkey_num,260349559,feedback,39,feedsumportion,0.989097,finger0,11,finger,15,time,311642,runTime,2857.93
line,47747909,total,0.00794203,total0,0.0820019,false,0.00197076,over,0.0070079,false0,0.0242211,over0,0.0861289,overaggr,0.00596516,overcuckoo,0.00197687,over_uai,0.000890189,over_uai,0.0023568,over_utai,0.00985277,over_utai,0.0104395,over_ai,0.00699461,over_ai,0.0083592,countIP,1.14844e+11,countIP0,1.23282e+11,keysum,1.13939e+11,pktSum,5.14624e+11,aggrSum,6.79664e+08,blackkey_num,261972821,feedback,39,feedsumportion,0.989097,finger0,11,finger,15,time,311642,runTime,2858.93
line,47764817,total,0.00793995,total0,0.0820035,false,0.00196148,over,0.00697755,false0,0.0242135,over0,0.0861343,overaggr,0.00596345,overcuckoo,0.0019765,over_uai,0.00140049,over_uai,0.00225568,over_utai,0.00984952,over_utai,0.0104371,over_ai,0.00699206,over_ai,0.00835804,countIP,1.1488e+11,countIP0,1.23321e+11,keysum,1.13975e+11,pktSum,5.14797e+11,aggrSum,6.79684e+08,blackkey_num,263525518,feedback,39,feedsumportion,0.989097,finger0,11,finger,15,time,311642,runTime,2859.93
line,47781636,total,0.00793733,total0,0.0820138,false,0.00195223,over,0.00693944,false0,0.0242733,over0,0.0862824,overaggr,0.00596142,overcuckoo,0.00197591,over_uai,0.00130029,over_uai,0.00151689,over_utai,0.00984591,over_utai,0.0104339,over_ai,0.00698936,over_ai,0.00835552,countIP,1.14923e+11,countIP0,1.23369e+11,keysum,1.14018e+11,pktSum,5.14973e+11,aggrSum,6.79707e+08,blackkey_num,264878252,feedback,39,feedsumportion,0.989097,finger0,11,finger,15,time,311642,runTime,2860.93
line,47798200,total,0.00793507,total0,0.0820081,false,0.00194305,over,0.00690698,false0,0.0242393,over0,0.0861635,overaggr,0.00595969,overcuckoo,0.00197538,over_uai,0.00137938,over_uai,0.00181428,over_utai,0.00984215,over_utai,0.0104315,over_ai,0.00698678,over_ai,0.00835385,countIP,1.1496e+11,countIP0,1.23409e+11,keysum,1.14055e+11,pktSum,5.15146e+11,aggrSum,6.79735e+08,blackkey_num,266458490,feedback,35,feedsumportion,0.582819,finger0,11,finger,15,time,311677,runTime,2861.93
line,47814775,total,0.00793274,total0,0.0820086,false,0.00193518,over,0.00687437,false0,0.0242507,over0,0.0861461,overaggr,0.00595783,overcuckoo,0.00197491,over_uai,0.001743,over_uai,0.00224162,over_utai,0.00983854,over_utai,0.0104291,over_ai,0.00698396,over_ai,0.00835246,countIP,1.15002e+11,countIP0,1.23454e+11,keysum,1.14097e+11,pktSum,5.15318e+11,aggrSum,6.79769e+08,blackkey_num,268079406,feedback,35,feedsumportion,0.582819,finger0,11,finger,15,time,311677,runTime,2862.93
line,47831259,total,0.00793,total0,0.0820352,false,0.00192681,over,0.00683592,false0,0.0243984,over0,0.0865607,overaggr,0.00595569,overcuckoo,0.00197431,over_uai,0.0020117,over_uai,0.00153838,over_utai,0.00983486,over_utai,0.0104262,over_ai,0.00698082,over_ai,0.00835021,countIP,1.15048e+11,countIP0,1.23506e+11,keysum,1.14143e+11,pktSum,5.15495e+11,aggrSum,6.79797e+08,blackkey_num,269874962,feedback,35,feedsumportion,0.582819,finger0,11,finger,15,time,311677,runTime,2863.93
line,47848173,total,0.0079277,total0,0.0820286,false,0.00191947,over,0.00680485,false0,0.0243777,over0,0.086423,overaggr,0.00595378,overcuckoo,0.00197392,over_uai,0.00332316,over_uai,0.00266536,over_utai,0.0098317,over_utai,0.0104238,over_ai,0.00697791,over_ai,0.0083487,countIP,1.15091e+11,countIP0,1.23552e+11,keysum,1.14186e+11,pktSum,5.15674e+11,aggrSum,6.79838e+08,blackkey_num,271366018,feedback,35,feedsumportion,0.582819,finger0,11,finger,15,time,311677,runTime,2864.93
line,47864591,total,0.00792518,total0,0.0820468,false,0.00191116,over,0.00677045,false0,0.0244718,over0,0.0866936,overaggr,0.00595189,overcuckoo,0.00197329,over_uai,0.00287734,over_uai,0.00102372,over_utai,0.00982869,over_utai,0.0104208,over_ai,0.00697541,over_ai,0.00834621,countIP,1.15134e+11,countIP0,1.23601e+11,keysum,1.14229e+11,pktSum,5.15851e+11,aggrSum,6.79878e+08,blackkey_num,273072097,feedback,35,feedsumportion,0.582819,finger0,11,finger,15,time,311677,runTime,2865.93
line,47881144,total,0.00792286,total0,0.0820444,false,0.00190228,over,0.00673898,false0,0.0244538,over0,0.0866293,overaggr,0.00595011,overcuckoo,0.00197275,over_uai,0.00139307,over_uai,0.00137263,over_utai,0.00982531,over_utai,0.010418,over_ai,0.00697293,over_ai,0.00834396,countIP,1.15173e+11,countIP0,1.23642e+11,keysum,1.14267e+11,pktSum,5.16027e+11,aggrSum,6.79904e+08,blackkey_num,274742428,feedback,34,feedsumportion,0.617995,finger0,11,finger,15,time,312300,runTime,2866.93
line,47897784,total,0.00792082,total0,0.0820432,false,0.00189606,over,0.00671298,false0,0.024455,over0,0.086583,overaggr,0.00594807,overcuckoo,0.00197275,over_uai,0.00282653,over_uai,0.00151543,over_utai,0.00982227,over_utai,0.0104151,over_ai,0.00697116,over_ai,0.00834156,countIP,1.15215e+11,countIP0,1.23688e+11,keysum,1.1431e+11,pktSum,5.16204e+11,aggrSum,6.79922e+08,blackkey_num,276410338,feedback,34,feedsumportion,0.617995,finger0,11,finger,15,time,312300,runTime,2867.93
line,47914467,total,0.00791821,total0,0.0820522,false,0.00188678,over,0.00667801,false0,0.0244963,over0,0.0867013,overaggr,0.00594603,overcuckoo,0.00197218,over_uai,0.00115348,over_uai,0.00132308,over_utai,0.00981855,over_utai,0.010412,over_ai,0.00696854,over_ai,0.008339,countIP,1.15257e+11,countIP0,1.23735e+11,keysum,1.14352e+11,pktSum,5.16388e+11,aggrSum,6.7994e+08,blackkey_num,279020058,feedback,34,feedsumportion,0.617995,finger0,11,finger,15,time,312300,runTime,2868.93
line,47931559,total,0.00791562,total0,0.0820478,false,0.00187782,over,0.00664377,false0,0.0244778,over0,0.0866032,overaggr,0.00594404,overcuckoo,0.00197158,over_uai,0.00108771,over_uai,0.00148502,over_utai,0.00981463,over_utai,0.0104095,over_ai,0.00696555,over_ai,0.00833714,countIP,1.15299e+11,countIP0,1.2378e+11,keysum,1.14394e+11,pktSum,5.16568e+11,aggrSum,6.79961e+08,blackkey_num,281041728,feedback,34,feedsumportion,0.617995,finger0,11,finger,15,time,312300,runTime,2869.93
line,47948391,total,0.00791287,total0,0.0820603,false,0.00187007,over,0.00660825,false0,0.0245556,over0,0.0867721,overaggr,0.0059419,overcuckoo,0.00197097,over_uai,0.00173905,over_uai,0.00142269,over_utai,0.00981108,over_utai,0.0104061,over_ai,0.00696292,over_ai,0.00833413,countIP,1.15346e+11,countIP0,1.23831e+11,keysum,1.1444e+11,pktSum,5.16748e+11,aggrSum,6.79993e+08,blackkey_num,283107650,feedback,34,feedsumportion,0.617995,finger0,11,finger,15,time,312300,runTime,2870.93
line,47965404,total,0.00792025,total0,0.0820738,false,0.00190834,over,0.00673386,false0,0.0246425,over0,0.086955,overaggr,0.00594937,overcuckoo,0.00197088,over_uai,0.0306263,over_uai,0.00151497,over_utai,0.00982092,over_utai,0.0104031,over_ai,0.00697718,over_ai,0.00833197,countIP,1.15395e+11,countIP0,1.23885e+11,keysum,1.14488e+11,pktSum,5.16929e+11,aggrSum,6.81133e+08,blackkey_num,283997103,feedback,34,feedsumportion,0.658403,finger0,11,finger,15,time,313111,runTime,2871.93
line,47982209,total,0.00793554,total0,0.0820805,false,0.00198121,over,0.00698248,false0,0.0246934,over0,0.0870281,overaggr,0.00596529,overcuckoo,0.00197025,over_uai,0.0522891,over_uai,0.0014453,over_utai,0.00984146,over_utai,0.0103998,over_ai,0.00700514,over_ai,0.00832953,countIP,1.15446e+11,countIP0,1.23938e+11,keysum,1.14537e+11,pktSum,5.17118e+11,aggrSum,6.83246e+08,blackkey_num,284756167,feedback,34,feedsumportion,0.658403,finger0,11,finger,15,time,313111,runTime,2872.93
line,47999319,total,0.00793989,total0,0.0820855,false,0.00200523,over,0.00705669,false0,0.0247432,over0,0.087075,overaggr,0.00597007,overcuckoo,0.00196983,over_uai,0.0243534,over_uai,0.00203076,over_utai,0.00984715,over_utai,0.0103963,over_ai,0.00701406,over_ai,0.00832731,countIP,1.15493e+11,countIP0,1.23989e+11,keysum,1.14583e+11,pktSum,5.1729e+11,aggrSum,6.84071e+08,blackkey_num,285561084,feedback,34,feedsumportion,0.658403,finger0,11,finger,15,time,313111,runTime,2873.93
line,48016334,total,0.00794417,total0,0.0820776,false,0.00202873,over,0.00712879,false0,0.0247361,over0,0.0869208,overaggr,0.00597488,overcuckoo,0.00196929,over_uai,0.02151,over_uai,0.00483789,over_utai,0.00985185,over_utai,0.0103945,over_ai,0.00702183,over_ai,0.00832652,countIP,1.1554e+11,countIP0,1.24038e+11,keysum,1.1463e+11,pktSum,5.17461e+11,aggrSum,6.84898e+08,blackkey_num,286244715,feedback,34,feedsumportion,0.658403,finger0,11,finger,15,time,313111,runTime,2874.93
line,48033183,total,0.00794775,total0,0.0820952,false,0.00204774,over,0.00718917,false0,0.024827,over0,0.0871622,overaggr,0.00597897,overcuckoo,0.00196878,over_uai,0.0191595,over_uai,0.00565737,over_utai,0.00985537,over_utai,0.0103926,over_ai,0.00702798,over_ai,0.00832632,countIP,1.15587e+11,countIP0,1.2409e+11,keysum,1.14676e+11,pktSum,5.17645e+11,aggrSum,6.85641e+08,blackkey_num,286968074,feedback,34,feedsumportion,0.658403,finger0,11,finger,15,time,313111,runTime,2875.93
line,48049780,total,0.00794514,total0,0.0820869,false,0.00203774,over,0.00715342,false0,0.0247848,over0,0.0870061,overaggr,0.00597688,overcuckoo,0.00196826,over_uai,0.00106058,over_uai,0.00280173,over_utai,0.00985166,over_utai,0.0103897,over_ai,0.00702516,over_ai,0.00832412,countIP,1.15629e+11,countIP0,1.24135e+11,keysum,1.14718e+11,pktSum,5.17834e+11,aggrSum,6.85656e+08,blackkey_num,288271456,feedback,34,feedsumportion,0.985379,finger0,11,finger,15,time,371283,runTime,2876.93
line,48066032,total,0.00794284,total0,0.0820818,false,0.00202772,over,0.0071222,false0,0.0247416,over0,0.0869029,overaggr,0.00597509,overcuckoo,0.00196775,over_uai,0.00114593,over_uai,0.00169254,over_utai,0.00984787,over_utai,0.0103865,over_ai,0.00702251,over_ai,0.00832226,countIP,1.15667e+11,countIP0,1.24175e+11,keysum,1.14756e+11,pktSum,5.18019e+11,aggrSum,6.85677e+08,blackkey_num,289461834,feedback,34,feedsumportion,0.985379,finger0,11,finger,15,time,371283,runTime,2877.93
line,48082813,total,0.0079404,total0,0.0821055,false,0.00201944,over,0.00708946,false0,0.0248498,over0,0.0872379,overaggr,0.0059731,overcuckoo,0.0019673,over_uai,0.000951951,over_uai,0.0025537,over_utai,0.00984417,over_utai,0.0103839,over_ai,0.00701986,over_ai,0.00832017,countIP,1.15709e+11,countIP0,1.24223e+11,keysum,1.14797e+11,pktSum,5.18193e+11,aggrSum,6.85695e+08,blackkey_num,290853186,feedback,34,feedsumportion,0.985379,finger0,11,finger,15,time,371283,runTime,2878.93
line,48099811,total,0.00793791,total0,0.0821087,false,0.00201087,over,0.00705643,false0,0.0248661,over0,0.0872588,overaggr,0.00597109,overcuckoo,0.00196682,over_uai,0.00165567,over_uai,0.00729522,over_utai,0.00984024,over_utai,0.0103829,over_ai,0.00701686,over_ai,0.00831865,countIP,1.1575e+11,countIP0,1.24268e+11,keysum,1.14839e+11,pktSum,5.18369e+11,aggrSum,6.85713e+08,blackkey_num,292290345,feedback,34,feedsumportion,0.985379,finger0,11,finger,15,time,371283,runTime,2879.93
line,48116822,total,0.00793533,total0,0.0821011,false,0.00200226,over,0.00702245,false0,0.0248382,over0,0.0871141,overaggr,0.00596905,overcuckoo,0.00196628,over_uai,0.00136438,over_uai,0.00587082,over_utai,0.0098364,over_utai,0.0103812,over_ai,0.00701383,over_ai,0.00831671,countIP,1.15794e+11,countIP0,1.24314e+11,keysum,1.14882e+11,pktSum,5.18549e+11,aggrSum,6.85735e+08,blackkey_num,294349982,feedback,34,feedsumportion,0.985379,finger0,11,finger,15,time,371283,runTime,2880.93
line,48133586,total,0.00793277,total0,0.0821122,false,0.00199353,over,0.00698912,false0,0.0248876,over0,0.0872534,overaggr,0.00596704,overcuckoo,0.00196572,over_uai,0.000943982,over_uai,0.00167781,over_utai,0.00983264,over_utai,0.0103782,over_ai,0.00701093,over_ai,0.00831477,countIP,1.15836e+11,countIP0,1.24361e+11,keysum,1.14924e+11,pktSum,5.1873e+11,aggrSum,6.85759e+08,blackkey_num,296136458,feedback,32,feedsumportion,0.431183,finger0,11,finger,15,time,314049,runTime,2881.93
line,48150604,total,0.00793039,total0,0.0821085,false,0.00198568,over,0.00695874,false0,0.0248743,over0,0.0871707,overaggr,0.00596507,overcuckoo,0.00196532,over_uai,0.00118586,over_uai,0.00210081,over_utai,0.00982894,over_utai,0.0103755,over_ai,0.00700824,over_ai,0.00831287,countIP,1.15878e+11,countIP0,1.24406e+11,keysum,1.14966e+11,pktSum,5.18906e+11,aggrSum,6.85781e+08,blackkey_num,298139923,feedback,32,feedsumportion,0.431183,finger0,11,finger,15,time,314049,runTime,2882.93
line,48167595,total,0.00792749,total0,0.0821072,false,0.00197763,over,0.00692179,false0,0.024891,over0,0.0871196,overaggr,0.00596271,overcuckoo,0.00196477,over_uai,0.000972442,over_uai,0.00195131,over_utai,0.00982462,over_utai,0.0103721,over_ai,0.00700492,over_ai,0.00831059,countIP,1.15927e+11,countIP0,1.24458e+11,keysum,1.15015e+11,pktSum,5.19092e+11,aggrSum,6.858e+08,blackkey_num,301250404,feedback,32,feedsumportion,0.431183,finger0,11,finger,15,time,314049,runTime,2883.93
line,48184517,total,0.00792472,total0,0.0821178,false,0.00196898,over,0.00688659,false0,0.0249454,over0,0.0872477,overaggr,0.0059606,overcuckoo,0.00196412,over_uai,0.00110159,over_uai,0.00101164,over_utai,0.00982104,over_utai,0.0103686,over_ai,0.00700225,over_ai,0.00830782,countIP,1.15971e+11,countIP0,1.24507e+11,keysum,1.15059e+11,pktSum,5.1927e+11,aggrSum,6.8582e+08,blackkey_num,304226471,feedback,32,feedsumportion,0.431183,finger0,11,finger,15,time,314049,runTime,2884.93
line,48201422,total,0.00792211,total0,0.0821271,false,0.00196093,over,0.00685401,false0,0.0249926,over0,0.0873563,overaggr,0.00595856,overcuckoo,0.00196355,over_uai,0.000791576,over_uai,0.00135929,over_utai,0.00981774,over_utai,0.010365,over_ai,0.00699969,over_ai,0.00830524,countIP,1.16014e+11,countIP0,1.24555e+11,keysum,1.15102e+11,pktSum,5.19445e+11,aggrSum,6.85841e+08,blackkey_num,306075618,feedback,32,feedsumportion,0.431183,finger0,11,finger,15,time,314049,runTime,2885.93
line,48218186,total,0.00791993,total0,0.0821217,false,0.00195275,over,0.00682721,false0,0.0249558,over0,0.0872509,overaggr,0.00595673,overcuckoo,0.0019632,over_uai,0.00111277,over_uai,0.00229702,over_utai,0.00981413,over_utai,0.0103628,over_ai,0.00699699,over_ai,0.00830384,countIP,1.16052e+11,countIP0,1.24595e+11,keysum,1.1514e+11,pktSum,5.19624e+11,aggrSum,6.85856e+08,blackkey_num,308571326,feedback,30,feedsumportion,0.568205,finger0,11,finger,15,time,314033,runTime,2886.93
line,48234654,total,0.00791976,total0,0.0821287,false,0.001954,over,0.00683049,false0,0.0249814,over0,0.0873264,overaggr,0.00595699,overcuckoo,0.00196277,over_uai,0.00856218,over_uai,0.00211672,over_utai,0.00981346,over_utai,0.0103603,over_ai,0.006998,over_ai,0.00830221,countIP,1.16093e+11,countIP0,1.24641e+11,keysum,1.15181e+11,pktSum,5.19805e+11,aggrSum,6.86132e+08,blackkey_num,310459262,feedback,30,feedsumportion,0.568205,finger0,11,finger,15,time,314033,runTime,2887.93
line,48251631,total,0.00793414,total0,0.0821377,false,0.00201533,over,0.00704413,false0,0.0250143,over0,0.0874318,overaggr,0.00597185,overcuckoo,0.0019623,over_uai,0.0524353,over_uai,0.00189956,over_utai,0.0098324,over_utai,0.010358,over_ai,0.00702378,over_ai,0.00830078,countIP,1.16135e+11,countIP0,1.24684e+11,keysum,1.15221e+11,pktSum,5.1998e+11,aggrSum,6.88079e+08,blackkey_num,312052365,feedback,30,feedsumportion,0.568205,finger0,11,finger,15,time,314033,runTime,2888.93
line,48268236,total,0.00793183,total0,0.0821361,false,0.00200784,over,0.00701552,false0,0.0250083,over0,0.0873807,overaggr,0.0059699,overcuckoo,0.00196193,over_uai,0.00154836,over_uai,0.00232954,over_utai,0.00982851,over_utai,0.0103554,over_ai,0.00702083,over_ai,0.0082994,countIP,1.16177e+11,countIP0,1.2473e+11,keysum,1.15262e+11,pktSum,5.20158e+11,aggrSum,6.88106e+08,blackkey_num,313417777,feedback,30,feedsumportion,0.568205,finger0,11,finger,15,time,314033,runTime,2889.93
line,48284871,total,0.00792995,total0,0.0821524,false,0.00200154,over,0.00699318,false0,0.0250688,over0,0.0875879,overaggr,0.00596794,overcuckoo,0.00196201,over_uai,0.00140072,over_uai,0.00468718,over_utai,0.00982476,over_utai,0.0103536,over_ai,0.00701803,over_ai,0.00829894,countIP,1.16218e+11,countIP0,1.24776e+11,keysum,1.15304e+11,pktSum,5.20342e+11,aggrSum,6.88125e+08,blackkey_num,315008906,feedback,30,feedsumportion,0.568205,finger0,11,finger,15,time,314033,runTime,2890.93
line,48301324,total,0.00792761,total0,0.0821429,false,0.0019942,over,0.00696489,false0,0.025031,over0,0.0874226,overaggr,0.00596595,overcuckoo,0.00196166,over_uai,0.00120299,over_uai,0.00361259,over_utai,0.00982091,over_utai,0.0103515,over_ai,0.0070152,over_ai,0.00829737,countIP,1.16261e+11,countIP0,1.24822e+11,keysum,1.15347e+11,pktSum,5.20527e+11,aggrSum,6.88155e+08,blackkey_num,316636118,feedback,35,feedsumportion,0.972774,finger0,11,finger,15,time,314536,runTime,2891.93
line,48317576,total,0.00792524,total0,0.0821482,false,0.00198674,over,0.00693635,false0,0.0250533,over0,0.0874692,overaggr,0.00596399,overcuckoo,0.00196125,over_uai,0.00143619,over_uai,0.00243254,over_utai,0.00981734,over_utai,0.0103486,over_ai,0.0070126,over_ai,0.00829538,countIP,1.16304e+11,countIP0,1.24869e+11,keysum,1.1539e+11,pktSum,5.20709e+11,aggrSum,6.88184e+08,blackkey_num,318155362,feedback,35,feedsumportion,0.972774,finger0,11,finger,15,time,314536,runTime,2892.93
line,48334158,total,0.00792288,total0,0.0821453,false,0.00198018,over,0.00690819,false0,0.0250528,over0,0.0874009,overaggr,0.00596209,overcuckoo,0.00196079,over_uai,0.001285,over_uai,0.00230682,over_utai,0.0098136,over_utai,0.0103456,over_ai,0.00700995,over_ai,0.0082932,countIP,1.16348e+11,countIP0,1.24916e+11,keysum,1.15434e+11,pktSum,5.20884e+11,aggrSum,6.88226e+08,blackkey_num,320173744,feedback,35,feedsumportion,0.972774,finger0,11,finger,15,time,314536,runTime,2893.93
line,48350774,total,0.00792042,total0,0.0821387,false,0.00197312,over,0.00687904,false0,0.0250345,over0,0.0872798,overaggr,0.00596013,overcuckoo,0.00196029,over_uai,0.00141049,over_uai,0.0026825,over_utai,0.00980929,over_utai,0.0103429,over_ai,0.00700751,over_ai,0.00829072,countIP,1.16392e+11,countIP0,1.24962e+11,keysum,1.15477e+11,pktSum,5.21061e+11,aggrSum,6.8826e+08,blackkey_num,322099815,feedback,35,feedsumportion,0.972774,finger0,11,finger,15,time,314536,runTime,2894.93
line,48367833,total,0.0079181,total0,0.082149,false,0.00196754,over,0.00685246,false0,0.0250937,over0,0.0873951,overaggr,0.00595819,overcuckoo,0.00195991,over_uai,0.00151971,over_uai,0.00706257,over_utai,0.00980468,over_utai,0.0103416,over_ai,0.00700471,over_ai,0.00828911,countIP,1.16438e+11,countIP0,1.25013e+11,keysum,1.15523e+11,pktSum,5.21237e+11,aggrSum,6.8831e+08,blackkey_num,323485888,feedback,35,feedsumportion,0.972774,finger0,11,finger,15,time,314536,runTime,2895.93
line,48384575,total,0.00791591,total0,0.0821452,false,0.00196178,over,0.00682748,false0,0.0250887,over0,0.087315,overaggr,0.00595631,overcuckoo,0.0019596,over_uai,0.00105079,over_uai,0.00384255,over_utai,0.00980005,over_utai,0.0103393,over_ai,0.00700184,over_ai,0.00828797,countIP,1.16482e+11,countIP0,1.2506e+11,keysum,1.15567e+11,pktSum,5.21411e+11,aggrSum,6.88351e+08,blackkey_num,325033454,feedback,36,feedsumportion,0.653252,finger0,11,finger,15,time,313596,runTime,2896.93
line,48401378,total,0.00791413,total0,0.0821446,false,0.00195728,over,0.00680826,false0,0.0250922,over0,0.0872811,overaggr,0.00595483,overcuckoo,0.0019593,over_uai,0.00168199,over_uai,0.00487107,over_utai,0.00979622,over_utai,0.0103376,over_ai,0.0069991,over_ai,0.0082876,countIP,1.16523e+11,countIP0,1.25105e+11,keysum,1.15608e+11,pktSum,5.21582e+11,aggrSum,6.88428e+08,blackkey_num,326530217,feedback,36,feedsumportion,0.653252,finger0,11,finger,15,time,313596,runTime,2897.93
line,48418172,total,0.00791171,total0,0.0821522,false,0.00195107,over,0.00678079,false0,0.0251358,over0,0.0873576,overaggr,0.00595277,overcuckoo,0.00195893,over_uai,0.00100619,over_uai,0.00299606,over_utai,0.00979176,over_utai,0.0103349,over_ai,0.00699621,over_ai,0.00828593,countIP,1.16568e+11,countIP0,1.25155e+11,keysum,1.15653e+11,pktSum,5.21759e+11,aggrSum,6.88459e+08,blackkey_num,328363703,feedback,36,feedsumportion,0.653252,finger0,11,finger,15,time,313596,runTime,2898.93
line,48435025,total,0.00790908,total0,0.0821619,false,0.0019443,over,0.00675099,false0,0.0251894,over0,0.0874626,overaggr,0.00595059,overcuckoo,0.00195849,over_uai,0.00117952,over_uai,0.00260222,over_utai,0.00978698,over_utai,0.0103324,over_ai,0.00699292,over_ai,0.00828426,countIP,1.16615e+11,countIP0,1.25206e+11,keysum,1.157e+11,pktSum,5.21939e+11,aggrSum,6.88482e+08,blackkey_num,330040148,feedback,36,feedsumportion,0.653252,finger0,11,finger,15,time,313596,runTime,2899.93
line,48451530,total,0.00790675,total0,0.0821662,false,0.00193701,over,0.00672478,false0,0.0252023,over0,0.0874958,overaggr,0.00594872,overcuckoo,0.00195802,over_uai,0.00101059,over_uai,0.00256126,over_utai,0.00978286,over_utai,0.0103302,over_ai,0.00699003,over_ai,0.00828277,countIP,1.16656e+11,countIP0,1.25251e+11,keysum,1.15741e+11,pktSum,5.2212e+11,aggrSum,6.88511e+08,blackkey_num,331508723,feedback,36,feedsumportion,0.653252,finger0,11,finger,15,time,313596,runTime,2900.93
line,48468292,total,0.00791134,total0,0.0821806,false,0.00195728,over,0.00679303,false0,0.0252588,over0,0.0876642,overaggr,0.00595375,overcuckoo,0.00195759,over_uai,0.0287928,over_uai,0.00241781,over_utai,0.00978911,over_utai,0.0103276,over_ai,0.00699949,over_ai,0.00828051,countIP,1.16699e+11,countIP0,1.25298e+11,keysum,1.15783e+11,pktSum,5.22298e+11,aggrSum,6.89343e+08,blackkey_num,332176812,feedback,35,feedsumportion,0.682622,finger0,11,finger,15,time,313311,runTime,2901.93
line,48485042,total,0.00791539,total0,0.0821744,false,0.00197608,over,0.00685365,false0,0.0252435,over0,0.0875524,overaggr,0.00595807,overcuckoo,0.00195733,over_uai,0.0258313,over_uai,0.00273063,over_utai,0.00979459,over_utai,0.0103248,over_ai,0.00700783,over_ai,0.00827833,countIP,1.16744e+11,countIP0,1.25345e+11,keysum,1.15827e+11,pktSum,5.22477e+11,aggrSum,6.90107e+08,blackkey_num,333111788,feedback,35,feedsumportion,0.682622,finger0,11,finger,15,time,313311,runTime,2902.93
line,48501764,total,0.00791874,total0,0.0821735,false,0.00199347,over,0.00690459,false0,0.0252654,over0,0.0875096,overaggr,0.00596191,overcuckoo,0.00195683,over_uai,0.0187956,over_uai,0.00215742,over_utai,0.00979798,over_utai,0.0103218,over_ai,0.00701516,over_ai,0.00827596,countIP,1.16794e+11,countIP0,1.25398e+11,keysum,1.15876e+11,pktSum,5.22654e+11,aggrSum,6.90842e+08,blackkey_num,333887077,feedback,35,feedsumportion,0.682622,finger0,11,finger,15,time,313311,runTime,2903.93
line,48518743,total,0.00792241,total0,0.0821752,false,0.00201085,over,0.00695906,false0,0.025285,over0,0.0875052,overaggr,0.00596604,overcuckoo,0.00195638,over_uai,0.0237331,over_uai,0.00292232,over_utai,0.00980313,over_utai,0.0103192,over_ai,0.00702261,over_ai,0.00827408,countIP,1.16839e+11,countIP0,1.25446e+11,keysum,1.15921e+11,pktSum,5.22827e+11,aggrSum,6.91586e+08,blackkey_num,334636086,feedback,35,feedsumportion,0.682622,finger0,11,finger,15,time,313311,runTime,2904.93
line,48535554,total,0.00792612,total0,0.0821769,false,0.00202749,over,0.0070132,false0,0.0252962,over0,0.087501,overaggr,0.00597018,overcuckoo,0.00195594,over_uai,0.0279217,over_uai,0.00216203,over_utai,0.00980885,over_utai,0.0103164,over_ai,0.0070304,over_ai,0.008272,countIP,1.16883e+11,countIP0,1.25493e+11,keysum,1.15963e+11,pktSum,5.23004e+11,aggrSum,6.92322e+08,blackkey_num,335662564,feedback,35,feedsumportion,0.682622,finger0,11,finger,15,time,313311,runTime,2905.93
line,48552263,total,0.00792396,total0,0.0822094,false,0.0020218,over,0.00698911,false0,0.0254294,over0,0.0879061,overaggr,0.00596848,overcuckoo,0.00195549,over_uai,0.00163038,over_uai,0.00250364,over_utai,0.00980518,over_utai,0.0103135,over_ai,0.00702821,over_ai,0.00826991,countIP,1.16926e+11,countIP0,1.25544e+11,keysum,1.16007e+11,pktSum,5.23178e+11,aggrSum,6.92384e+08,blackkey_num,337230963,feedback,35,feedsumportion,0.976241,finger0,11,finger,15,time,433536,runTime,2906.93
line,48569119,total,0.00792188,total0,0.0822147,false,0.00201491,over,0.00696579,false0,0.0254405,over0,0.0879508,overaggr,0.00596669,overcuckoo,0.00195519,over_uai,0.000904122,over_uai,0.00292786,over_utai,0.00980091,over_utai,0.0103112,over_ai,0.00702562,over_ai,0.0082686,countIP,1.16965e+11,countIP0,1.25587e+11,keysum,1.16046e+11,pktSum,5.23355e+11,aggrSum,6.9241e+08,blackkey_num,338682192,feedback,35,feedsumportion,0.976241,finger0,11,finger,15,time,433536,runTime,2907.93
line,48585816,total,0.0079205,total0,0.0822238,false,0.00201075,over,0.00695181,false0,0.0254664,over0,0.0880456,overaggr,0.00596555,overcuckoo,0.00195494,over_uai,0.00345444,over_uai,0.00283056,over_utai,0.00979785,over_utai,0.0103088,over_ai,0.00702425,over_ai,0.00826739,countIP,1.17005e+11,countIP0,1.2563e+11,keysum,1.16085e+11,pktSum,5.23531e+11,aggrSum,6.92512e+08,blackkey_num,340299479,feedback,35,feedsumportion,0.976241,finger0,11,finger,15,time,433536,runTime,2908.93
line,48602226,total,0.00791844,total0,0.0822285,false,0.00200512,over,0.00692959,false0,0.0254862,over0,0.0880789,overaggr,0.00596383,overcuckoo,0.00195461,over_uai,0.00366685,over_uai,0.00263782,over_utai,0.00979447,over_utai,0.010306,over_ai,0.00702189,over_ai,0.00826568,countIP,1.17048e+11,countIP0,1.25677e+11,keysum,1.16128e+11,pktSum,5.2371e+11,aggrSum,6.92568e+08,blackkey_num,342042649,feedback,35,feedsumportion,0.976241,finger0,11,finger,15,time,433536,runTime,2909.93
line,48619038,total,0.00791632,total0,0.0822259,false,0.00199829,over,0.00690614,false0,0.0254684,over0,0.0880194,overaggr,0.00596201,overcuckoo,0.00195431,over_uai,0.000808057,over_uai,0.00298253,over_utai,0.00979051,over_utai,0.0103039,over_ai,0.00701923,over_ai,0.00826442,countIP,1.17086e+11,countIP0,1.25719e+11,keysum,1.16167e+11,pktSum,5.23884e+11,aggrSum,6.92587e+08,blackkey_num,343542603,feedback,35,feedsumportion,0.976241,finger0,11,finger,15,time,433536,runTime,2910.93
line,48635433,total,0.00791429,total0,0.0822369,false,0.00199231,over,0.00688461,false0,0.0255048,over0,0.0881343,overaggr,0.00596038,overcuckoo,0.00195391,over_uai,0.00235379,over_uai,0.0175786,over_utai,0.00978689,over_utai,0.010306,over_ai,0.00701696,over_ai,0.00826267,countIP,1.17129e+11,countIP0,1.25766e+11,keysum,1.16209e+11,pktSum,5.24069e+11,aggrSum,6.92651e+08,blackkey_num,344839798,feedback,31,feedsumportion,0.746835,finger0,11,finger,15,time,315015,runTime,2911.93
line,48652211,total,0.00791225,total0,0.0822329,false,0.00198605,over,0.00686284,false0,0.025483,over0,0.088057,overaggr,0.00595873,overcuckoo,0.00195352,over_uai,0.0015573,over_uai,0.00376587,over_utai,0.00978307,over_utai,0.0103039,over_ai,0.00701479,over_ai,0.00826077,countIP,1.17169e+11,countIP0,1.25809e+11,keysum,1.16249e+11,pktSum,5.24247e+11,aggrSum,6.92698e+08,blackkey_num,346841042,feedback,31,feedsumportion,0.746835,finger0,11,finger,15,time,315015,runTime,2912.93
line,48668845,total,0.00791006,total0,0.0822283,false,0.00197952,over,0.00683942,false0,0.0254613,over0,0.0879711,overaggr,0.00595704,overcuckoo,0.00195302,over_uai,0.00383911,over_uai,0.00909162,over_utai,0.00978042,over_utai,0.0103034,over_ai,0.00701265,over_ai,0.0082585,countIP,1.1721e+11,countIP0,1.25853e+11,keysum,1.1629e+11,pktSum,5.24425e+11,aggrSum,6.92746e+08,blackkey_num,349706399,feedback,31,feedsumportion,0.746835,finger0,11,finger,15,time,315015,runTime,2913.93
line,48685391,total,0.00790761,total0,0.0822417,false,0.00197334,over,0.00681324,false0,0.0255209,over0,0.0881145,overaggr,0.00595496,overcuckoo,0.00195264,over_uai,0.00343711,over_uai,0.017184,over_utai,0.0097776,over_utai,0.0103057,over_ai,0.00701,over_ai,0.00825631,countIP,1.17255e+11,countIP0,1.25903e+11,keysum,1.16335e+11,pktSum,5.24605e+11,aggrSum,6.92773e+08,blackkey_num,351194434,feedback,31,feedsumportion,0.746835,finger0,11,finger,15,time,315015,runTime,2914.93
line,48702124,total,0.0079053,total0,0.0822574,false,0.00196707,over,0.00678896,false0,0.0255806,over0,0.0882866,overaggr,0.00595302,overcuckoo,0.00195228,over_uai,0.00149089,over_uai,0.0205324,over_utai,0.00977331,over_utai,0.0103089,over_ai,0.00700746,over_ai,0.00825428,countIP,1.17299e+11,countIP0,1.25952e+11,keysum,1.16379e+11,pktSum,5.24785e+11,aggrSum,6.92804e+08,blackkey_num,352654349,feedback,31,feedsumportion,0.746835,finger0,11,finger,15,time,315015,runTime,2915.93
line,48718853,total,0.00790313,total0,0.082257,false,0.001961,over,0.00676633,false0,0.025578,over0,0.0882558,overaggr,0.00595118,overcuckoo,0.00195196,over_uai,0.00145547,over_uai,0.00302743,over_utai,0.00976938,over_utai,0.0103068,over_ai,0.0070047,over_ai,0.00825305,countIP,1.17339e+11,countIP0,1.25995e+11,keysum,1.16419e+11,pktSum,5.24956e+11,aggrSum,6.92829e+08,blackkey_num,354895886,feedback,34,feedsumportion,0.675216,finger0,11,finger,15,time,313852,runTime,2916.93
line,48735452,total,0.00790089,total0,0.0822745,false,0.00195447,over,0.00674295,false0,0.0256376,over0,0.0884503,overaggr,0.00594935,overcuckoo,0.00195154,over_uai,0.00135453,over_uai,0.00248685,over_utai,0.00976588,over_utai,0.0103044,over_ai,0.00700201,over_ai,0.00825136,countIP,1.1738e+11,countIP0,1.26041e+11,keysum,1.1646e+11,pktSum,5.25133e+11,aggrSum,6.92859e+08,blackkey_num,357271153,feedback,34,feedsumportion,0.675216,finger0,11,finger,15,time,313852,runTime,2917.93
line,48752352,total,0.00789873,total0,0.0822966,false,0.00194851,over,0.00672076,false0,0.025717,over0,0.0887025,overaggr,0.00594747,overcuckoo,0.00195126,over_uai,0.0011804,over_uai,0.00359728,over_utai,0.00976162,over_utai,0.0103023,over_ai,0.00699931,over_ai,0.00825009,countIP,1.1742e+11,countIP0,1.26087e+11,keysum,1.165e+11,pktSum,5.25305e+11,aggrSum,6.9288e+08,blackkey_num,359016815,feedback,34,feedsumportion,0.675216,finger0,11,finger,15,time,313852,runTime,2918.93
line,48769009,total,0.00789649,total0,0.082296,false,0.00194267,over,0.00669793,false0,0.0257168,over0,0.0886663,overaggr,0.00594563,overcuckoo,0.00195086,over_uai,0.00144374,over_uai,0.00269319,over_utai,0.00975763,over_utai,0.0102999,over_ai,0.0069965,over_ai,0.00824879,countIP,1.17462e+11,countIP0,1.26132e+11,keysum,1.16541e+11,pktSum,5.25477e+11,aggrSum,6.92912e+08,blackkey_num,360433022,feedback,34,feedsumportion,0.675216,finger0,11,finger,15,time,313852,runTime,2919.93
line,48785443,total,0.00789436,total0,0.0822948,false,0.00193649,over,0.00667636,false0,0.0257057,over0,0.0886243,overaggr,0.00594387,overcuckoo,0.00195049,over_uai,0.00134622,over_uai,0.00280692,over_utai,0.00975373,over_utai,0.0102976,over_ai,0.00699371,over_ai,0.00824778,countIP,1.17501e+11,countIP0,1.26175e+11,keysum,1.16581e+11,pktSum,5.25651e+11,aggrSum,6.92942e+08,blackkey_num,361973000,feedback,34,feedsumportion,0.675216,finger0,11,finger,15,time,313852,runTime,2920.93
line,48801804,total,0.00789889,total0,0.0823111,false,0.00195441,over,0.00673807,false0,0.0257569,over0,0.0888003,overaggr,0.00594871,overcuckoo,0.00195018,over_uai,0.0247463,over_uai,0.00225999,over_utai,0.00975834,over_utai,0.0102951,over_ai,0.00700248,over_ai,0.00824597,countIP,1.17542e+11,countIP0,1.2622e+11,keysum,1.16621e+11,pktSum,5.2583e+11,aggrSum,6.93746e+08,blackkey_num,362772222,feedback,35,feedsumportion,0.523974,finger0,11,finger,15,time,311879,runTime,2921.93
line,48818462,total,0.00790086,total0,0.0823069,false,0.00196408,over,0.00676801,false0,0.0257457,over0,0.0887169,overaggr,0.00595112,overcuckoo,0.00194974,over_uai,0.0185882,over_uai,0.00159057,over_utai,0.00975855,over_utai,0.0102912,over_ai,0.00700498,over_ai,0.00824313,countIP,1.17588e+11,countIP0,1.26269e+11,keysum,1.16666e+11,pktSum,5.26014e+11,aggrSum,6.94295e+08,blackkey_num,363570555,feedback,35,feedsumportion,0.523974,finger0,11,finger,15,time,311879,runTime,2922.93
line,48834981,total,0.00790409,total0,0.0823236,false,0.00197864,over,0.00681335,false0,0.0258147,over0,0.0888915,overaggr,0.00595478,overcuckoo,0.0019493,over_uai,0.0223193,over_uai,0.00182665,over_utai,0.00976023,over_utai,0.010288,over_ai,0.00700915,over_ai,0.00824047,countIP,1.17634e+11,countIP0,1.2632e+11,keysum,1.16712e+11,pktSum,5.26193e+11,aggrSum,6.94993e+08,blackkey_num,364369536,feedback,35,feedsumportion,0.523974,finger0,11,finger,15,time,311879,runTime,2923.93
line,48851494,total,0.00790595,total0,0.0823227,false,0.00198719,over,0.00684105,false0,0.0258097,over0,0.0888519,overaggr,0.00595702,overcuckoo,0.00194893,over_uai,0.0174106,over_uai,0.0022055,over_utai,0.00976047,over_utai,0.0102856,over_ai,0.00701099,over_ai,0.00823874,countIP,1.17676e+11,countIP0,1.26364e+11,keysum,1.16753e+11,pktSum,5.26368e+11,aggrSum,6.955e+08,blackkey_num,365249058,feedback,35,feedsumportion,0.523974,finger0,11,finger,15,time,311879,runTime,2924.93
line,48867933,total,0.00791066,total0,0.0823352,false,0.00200645,over,0.0069035,false0,0.0258602,over0,0.0889758,overaggr,0.00596165,overcuckoo,0.00194901,over_uai,0.0241471,over_uai,0.00336229,over_utai,0.00976361,over_utai,0.0102836,over_ai,0.0070169,over_ai,0.00823756,countIP,1.1772e+11,countIP0,1.26412e+11,keysum,1.16796e+11,pktSum,5.2654e+11,aggrSum,6.96296e+08,blackkey_num,365912063,feedback,35,feedsumportion,0.523974,finger0,11,finger,15,time,311879,runTime,2925.93
line,48884709,total,0.00790833,total0,0.0823445,false,0.00199975,over,0.00687935,false0,0.0258888,over0,0.0890604,overaggr,0.00595983,overcuckoo,0.0019485,over_uai,0.00109964,over_uai,0.00352294,over_utai,0.00975604,over_utai,0.0102816,over_ai,0.00700978,over_ai,0.00823584,countIP,1.17761e+11,countIP0,1.26458e+11,keysum,1.16837e+11,pktSum,5.26718e+11,aggrSum,6.96328e+08,blackkey_num,368223873,feedback,33,feedsumportion,0.970055,finger0,11,finger,15,time,313549,runTime,2926.93
line,48901779,total,0.00790602,total0,0.0823469,false,0.00199273,over,0.00685558,false0,0.0258881,over0,0.0890624,overaggr,0.00595796,overcuckoo,0.00194805,over_uai,0.00142748,over_uai,0.00251597,over_utai,0.00974949,over_utai,0.0102795,over_ai,0.00700357,over_ai,0.00823445,countIP,1.17801e+11,countIP0,1.26502e+11,keysum,1.16877e+11,pktSum,5.26898e+11,aggrSum,6.9635e+08,blackkey_num,370135332,feedback,33,feedsumportion,0.970055,finger0,11,finger,15,time,313549,runTime,2927.93
line,48919062,total,0.00790346,total0,0.0823557,false,0.00198687,over,0.00682985,false0,0.0259302,over0,0.089135,overaggr,0.00595588,overcuckoo,0.00194758,over_uai,0.00978215,over_uai,0.00216795,over_utai,0.00974642,over_utai,0.0102768,over_ai,0.00699758,over_ai,0.0082325,countIP,1.17849e+11,countIP0,1.26554e+11,keysum,1.16925e+11,pktSum,5.27082e+11,aggrSum,6.9639e+08,blackkey_num,371798675,feedback,33,feedsumportion,0.970055,finger0,11,finger,15,time,313549,runTime,2928.93
line,48936099,total,0.00790157,total0,0.0823573,false,0.00198299,over,0.00681219,false0,0.0259431,over0,0.0891226,overaggr,0.00595429,overcuckoo,0.00194728,over_uai,0.00973946,over_uai,0.00238582,over_utai,0.00974245,over_utai,0.0102739,over_ai,0.00699186,over_ai,0.00823053,countIP,1.17895e+11,countIP0,1.26605e+11,keysum,1.16971e+11,pktSum,5.27267e+11,aggrSum,6.96481e+08,blackkey_num,373220589,feedback,33,feedsumportion,0.970055,finger0,11,finger,15,time,313549,runTime,2929.93
line,48952875,total,0.00789918,total0,0.0823519,false,0.00197726,over,0.00678867,false0,0.0259295,over0,0.0890257,overaggr,0.00595216,overcuckoo,0.00194702,over_uai,0.00166415,over_uai,0.00252827,over_utai,0.00973607,over_utai,0.0102709,over_ai,0.00698652,over_ai,0.00822849,countIP,1.17942e+11,countIP0,1.26654e+11,keysum,1.17017e+11,pktSum,5.27453e+11,aggrSum,6.96506e+08,blackkey_num,374986215,feedback,33,feedsumportion,0.970055,finger0,11,finger,15,time,313549,runTime,2930.93
line,48969322,total,0.00789757,total0,0.0823681,false,0.00197435,over,0.00677489,false0,0.0259908,over0,0.0891864,overaggr,0.00595103,overcuckoo,0.00194654,over_uai,0.00501537,over_uai,0.00155346,over_utai,0.00973199,over_utai,0.0102671,over_ai,0.00698374,over_ai,0.00822589,countIP,1.1799e+11,countIP0,1.26707e+11,keysum,1.17065e+11,pktSum,5.27646e+11,aggrSum,6.96658e+08,blackkey_num,376354132,feedback,34,feedsumportion,0.693979,finger0,11,finger,15,time,310868,runTime,2931.93
line,48985993,total,0.00790448,total0,0.0823637,false,0.00200052,over,0.0068622,false0,0.0259757,over0,0.0891023,overaggr,0.0059584,overcuckoo,0.00194608,over_uai,0.0361719,over_uai,0.00236553,over_utai,0.00973932,over_utai,0.0102641,over_ai,0.00699356,over_ai,0.00822381,countIP,1.18036e+11,countIP0,1.26756e+11,keysum,1.17111e+11,pktSum,5.27835e+11,aggrSum,6.97791e+08,blackkey_num,377862747,feedback,34,feedsumportion,0.693979,finger0,11,finger,15,time,310868,runTime,2932.93
line,49002973,total,0.00791109,total0,0.0823659,false,0.0020259,over,0.00694529,false0,0.0259892,over0,0.0890974,overaggr,0.00596538,overcuckoo,0.00194571,over_uai,0.0331055,over_uai,0.00212607,over_utai,0.00974546,over_utai,0.0102611,over_ai,0.00700339,over_ai,0.00822173,countIP,1.18084e+11,countIP0,1.26806e+11,keysum,1.17157e+11,pktSum,5.2802e+11,aggrSum,6.98884e+08,blackkey_num,379926466,feedback,34,feedsumportion,0.693979,finger0,11,finger,15,time,310868,runTime,2933.93
line,49019939,total,0.00791042,total0,0.0823613,false,0.00202591,over,0.00694191,false0,0.0259772,over0,0.0890128,overaggr,0.00596523,overcuckoo,0.00194519,over_uai,0.00298594,over_uai,0.0103238,over_utai,0.00973864,over_utai,0.0102611,over_ai,0.00699683,over_ai,0.00822411,countIP,1.18129e+11,countIP0,1.26855e+11,keysum,1.17202e+11,pktSum,5.28206e+11,aggrSum,6.99139e+08,blackkey_num,382272689,feedback,34,feedsumportion,0.693979,finger0,11,finger,15,time,310868,runTime,2934.93
line,49037111,total,0.00790809,total0,0.0823561,false,0.00202021,over,0.0069189,false0,0.0259636,over0,0.0889213,overaggr,0.00596333,overcuckoo,0.00194476,over_uai,0.00381337,over_uai,0.0019596,over_utai,0.00973335,over_utai,0.0102585,over_ai,0.00699175,over_ai,0.00822211,countIP,1.18175e+11,countIP0,1.26904e+11,keysum,1.17248e+11,pktSum,5.28389e+11,aggrSum,6.99186e+08,blackkey_num,384352966,feedback,34,feedsumportion,0.693979,finger0,11,finger,15,time,310868,runTime,2935.93
line,49053822,total,0.00790571,total0,0.0823535,false,0.00201328,over,0.00689509,false0,0.0259473,over0,0.0888643,overaggr,0.00596144,overcuckoo,0.00194427,over_uai,0.00167693,over_uai,0.00158873,over_utai,0.00972792,over_utai,0.0102554,over_ai,0.00698698,over_ai,0.00821989,countIP,1.18216e+11,countIP0,1.26947e+11,keysum,1.17288e+11,pktSum,5.28568e+11,aggrSum,6.99207e+08,blackkey_num,388884041,feedback,38,feedsumportion,0.966257,finger0,11,finger,15,time,410230,runTime,2936.93
line,49070733,total,0.00790377,total0,0.0823517,false,0.00200801,over,0.00687661,false0,0.025935,over0,0.0888167,overaggr,0.00595993,overcuckoo,0.00194384,over_uai,0.00118673,over_uai,0.00326535,over_utai,0.00972117,over_utai,0.0102526,over_ai,0.00698058,over_ai,0.00821866,countIP,1.18257e+11,countIP0,1.26992e+11,keysum,1.17329e+11,pktSum,5.28748e+11,aggrSum,6.99275e+08,blackkey_num,390915844,feedback,38,feedsumportion,0.966257,finger0,11,finger,15,time,410230,runTime,2937.93
line,49087730,total,0.00790567,total0,0.0823523,false,0.00201742,over,0.0069034,false0,0.0259488,over0,0.0887939,overaggr,0.00596229,overcuckoo,0.00194338,over_uai,0.0100623,over_uai,0.0193334,over_utai,0.00971794,over_utai,0.0102559,over_ai,0.00697462,over_ai,0.00822716,countIP,1.18304e+11,countIP0,1.27043e+11,keysum,1.17376e+11,pktSum,5.28929e+11,aggrSum,6.99833e+08,blackkey_num,392246516,feedback,38,feedsumportion,0.966257,finger0,11,finger,15,time,410230,runTime,2938.93
line,49104727,total,0.00790339,total0,0.0823521,false,0.00201112,over,0.006881,false0,0.0259435,over0,0.0887653,overaggr,0.00596045,overcuckoo,0.00194294,over_uai,0.00450482,over_uai,0.00178692,over_utai,0.00971506,over_utai,0.0102529,over_ai,0.00697161,over_ai,0.0082249,countIP,1.18345e+11,countIP0,1.27086e+11,keysum,1.17417e+11,pktSum,5.29102e+11,aggrSum,6.99855e+08,blackkey_num,394562744,feedback,38,feedsumportion,0.966257,finger0,11,finger,15,time,410230,runTime,2939.93
line,49121803,total,0.00790139,total0,0.082358,false,0.00200524,over,0.00686192,false0,0.0259522,over0,0.0888087,overaggr,0.00595883,overcuckoo,0.00194256,over_uai,0.000933018,over_uai,0.0027549,over_utai,0.00971116,over_utai,0.0102504,over_ai,0.00696915,over_ai,0.00822355,countIP,1.18384e+11,countIP0,1.27129e+11,keysum,1.17456e+11,pktSum,5.2928e+11,aggrSum,6.99899e+08,blackkey_num,397757156,feedback,38,feedsumportion,0.966257,finger0,11,finger,15,time,410230,runTime,2940.93
line,49138603,total,0.00790554,total0,0.082355,false,0.00202073,over,0.00691393,false0,0.0259383,over0,0.0887479,overaggr,0.0059633,overcuckoo,0.00194224,over_uai,0.0237565,over_uai,0.00319825,over_utai,0.00971591,over_utai,0.0102479,over_ai,0.00697722,over_ai,0.00822213,countIP,1.18427e+11,countIP0,1.27175e+11,keysum,1.17499e+11,pktSum,5.29465e+11,aggrSum,7.0068e+08,blackkey_num,399120939,feedback,35,feedsumportion,0.909793,finger0,11,finger,15,time,308904,runTime,2941.93
line,49155430,total,0.00791182,total0,0.0823431,false,0.00204406,over,0.0069901,false0,0.0259035,over0,0.0885827,overaggr,0.00596996,overcuckoo,0.00194186,over_uai,0.0326162,over_uai,0.00185002,over_utai,0.00972377,over_utai,0.010245,over_ai,0.0069893,over_ai,0.00821986,countIP,1.18474e+11,countIP0,1.27223e+11,keysum,1.17544e+11,pktSum,5.29649e+11,aggrSum,7.01735e+08,blackkey_num,399923765,feedback,35,feedsumportion,0.909793,finger0,11,finger,15,time,308904,runTime,2942.93
line,49171791,total,0.00791923,total0,0.0823457,false,0.00207025,over,0.00707838,false0,0.0259091,over0,0.0885858,overaggr,0.00597774,overcuckoo,0.00194149,over_uai,0.0358698,over_uai,0.00225356,over_utai,0.00973335,over_utai,0.0102421,over_ai,0.00700316,over_ai,0.00821779,countIP,1.18519e+11,countIP0,1.27271e+11,keysum,1.17588e+11,pktSum,5.29835e+11,aggrSum,7.02909e+08,blackkey_num,401019290,feedback,35,feedsumportion,0.909793,finger0,11,finger,15,time,308904,runTime,2943.93
line,49188431,total,0.0079282,total0,0.0823441,false,0.00209984,over,0.0071832,false0,0.0258844,over0,0.0885461,overaggr,0.00598692,overcuckoo,0.00194128,over_uai,0.0413375,over_uai,0.00317357,over_utai,0.00974437,over_utai,0.0102402,over_ai,0.00701913,over_ai,0.00821688,countIP,1.18557e+11,countIP0,1.2731e+11,keysum,1.17624e+11,pktSum,5.30015e+11,aggrSum,7.04208e+08,blackkey_num,404215418,feedback,35,feedsumportion,0.909793,finger0,11,finger,15,time,308904,runTime,2944.93
line,49205045,total,0.00793726,total0,0.082345,false,0.00213009,over,0.00728834,false0,0.0258748,over0,0.0885338,overaggr,0.00599629,overcuckoo,0.00194097,over_uai,0.0439402,over_uai,0.00248027,over_utai,0.00975565,over_utai,0.010238,over_ai,0.00703543,over_ai,0.00821571,countIP,1.18596e+11,countIP0,1.27351e+11,keysum,1.17662e+11,pktSum,5.30188e+11,aggrSum,7.05535e+08,blackkey_num,406228383,feedback,35,feedsumportion,0.909793,finger0,11,finger,15,time,308904,runTime,2945.93
line,49221603,total,0.00793503,total0,0.0823359,false,0.00212372,over,0.00726569,false0,0.0258408,over0,0.0884067,overaggr,0.00599438,overcuckoo,0.00194065,over_uai,0.00119699,over_uai,0.00237116,over_utai,0.00975169,over_utai,0.0102356,over_ai,0.0070329,over_ai,0.00821393,countIP,1.18636e+11,countIP0,1.27394e+11,keysum,1.17702e+11,pktSum,5.30363e+11,aggrSum,7.05553e+08,blackkey_num,409323119,feedback,36,feedsumportion,0.982914,finger0,11,finger,15,time,304932,runTime,2946.93
line,49238116,total,0.00793271,total0,0.0823479,false,0.00211713,over,0.00724223,false0,0.0258767,over0,0.0885182,overaggr,0.00599249,overcuckoo,0.00194022,over_uai,0.00271121,over_uai,0.00177252,over_utai,0.00974857,over_utai,0.0102329,over_ai,0.00703032,over_ai,0.00821193,countIP,1.18677e+11,countIP0,1.27439e+11,keysum,1.17743e+11,pktSum,5.3054e+11,aggrSum,7.05576e+08,blackkey_num,411429729,feedback,36,feedsumportion,0.982914,finger0,11,finger,15,time,304932,runTime,2947.93
line,49254644,total,0.00793053,total0,0.0823408,false,0.00211069,over,0.0072205,false0,0.0258454,over0,0.0884151,overaggr,0.00599067,overcuckoo,0.00193986,over_uai,0.00479992,over_uai,0.00236331,over_utai,0.00974589,over_utai,0.0102307,over_ai,0.00702774,over_ai,0.00821018,countIP,1.18718e+11,countIP0,1.27482e+11,keysum,1.17784e+11,pktSum,5.3072e+11,aggrSum,7.05603e+08,blackkey_num,413100190,feedback,36,feedsumportion,0.982914,finger0,11,finger,15,time,304932,runTime,2948.93
line,49271164,total,0.00792856,total0,0.0823406,false,0.00210432,over,0.00720092,false0,0.0258307,over0,0.088392,overaggr,0.00598901,overcuckoo,0.00193955,over_uai,0.0014936,over_uai,0.00206196,over_utai,0.00974272,over_utai,0.010228,over_ai,0.0070254,over_ai,0.00820874,countIP,1.18754e+11,countIP0,1.27521e+11,keysum,1.1782e+11,pktSum,5.30891e+11,aggrSum,7.05625e+08,blackkey_num,415797952,feedback,36,feedsumportion,0.982914,finger0,11,finger,15,time,304932,runTime,2949.93
line,49287640,total,0.00792668,total0,0.0823407,false,0.00209788,over,0.00718244,false0,0.0258123,over0,0.0883728,overaggr,0.0059875,overcuckoo,0.00193918,over_uai,0.00170254,over_uai,0.00224605,over_utai,0.00973928,over_utai,0.0102256,over_ai,0.00702316,over_ai,0.00820728,countIP,1.18789e+11,countIP0,1.27559e+11,keysum,1.17855e+11,pktSum,5.31064e+11,aggrSum,7.05656e+08,blackkey_num,418151082,feedback,36,feedsumportion,0.982914,finger0,11,finger,15,time,304932,runTime,2950.93
line,49303979,total,0.00792461,total0,0.0823365,false,0.00209292,over,0.00716253,false0,0.0258022,over0,0.088302,overaggr,0.00598595,overcuckoo,0.00193866,over_uai,0.00461294,over_uai,0.00294784,over_utai,0.0097365,over_utai,0.0102232,over_ai,0.00702125,over_ai,0.00820477,countIP,1.18832e+11,countIP0,1.27605e+11,keysum,1.17898e+11,pktSum,5.31238e+11,aggrSum,7.0573e+08,blackkey_num,419499889,feedback,33,feedsumportion,0.481959,finger0,11,finger,15,time,316271,runTime,2951.93
line,49320080,total,0.00792223,total0,0.0823288,false,0.0020875,over,0.00713952,false0,0.025786,over0,0.0881914,overaggr,0.00598399,overcuckoo,0.00193824,over_uai,0.00397328,over_uai,0.00284169,over_utai,0.00973319,over_utai,0.0102206,over_ai,0.00701874,over_ai,0.00820246,countIP,1.18879e+11,countIP0,1.27654e+11,keysum,1.17944e+11,pktSum,5.3142e+11,aggrSum,7.05776e+08,blackkey_num,421206973,feedback,33,feedsumportion,0.481959,finger0,11,finger,15,time,316271,runTime,2952.93
line,49336672,total,0.00793857,total0,0.0823218,false,0.00214123,over,0.00732234,false0,0.0257602,over0,0.088092,overaggr,0.00600069,overcuckoo,0.00193788,over_uai,0.071235,over_uai,0.00411103,over_utai,0.00975528,over_utai,0.0102187,over_ai,0.00704755,over_ai,0.00820078,countIP,1.18922e+11,countIP0,1.27698e+11,keysum,1.17986e+11,pktSum,5.31599e+11,aggrSum,7.07995e+08,blackkey_num,423121909,feedback,33,feedsumportion,0.481959,finger0,11,finger,15,time,316271,runTime,2953.93
line,49353110,total,0.00793659,total0,0.0823171,false,0.00213525,over,0.00730289,false0,0.0257356,over0,0.0880196,overaggr,0.00599916,overcuckoo,0.00193743,over_uai,0.00367407,over_uai,0.00246359,over_utai,0.0097524,over_utai,0.0102163,over_ai,0.00704516,over_ai,0.00819907,countIP,1.18961e+11,countIP0,1.2774e+11,keysum,1.18024e+11,pktSum,5.31775e+11,aggrSum,7.08048e+08,blackkey_num,425208725,feedback,33,feedsumportion,0.481959,finger0,11,finger,15,time,316271,runTime,2954.93
line,49369799,total,0.00793468,total0,0.082318,false,0.00212835,over,0.00728399,false0,0.0257165,over0,0.0880114,overaggr,0.00599766,overcuckoo,0.00193702,over_uai,0.00304329,over_uai,0.00171454,over_utai,0.00974994,over_utai,0.0102135,over_ai,0.00704299,over_ai,0.00819719,countIP,1.18996e+11,countIP0,1.27778e+11,keysum,1.18059e+11,pktSum,5.31953e+11,aggrSum,7.08078e+08,blackkey_num,426598939,feedback,33,feedsumportion,0.481959,finger0,11,finger,15,time,316271,runTime,2955.93
line,49386135,total,0.00793314,total0,0.0823158,false,0.00212249,over,0.00726929,false0,0.0256852,over0,0.087969,overaggr,0.00599652,overcuckoo,0.00193662,over_uai,0.00116762,over_uai,0.00364795,over_utai,0.00974683,over_utai,0.0102114,over_ai,0.00704074,over_ai,0.00819664,countIP,1.1903e+11,countIP0,1.27814e+11,keysum,1.18093e+11,pktSum,5.3213e+11,aggrSum,7.08147e+08,blackkey_num,428104739,feedback,37,feedsumportion,0.959879,finger0,11,finger,15,time,315994,runTime,2956.93
line,49402771,total,0.00793157,total0,0.082315,false,0.00211606,over,0.00725415,false0,0.0256536,over0,0.0879441,overaggr,0.00599518,overcuckoo,0.0019364,over_uai,0.00168407,over_uai,0.00291279,over_utai,0.0097441,over_utai,0.0102096,over_ai,0.00703859,over_ai,0.0081958,countIP,1.19062e+11,countIP0,1.27848e+11,keysum,1.18125e+11,pktSum,5.32305e+11,aggrSum,7.08178e+08,blackkey_num,429543776,feedback,37,feedsumportion,0.959879,finger0,11,finger,15,time,315994,runTime,2957.93
line,49419294,total,0.00792958,total0,0.0823109,false,0.00210925,over,0.00723482,false0,0.025621,over0,0.0878812,overaggr,0.00599357,overcuckoo,0.00193601,over_uai,0.00159857,over_uai,0.00189916,over_utai,0.00974123,over_utai,0.0102071,over_ai,0.00703611,over_ai,0.00819437,countIP,1.19098e+11,countIP0,1.27887e+11,keysum,1.18161e+11,pktSum,5.32486e+11,aggrSum,7.08205e+08,blackkey_num,430764128,feedback,37,feedsumportion,0.959879,finger0,11,finger,15,time,315994,runTime,2958.93
line,49435934,total,0.00792833,total0,0.0823053,false,0.00210525,over,0.00722361,false0,0.0255889,over0,0.0878015,overaggr,0.00599184,overcuckoo,0.00193649,over_uai,0.000899533,over_uai,0.00757929,over_utai,0.00973783,over_utai,0.0102062,over_ai,0.00703356,over_ai,0.00819504,countIP,1.19135e+11,countIP0,1.27926e+11,keysum,1.18198e+11,pktSum,5.32662e+11,aggrSum,7.08222e+08,blackkey_num,431945437,feedback,37,feedsumportion,0.959879,finger0,11,finger,15,time,315994,runTime,2959.93
line,49452477,total,0.00792823,total0,0.0823016,false,0.0021045,over,0.00722489,false0,0.0255582,over0,0.087743,overaggr,0.00599016,overcuckoo,0.00193807,over_uai,0.00109261,over_uai,0.0129027,over_utai,0.00973453,over_utai,0.0102069,over_ai,0.00703102,over_ai,0.00819854,countIP,1.19172e+11,countIP0,1.27966e+11,keysum,1.18235e+11,pktSum,5.32847e+11,aggrSum,7.08246e+08,blackkey_num,433218176,feedback,37,feedsumportion,0.959879,finger0,11,finger,15,time,315994,runTime,2960.93
line,49469065,total,0.00793242,total0,0.0822996,false,0.00211768,over,0.00727245,false0,0.025538,over0,0.0877017,overaggr,0.00599469,overcuckoo,0.00193773,over_uai,0.0264199,over_uai,0.00235675,over_utai,0.00973989,over_utai,0.0102044,over_ai,0.00703918,over_ai,0.00819687,countIP,1.19212e+11,countIP0,1.28008e+11,keysum,1.18274e+11,pktSum,5.33033e+11,aggrSum,7.09017e+08,blackkey_num,434155515,feedback,34,feedsumportion,0.595694,finger0,11,finger,15,time,310370,runTime,2961.93
line,49485581,total,0.00793647,total0,0.0822924,false,0.00213125,over,0.00731836,false0,0.0255121,over0,0.087604,overaggr,0.00599919,overcuckoo,0.00193728,over_uai,0.0243369,over_uai,0.00225377,over_utai,0.00974508,over_utai,0.0102019,over_ai,0.00704729,over_ai,0.0081951,countIP,1.19256e+11,countIP0,1.28053e+11,keysum,1.18317e+11,pktSum,5.33218e+11,aggrSum,7.09804e+08,blackkey_num,436676630,feedback,34,feedsumportion,0.595694,finger0,11,finger,15,time,310370,runTime,2962.93
line,49502235,total,0.00794123,total0,0.082298,false,0.00214567,over,0.00737124,false0,0.0255127,over0,0.0876461,overaggr,0.00600422,overcuckoo,0.00193701,over_uai,0.027306,over_uai,0.00299876,over_utai,0.00975055,over_utai,0.0101998,over_ai,0.00705572,over_ai,0.00819403,countIP,1.19294e+11,countIP0,1.28095e+11,keysum,1.18354e+11,pktSum,5.33403e+11,aggrSum,7.10626e+08,blackkey_num,437480102,feedback,34,feedsumportion,0.595694,finger0,11,finger,15,time,310370,runTime,2963.93
line,49518675,total,0.00794418,total0,0.0822973,false,0.00215393,over,0.00740443,false0,0.0254887,over0,0.0876207,overaggr,0.00600757,overcuckoo,0.0019366,over_uai,0.0227663,over_uai,0.00132932,over_utai,0.00975457,over_utai,0.0101972,over_ai,0.00706177,over_ai,0.00819239,countIP,1.19331e+11,countIP0,1.28134e+11,keysum,1.18391e+11,pktSum,5.33589e+11,aggrSum,7.1124e+08,blackkey_num,438130158,feedback,34,feedsumportion,0.595694,finger0,11,finger,15,time,310370,runTime,2964.93
line,49534878,total,0.00794991,total0,0.0822986,false,0.00217075,over,0.0074671,false0,0.0254709,over0,0.0876168,overaggr,0.00601372,overcuckoo,0.00193619,over_uai,0.0309313,over_uai,0.00177765,over_utai,0.00976179,over_utai,0.0101946,over_ai,0.00707224,over_ai,0.00819116,countIP,1.1937e+11,countIP0,1.28175e+11,keysum,1.18428e+11,pktSum,5.33781e+11,aggrSum,7.12194e+08,blackkey_num,439023754,feedback,34,feedsumportion,0.595694,finger0,11,finger,15,time,310370,runTime,2965.93
line,49551076,total,0.00794704,total0,0.0823007,false,0.00216389,over,0.00743882,false0,0.0254869,over0,0.0876166,overaggr,0.0060115,overcuckoo,0.00193555,over_uai,0.000755088,over_uai,0.00144442,over_utai,0.00975771,over_utai,0.010192,over_ai,0.00706884,over_ai,0.00818919,countIP,1.19417e+11,countIP0,1.28226e+11,keysum,1.18476e+11,pktSum,5.33967e+11,aggrSum,7.12216e+08,blackkey_num,441651023,feedback,39,feedsumportion,0.977289,finger0,11,finger,15,time,315588,runTime,2966.93
line,49567832,total,0.00794491,total0,0.0823161,false,0.00215749,over,0.00741806,false0,0.0255245,over0,0.0877605,overaggr,0.00600983,overcuckoo,0.00193507,over_uai,0.00151934,over_uai,0.00162042,over_utai,0.00975445,over_utai,0.01019,over_ai,0.00706617,over_ai,0.0081878,countIP,1.19456e+11,countIP0,1.2827e+11,keysum,1.18514e+11,pktSum,5.34144e+11,aggrSum,7.12251e+08,blackkey_num,444586222,feedback,39,feedsumportion,0.977289,finger0,11,finger,15,time,315588,runTime,2967.93
line,49584280,total,0.00794286,total0,0.082314,false,0.00215135,over,0.00739842,false0,0.0255076,over0,0.0877198,overaggr,0.00600827,overcuckoo,0.00193459,over_uai,0.00195758,over_uai,0.00140236,over_utai,0.00975154,over_utai,0.0101877,over_ai,0.00706409,over_ai,0.00818598,countIP,1.19495e+11,countIP0,1.28312e+11,keysum,1.18553e+11,pktSum,5.34326e+11,aggrSum,7.12301e+08,blackkey_num,445889127,feedback,39,feedsumportion,0.977289,finger0,11,finger,15,time,315588,runTime,2968.93
line,49600609,total,0.00794056,total0,0.0823104,false,0.00214571,over,0.00737649,false0,0.0254991,over0,0.0876605,overaggr,0.0060064,overcuckoo,0.00193416,over_uai,0.00164354,over_uai,0.00248134,over_utai,0.00974803,over_utai,0.0101853,over_ai,0.00706144,over_ai,0.00818431,countIP,1.1954e+11,countIP0,1.2836e+11,keysum,1.18598e+11,pktSum,5.3451e+11,aggrSum,7.12346e+08,blackkey_num,447250167,feedback,39,feedsumportion,0.977289,finger0,11,finger,15,time,315588,runTime,2969.93
line,49617067,total,0.00793824,total0,0.08231,false,0.00213928,over,0.00735434,false0,0.0254926,over0,0.0876373,overaggr,0.00600452,overcuckoo,0.00193372,over_uai,0.00110683,over_uai,0.00178429,over_utai,0.0097444,over_utai,0.0101829,over_ai,0.00705874,over_ai,0.00818263,countIP,1.19581e+11,countIP0,1.28405e+11,keysum,1.18639e+11,pktSum,5.34694e+11,aggrSum,7.12373e+08,blackkey_num,449268886,feedback,39,feedsumportion,0.977289,finger0,11,finger,15,time,315588,runTime,2970.93
line,49633690,total,0.00795012,total0,0.0823104,false,0.00217611,over,0.00747992,false0,0.0254915,over0,0.0876215,overaggr,0.00601682,overcuckoo,0.0019333,over_uai,0.0521032,over_uai,0.00218876,over_utai,0.0097605,over_utai,0.0101806,over_ai,0.00707998,over_ai,0.00818101,countIP,1.19625e+11,countIP0,1.2845e+11,keysum,1.18681e+11,pktSum,5.34875e+11,aggrSum,7.14085e+08,blackkey_num,450733683,feedback,31,feedsumportion,0.646569,finger0,11,finger,15,time,352983,runTime,2971.93
line,49650219,total,0.00794789,total0,0.0823078,false,0.00216929,over,0.0074585,false0,0.0254715,over0,0.087577,overaggr,0.00601509,overcuckoo,0.00193281,over_uai,0.00184231,over_uai,0.00133642,over_utai,0.00975726,over_utai,0.0101779,over_ai,0.00707722,over_ai,0.00817928,countIP,1.19664e+11,countIP0,1.28492e+11,keysum,1.18721e+11,pktSum,5.3506e+11,aggrSum,7.14116e+08,blackkey_num,452273864,feedback,31,feedsumportion,0.646569,finger0,11,finger,15,time,352983,runTime,2972.93
line,49667073,total,0.00794594,total0,0.0823182,false,0.00216354,over,0.00743999,false0,0.0254931,over0,0.087666,overaggr,0.00601344,overcuckoo,0.0019325,over_uai,0.00268686,over_uai,0.00210869,over_utai,0.00975434,over_utai,0.0101753,over_ai,0.00707469,over_ai,0.00817785,countIP,1.19703e+11,countIP0,1.28536e+11,keysum,1.1876e+11,pktSum,5.35239e+11,aggrSum,7.14154e+08,blackkey_num,454169456,feedback,31,feedsumportion,0.646569,finger0,11,finger,15,time,352983,runTime,2973.93
line,49683991,total,0.00794378,total0,0.0823166,false,0.0021573,over,0.00741953,false0,0.0254797,over0,0.0876315,overaggr,0.00601163,overcuckoo,0.00193215,over_uai,0.00281559,over_uai,0.00181134,over_utai,0.00975188,over_utai,0.0101722,over_ai,0.0070723,over_ai,0.00817588,countIP,1.19743e+11,countIP0,1.28579e+11,keysum,1.188e+11,pktSum,5.35423e+11,aggrSum,7.1418e+08,blackkey_num,456372312,feedback,31,feedsumportion,0.646569,finger0,11,finger,15,time,352983,runTime,2974.93
line,49700699,total,0.00794211,total0,0.0823256,false,0.00215177,over,0.00740405,false0,0.0254892,over0,0.0877063,overaggr,0.00601025,overcuckoo,0.00193186,over_uai,0.00337148,over_uai,0.00322356,over_utai,0.00974952,over_utai,0.01017,over_ai,0.00707021,over_ai,0.00817488,countIP,1.19781e+11,countIP0,1.2862e+11,keysum,1.18837e+11,pktSum,5.35607e+11,aggrSum,7.1424e+08,blackkey_num,457939117,feedback,31,feedsumportion,0.646569,finger0,11,finger,15,time,352983,runTime,2975.93
line,49717555,total,0.00793969,total0,0.0823382,false,0.00214548,over,0.00738127,false0,0.0255249,over0,0.0878156,overaggr,0.00600824,overcuckoo,0.00193145,over_uai,0.000644452,over_uai,0.00216496,over_utai,0.00974575,over_utai,0.0101677,over_ai,0.00706746,over_ai,0.00817308,countIP,1.19823e+11,countIP0,1.28668e+11,keysum,1.1888e+11,pktSum,5.3579e+11,aggrSum,7.14257e+08,blackkey_num,459803377,feedback,34,feedsumportion,0.958148,finger0,11,finger,15,time,314665,runTime,2976.93
line,49734568,total,0.00793794,total0,0.0823503,false,0.0021404,over,0.00736526,false0,0.0255506,over0,0.0879214,overaggr,0.00600659,overcuckoo,0.00193136,over_uai,0.00277537,over_uai,0.00179671,over_utai,0.00974307,over_utai,0.0101652,over_ai,0.00706556,over_ai,0.00817163,countIP,1.19862e+11,countIP0,1.28711e+11,keysum,1.18918e+11,pktSum,5.35969e+11,aggrSum,7.14291e+08,blackkey_num,461826346,feedback,34,feedsumportion,0.958148,finger0,11,finger,15,time,314665,runTime,2977.93
line,49751426,total,0.0079361,total0,0.0823471,false,0.00213514,over,0.00734839,false0,0.0255314,over0,0.08787,overaggr,0.00600497,overcuckoo,0.00193113,over_uai,0.00191416,over_uai,0.00247167,over_utai,0.0097399,over_utai,0.0101631,over_ai,0.00706352,over_ai,0.00817037,countIP,1.199e+11,countIP0,1.28752e+11,keysum,1.18956e+11,pktSum,5.36146e+11,aggrSum,7.14329e+08,blackkey_num,463454457,feedback,34,feedsumportion,0.958148,finger0,11,finger,15,time,314665,runTime,2978.93
line,49768360,total,0.00793402,total0,0.0823485,false,0.00212934,over,0.00732925,false0,0.0255273,over0,0.0878659,overaggr,0.00600327,overcuckoo,0.00193075,over_uai,0.00100755,over_uai,0.00239769,over_utai,0.00973655,over_utai,0.0101607,over_ai,0.00706105,over_ai,0.00816883,countIP,1.19939e+11,countIP0,1.28794e+11,keysum,1.18995e+11,pktSum,5.36324e+11,aggrSum,7.14361e+08,blackkey_num,467241900,feedback,34,feedsumportion,0.958148,finger0,11,finger,15,time,314665,runTime,2979.93
line,49785176,total,0.00793188,total0,0.0823491,false,0.00212326,over,0.00730959,false0,0.0255195,over0,0.0878541,overaggr,0.00600153,overcuckoo,0.00193036,over_uai,0.000996144,over_uai,0.00179364,over_utai,0.00973319,over_utai,0.0101581,over_ai,0.00705862,over_ai,0.00816719,countIP,1.19978e+11,countIP0,1.28836e+11,keysum,1.19034e+11,pktSum,5.36501e+11,aggrSum,7.14383e+08,blackkey_num,469512137,feedback,34,feedsumportion,0.958148,finger0,11,finger,15,time,314665,runTime,2980.93
line,49801830,total,0.00793472,total0,0.0823504,false,0.00213156,over,0.00734018,false0,0.0255112,over0,0.0878497,overaggr,0.00600471,overcuckoo,0.00193001,over_uai,0.0252309,over_uai,0.00171396,over_utai,0.00973816,over_utai,0.0101553,over_ai,0.00706444,over_ai,0.00816557,countIP,1.20016e+11,countIP0,1.28877e+11,keysum,1.19071e+11,pktSum,5.36679e+11,aggrSum,7.14989e+08,blackkey_num,470739625,feedback,36,feedsumportion,0.684131,finger0,11,finger,15,time,310377,runTime,2981.93
line,49818204,total,0.00793805,total0,0.0823408,false,0.00214324,over,0.007376,false0,0.025492,over0,0.0877313,overaggr,0.00600843,overcuckoo,0.00192962,over_uai,0.0243267,over_uai,0.00174885,over_utai,0.00974309,over_utai,0.0101518,over_ai,0.00707182,over_ai,0.00816265,countIP,1.20064e+11,countIP0,1.28927e+11,keysum,1.19118e+11,pktSum,5.36864e+11,aggrSum,7.15715e+08,blackkey_num,471653801,feedback,36,feedsumportion,0.684131,finger0,11,finger,15,time,310377,runTime,2982.93
line,49834734,total,0.00794172,total0,0.0823345,false,0.00215545,over,0.00741493,false0,0.0254781,over0,0.087647,overaggr,0.00601248,overcuckoo,0.00192924,over_uai,0.0223052,over_uai,0.00215882,over_utai,0.00974793,over_utai,0.010149,over_ai,0.00707954,over_ai,0.00816062,countIP,1.20111e+11,countIP0,1.28976e+11,keysum,1.19164e+11,pktSum,5.37051e+11,aggrSum,7.16473e+08,blackkey_num,472392228,feedback,36,feedsumportion,0.684131,finger0,11,finger,15,time,310377,runTime,2983.93
line,49851008,total,0.00795066,total0,0.0823336,false,0.00218093,over,0.00750593,false0,0.0254594,over0,0.0876214,overaggr,0.00602168,overcuckoo,0.00192899,over_uai,0.0519969,over_uai,0.00186239,over_utai,0.00976018,over_utai,0.0101461,over_ai,0.00709586,over_ai,0.00815857,countIP,1.20151e+11,countIP0,1.29018e+11,keysum,1.19204e+11,pktSum,5.37244e+11,aggrSum,7.17805e+08,blackkey_num,473074723,feedback,36,feedsumportion,0.684131,finger0,11,finger,15,time,310377,runTime,2984.93
line,49867133,total,0.00795729,total0,0.0823428,false,0.00219855,over,0.00757324,false0,0.0254586,over0,0.087696,overaggr,0.00602865,overcuckoo,0.00192863,over_uai,0.03808,over_uai,0.00247496,over_utai,0.00976891,over_utai,0.010144,over_ai,0.00710777,over_ai,0.00815719,countIP,1.20189e+11,countIP0,1.29059e+11,keysum,1.1924e+11,pktSum,5.37444e+11,aggrSum,7.1886e+08,blackkey_num,473693204,feedback,36,feedsumportion,0.684131,finger0,11,finger,15,time,310377,runTime,2985.93
line,49883854,total,0.00795539,total0,0.0823459,false,0.00219187,over,0.00755553,false0,0.0254453,over0,0.0877118,overaggr,0.006027,overcuckoo,0.00192839,over_uai,0.000767238,over_uai,0.00249803,over_utai,0.00976598,over_utai,0.0101416,over_ai,0.00710552,over_ai,0.00815579,countIP,1.20225e+11,countIP0,1.29098e+11,keysum,1.19276e+11,pktSum,5.3763e+11,aggrSum,7.18876e+08,blackkey_num,475710609,feedback,33,feedsumportion,0.980824,finger0,11,finger,15,time,312602,runTime,2986.93
line,49886277,total,0.00795527,total0,0.0823458,false,0.00219153,over,0.00755438,false0,0.0254445,over0,0.0877093,overaggr,0.00602691,overcuckoo,0.00192836,over_uai,0.000105906,over_uai,5.7529e-05,over_utai,0.00976583,over_utai,0.0101414,over_ai,0.0071054,over_ai,0.00815569,countIP,1.20227e+11,countIP0,1.291e+11,keysum,1.19278e+11,pktSum,5.37639e+11,aggrSum,7.18876e+08,blackkey_num,475871993,feedback,33,feedsumportion,0.980824,finger0,11,finger,15,time,312602,runTime,2986.97
line,49903219,total,0.00795314,total0,0.0823593,false,0.000484757,over,0.00172352,false0,0.0342826,over0,0.12189,overaggr,0.00602506,overcuckoo,0.00192808,over_uai,0.00184368,over_uai,0.00223355,over_utai,0.00976265,over_utai,0.0101391,over_ai,0.00710288,over_ai,0.00815411,countIP,1.20267e+11,countIP0,1.29145e+11,keysum,1.19319e+11,pktSum,5.37825e+11,aggrSum,7.18901e+08,blackkey_num,1966952,feedback,33,feedsumportion,0.980824,finger0,11,finger,15,time,312602,runTime,2987.97
line,49920497,total,0.00795099,total0,0.0823604,false,0.000600282,over,0.00196933,false0,0.0313301,over0,0.102784,overaggr,0.00602337,overcuckoo,0.00192762,over_uai,0.00723604,over_uai,0.00320307,over_utai,0.00976141,over_utai,0.0101365,over_ai,0.00710006,over_ai,0.00815299,countIP,1.20312e+11,countIP0,1.29194e+11,keysum,1.19363e+11,pktSum,5.38004e+11,aggrSum,7.18967e+08,blackkey_num,5719406,feedback,33,feedsumportion,0.980824,finger0,11,finger,15,time,312602,runTime,2988.97
line,49937775,total,0.00794879,total0,0.082358,false,0.000560869,over,0.00184196,false0,0.0285953,over0,0.0939103,overaggr,0.00602158,overcuckoo,0.00192721,over_uai,0.00625395,over_uai,0.00166485,over_utai,0.00976007,over_utai,0.0101336,over_ai,0.00709781,over_ai,0.0081511,countIP,1.20353e+11,countIP0,1.29238e+11,keysum,1.19404e+11,pktSum,5.38181e+11,aggrSum,7.19002e+08,blackkey_num,7152038,feedback,33,feedsumportion,0.980824,finger0,11,finger,15,time,312602,runTime,2989.97
line,49954714,total,0.00794648,total0,0.0823585,false,0.000505605,over,0.0016942,false0,0.0272774,over0,0.0914024,overaggr,0.00601984,overcuckoo,0.00192664,over_uai,0.00319855,over_uai,0.00108753,over_utai,0.00975758,over_utai,0.0101303,over_ai,0.00709538,over_ai,0.00814892,countIP,1.20395e+11,countIP0,1.29283e+11,keysum,1.19445e+11,pktSum,5.38368e+11,aggrSum,7.19041e+08,blackkey_num,8527670,feedback,33,feedsumportion,0.980824,finger0,11,finger,15,time,312602,runTime,2990.97
line,49971706,total,0.00794405,total0,0.0823565,false,0.000507204,over,0.00167089,false0,0.0268209,over0,0.0883567,overaggr,0.006018,overcuckoo,0.00192606,over_uai,0.00111862,over_uai,0.00196728,over_utai,0.00975416,over_utai,0.0101272,over_ai,0.00709261,over_ai,0.00814695,countIP,1.2044e+11,countIP0,1.29332e+11,keysum,1.19491e+11,pktSum,5.38555e+11,aggrSum,7.19096e+08,blackkey_num,9861922,feedback,32,feedsumportion,0.692519,finger0,11,finger,15,time,313099,runTime,2991.97
line,49988513,total,0.00794148,total0,0.0823476,false,0.000523754,over,0.0016814,false0,0.0259104,over0,0.0831796,overaggr,0.00601605,overcuckoo,0.00192544,over_uai,0.00125893,over_uai,0.00237167,over_utai,0.00975076,over_utai,0.0101238,over_ai,0.00708977,over_ai,0.00814461,countIP,1.2049e+11,countIP0,1.29384e+11,keysum,1.1954e+11,pktSum,5.38744e+11,aggrSum,7.1916e+08,blackkey_num,11361244,feedback,32,feedsumportion,0.692519,finger0,11,finger,15,time,313099,runTime,2992.97
line,50005722,total,0.00794015,total0,0.0823456,false,0.000631737,over,0.0020344,false0,0.0255518,over0,0.0822851,overaggr,0.00601506,overcuckoo,0.00192509,over_uai,0.00233777,over_uai,0.00581572,over_utai,0.00974786,over_utai,0.0101223,over_ai,0.00708736,over_ai,0.00814464,countIP,1.20532e+11,countIP0,1.2943e+11,keysum,1.19583e+11,pktSum,5.38927e+11,aggrSum,7.19299e+08,blackkey_num,12818295,feedback,32,feedsumportion,0.692519,finger0,11,finger,15,time,313099,runTime,2993.97
line,50022488,total,0.00793947,total0,0.0823569,false,0.000746347,over,0.0024522,false0,0.0262376,over0,0.0862061,overaggr,0.00601414,overcuckoo,0.00192533,over_uai,0.00387093,over_uai,0.00606541,over_utai,0.00974553,over_utai,0.010121,over_ai,0.00708587,over_ai,0.00814509,countIP,1.20571e+11,countIP0,1.29473e+11,keysum,1.19621e+11,pktSum,5.3911e+11,aggrSum,7.19418e+08,blackkey_num,14481276,feedback,32,feedsumportion,0.692519,finger0,11,finger,15,time,313099,runTime,2994.97
line,50039342,total,0.00793791,total0,0.0823572,false,0.00076294,over,0.00253509,false0,0.0258526,over0,0.0859028,overaggr,0.00601239,overcuckoo,0.00192552,over_uai,0.00335988,over_uai,0.00238694,over_utai,0.00974326,over_utai,0.0101188,over_ai,0.00708425,over_ai,0.00814382,countIP,1.20611e+11,countIP0,1.29516e+11,keysum,1.19661e+11,pktSum,5.39295e+11,aggrSum,7.19448e+08,blackkey_num,16265484,feedback,32,feedsumportion,0.692519,finger0,11,finger,15,time,313099,runTime,2995.97
line,50056135,total,0.00793605,total0,0.0823639,false,0.000711261,over,0.00243643,false0,0.0255618,over0,0.087562,overaggr,0.00601084,overcuckoo,0.00192521,over_uai,0.00102661,over_uai,0.00187757,over_utai,0.00974039,over_utai,0.0101166,over_ai,0.00708196,over_ai,0.00814277,countIP,1.20644e+11,countIP0,1.29553e+11,keysum,1.19694e+11,pktSum,5.39483e+11,aggrSum,7.19464e+08,blackkey_num,17568503,feedback,36,feedsumportion,0.85515,finger0,11,finger,15,time,346380,runTime,2996.97
line,50073090,total,0.0079342,total0,0.0823806,false,0.000683575,over,0.00237141,false0,0.026401,over0,0.0915888,overaggr,0.00600924,overcuckoo,0.00192496,over_uai,0.00179389,over_uai,0.00328419,over_utai,0.00973762,over_utai,0.0101148,over_ai,0.00707958,over_ai,0.00814191,countIP,1.20679e+11,countIP0,1.29593e+11,keysum,1.19729e+11,pktSum,5.39657e+11,aggrSum,7.19483e+08,blackkey_num,18919950,feedback,36,feedsumportion,0.85515,finger0,11,finger,15,time,346380,runTime,2997.97
line,50090054,total,0.00793205,total0,0.0823813,false,0.000659377,over,0.00229203,false0,0.0261814,over0,0.091008,overaggr,0.00600745,overcuckoo,0.00192461,over_uai,0.000878069,over_uai,0.00262107,over_utai,0.00973403,over_utai,0.0101131,over_ai,0.00707659,over_ai,0.00814105,countIP,1.20719e+11,countIP0,1.29635e+11,keysum,1.19769e+11,pktSum,5.39836e+11,aggrSum,7.19504e+08,blackkey_num,20447488,feedback,36,feedsumportion,0.85515,finger0,11,finger,15,time,346380,runTime,2998.97
line,50106947,total,0.00793027,total0,0.0823828,false,0.000642044,over,0.00225925,false0,0.0257981,over0,0.0907794,overaggr,0.0060059,overcuckoo,0.00192436,over_uai,0.000607031,over_uai,0.002972,over_utai,0.00973048,over_utai,0.0101112,over_ai,0.00707404,over_ai,0.00814048,countIP,1.20754e+11,countIP0,1.29673e+11,keysum,1.19804e+11,pktSum,5.40015e+11,aggrSum,7.19528e+08,blackkey_num,22250456,feedback,36,feedsumportion,0.85515,finger0,11,finger,15,time,346380,runTime,2999.97
line,50123872,total,0.00792821,total0,0.0823825,false,0.00062816,over,0.00221162,false0,0.0256039,over0,0.090146,overaggr,0.00600417,overcuckoo,0.00192405,over_uai,0.00130363,over_uai,0.00270371,over_utai,0.00972718,over_utai,0.0101091,over_ai,0.00707136,over_ai,0.00813938,countIP,1.20792e+11,countIP0,1.29715e+11,keysum,1.19842e+11,pktSum,5.40191e+11,aggrSum,7.19553e+08,blackkey_num,23803133,feedback,36,feedsumportion,0.85515,finger0,11,finger,15,time,346380,runTime,3000.97
line,50140578,total,0.00792623,total0,0.0823792,false,0.000626947,over,0.00220203,false0,0.025329,over0,0.0889631,overaggr,0.00600269,overcuckoo,0.00192355,over_uai,0.00240468,over_uai,0.00283772,over_utai,0.00972437,over_utai,0.0101067,over_ai,0.00706881,over_ai,0.00813831,countIP,1.20833e+11,countIP0,1.29758e+11,keysum,1.19883e+11,pktSum,5.40369e+11,aggrSum,7.19618e+08,blackkey_num,25442740,feedback,33,feedsumportion,0.506625,finger0,11,finger,15,time,313240,runTime,3001.97
line,50157371,total,0.00792428,total0,0.0823868,false,0.000633496,over,0.00221133,false0,0.0257664,over0,0.0899424,overaggr,0.00600119,overcuckoo,0.00192309,over_uai,0.00262316,over_uai,0.00165237,over_utai,0.00972169,over_utai,0.0101038,over_ai,0.00706689,over_ai,0.0081364,countIP,1.20875e+11,countIP0,1.29805e+11,keysum,1.19925e+11,pktSum,5.40544e+11,aggrSum,7.19691e+08,blackkey_num,26870214,feedback,33,feedsumportion,0.506625,finger0,11,finger,15,time,313240,runTime,3002.97
line,50174215,total,0.00792238,total0,0.0824129,false,0.000633703,over,0.00221188,false0,0.0269514,over0,0.0940713,overaggr,0.00599938,overcuckoo,0.001923,over_uai,0.00122592,over_uai,0.00332707,over_utai,0.00971849,over_utai,0.0101016,over_ai,0.00706434,over_ai,0.0081354,countIP,1.20915e+11,countIP0,1.29851e+11,keysum,1.19965e+11,pktSum,5.40723e+11,aggrSum,7.19714e+08,blackkey_num,28637770,feedback,33,feedsumportion,0.506625,finger0,11,finger,15,time,313240,runTime,3003.97
line,50191053,total,0.00792073,total0,0.0824105,false,0.000633471,over,0.00222431,false0,0.0265121,over0,0.093092,overaggr,0.00599775,overcuckoo,0.00192297,over_uai,0.00103158,over_uai,0.00486718,over_utai,0.00971496,over_utai,0.0101005,over_ai,0.00706176,over_ai,0.00813513,countIP,1.20951e+11,countIP0,1.2989e+11,keysum,1.20001e+11,pktSum,5.40902e+11,aggrSum,7.19736e+08,blackkey_num,30577918,feedback,33,feedsumportion,0.506625,finger0,11,finger,15,time,313240,runTime,3004.97
line,50207713,total,0.00791829,total0,0.082404,false,0.000622824,over,0.00216665,false0,0.026291,over0,0.0914596,overaggr,0.00599572,overcuckoo,0.00192257,over_uai,0.00116457,over_uai,0.00221609,over_utai,0.00971162,over_utai,0.0100981,over_ai,0.00705897,over_ai,0.00813334,countIP,1.20995e+11,countIP0,1.29937e+11,keysum,1.20044e+11,pktSum,5.41073e+11,aggrSum,7.19753e+08,blackkey_num,31972576,feedback,33,feedsumportion,0.506625,finger0,11,finger,15,time,313240,runTime,3005.97
line,50224375,total,0.00792165,total0,0.0823999,false,0.000847336,over,0.00294441,false0,0.0260195,over0,0.0904151,overaggr,0.00599949,overcuckoo,0.00192216,over_uai,0.0228389,over_uai,0.00188785,over_utai,0.00971596,over_utai,0.0100959,over_ai,0.00706594,over_ai,0.0081317,countIP,1.21035e+11,countIP0,1.29978e+11,keysum,1.20083e+11,pktSum,5.41244e+11,aggrSum,7.20438e+08,blackkey_num,32671853,feedback,35,feedsumportion,0.69278,finger0,11,finger,15,time,313983,runTime,3006.97
line,50241199,total,0.00792604,total0,0.0824037,false,0.00109162,over,0.00379603,false0,0.0260522,over0,0.0905944,overaggr,0.0060042,overcuckoo,0.00192184,over_uai,0.0264453,over_uai,0.0030052,over_utai,0.00972142,over_utai,0.010094,over_ai,0.00707397,over_ai,0.00813063,countIP,1.21074e+11,countIP0,1.3002e+11,keysum,1.20122e+11,pktSum,5.41418e+11,aggrSum,7.21235e+08,blackkey_num,33389456,feedback,35,feedsumportion,0.69278,finger0,11,finger,15,time,313983,runTime,3007.97
line,50258065,total,0.00793003,total0,0.0824009,false,0.00130491,over,0.00452677,false0,0.0258979,over0,0.0898406,overaggr,0.0060086,overcuckoo,0.00192143,over_uai,0.0230108,over_uai,0.00210615,over_utai,0.00972628,over_utai,0.0100918,over_ai,0.00708172,over_ai,0.00812925,countIP,1.21115e+11,countIP0,1.30064e+11,keysum,1.20162e+11,pktSum,5.41592e+11,aggrSum,7.22007e+08,blackkey_num,34160080,feedback,35,feedsumportion,0.69278,finger0,11,finger,15,time,313983,runTime,3008.97
line,50275054,total,0.00793508,total0,0.0824031,false,0.00153295,over,0.00532575,false0,0.0258516,over0,0.0898134,overaggr,0.00601402,overcuckoo,0.00192107,over_uai,0.0282284,over_uai,0.00292805,over_utai,0.00973258,over_utai,0.0100898,over_ai,0.00709083,over_ai,0.00812826,countIP,1.21154e+11,countIP0,1.30105e+11,keysum,1.202e+11,pktSum,5.41767e+11,aggrSum,7.22887e+08,blackkey_num,34954208,feedback,35,feedsumportion,0.69278,finger0,11,finger,15,time,313983,runTime,3009.97
line,50291257,total,0.00793922,total0,0.0824108,false,0.00171106,over,0.00595057,false0,0.0260132,over0,0.0904664,overaggr,0.00601857,overcuckoo,0.00192065,over_uai,0.0285853,over_uai,0.00163509,over_utai,0.00973828,over_utai,0.010087,over_ai,0.00709903,over_ai,0.00812621,countIP,1.21195e+11,countIP0,1.30149e+11,keysum,1.2024e+11,pktSum,5.41949e+11,aggrSum,7.23675e+08,blackkey_num,35717626,feedback,35,feedsumportion,0.69278,finger0,11,finger,15,time,313983,runTime,3010.97
line,50307722,total,0.00793709,total0,0.0824088,false,0.00165834,over,0.00577377,false0,0.0258256,over0,0.0899156,overaggr,0.00601681,overcuckoo,0.00192029,over_uai,0.00134596,over_uai,0.00190407,over_utai,0.00973536,over_utai,0.0100841,over_ai,0.00709661,over_ai,0.00812456,countIP,1.21234e+11,countIP0,1.30192e+11,keysum,1.2028e+11,pktSum,5.42129e+11,aggrSum,7.237e+08,blackkey_num,37532848,feedback,38,feedsumportion,0.974262,finger0,11,finger,15,time,312575,runTime,3011.97
line,50324270,total,0.00793485,total0,0.0824049,false,0.00160995,over,0.00560011,false0,0.0256352,over0,0.0891704,overaggr,0.00601494,overcuckoo,0.00191991,over_uai,0.00118187,over_uai,0.00182756,over_utai,0.00973257,over_utai,0.010081,over_ai,0.00709427,over_ai,0.00812265,countIP,1.21275e+11,countIP0,1.30236e+11,keysum,1.20321e+11,pktSum,5.42309e+11,aggrSum,7.23721e+08,blackkey_num,39256315,feedback,38,feedsumportion,0.974262,finger0,11,finger,15,time,312575,runTime,3012.97
line,50340834,total,0.00793264,total0,0.0823998,false,0.00156763,over,0.00544359,false0,0.0254411,over0,0.088344,overaggr,0.00601304,overcuckoo,0.0019196,over_uai,0.000881217,over_uai,0.00219503,over_utai,0.00972926,over_utai,0.0100783,over_ai,0.00709178,over_ai,0.00812088,countIP,1.21317e+11,countIP0,1.3028e+11,keysum,1.20362e+11,pktSum,5.42488e+11,aggrSum,7.23741e+08,blackkey_num,41075006,feedback,38,feedsumportion,0.974262,finger0,11,finger,15,time,312575,runTime,3013.97
line,50357577,total,0.00793092,total0,0.0823981,false,0.00153373,over,0.00534103,false0,0.0252602,over0,0.087966,overaggr,0.00601165,overcuckoo,0.00191927,over_uai,0.00223972,over_uai,0.00247396,over_utai,0.0097265,over_utai,0.0100764,over_ai,0.00708979,over_ai,0.00811965,countIP,1.21354e+11,countIP0,1.3032e+11,keysum,1.20399e+11,pktSum,5.42665e+11,aggrSum,7.23796e+08,blackkey_num,42738756,feedback,38,feedsumportion,0.974262,finger0,11,finger,15,time,312575,runTime,3014.97
line,50373866,total,0.00792861,total0,0.0823872,false,0.00149843,over,0.00519793,false0,0.0249725,over0,0.0866275,overaggr,0.00600975,overcuckoo,0.00191885,over_uai,0.0007433,over_uai,0.00274158,over_utai,0.00972304,over_utai,0.0100744,over_ai,0.00708695,over_ai,0.00811831,countIP,1.21397e+11,countIP0,1.30365e+11,keysum,1.20442e+11,pktSum,5.42843e+11,aggrSum,7.23828e+08,blackkey_num,44043354,feedback,38,feedsumportion,0.974262,finger0,11,finger,15,time,312575,runTime,3015.97
line,50390570,total,0.00792679,total0,0.0823907,false,0.00146402,over,0.0050945,false0,0.0249595,over0,0.0868545,overaggr,0.00600824,overcuckoo,0.00191855,over_uai,0.00144688,over_uai,0.00229799,over_utai,0.00972011,over_utai,0.0100724,over_ai,0.00708473,over_ai,0.0081172,countIP,1.21432e+11,countIP0,1.30403e+11,keysum,1.20477e+11,pktSum,5.43011e+11,aggrSum,7.23854e+08,blackkey_num,45537841,feedback,35,feedsumportion,0.608205,finger0,11,finger,15,time,312439,runTime,3016.97
line,50407222,total,0.00792483,total0,0.0823868,false,0.00143442,over,0.00499229,false0,0.0248087,over0,0.0863434,overaggr,0.00600669,overcuckoo,0.00191814,over_uai,0.00358371,over_uai,0.00151853,over_utai,0.00971766,over_utai,0.0100697,over_ai,0.00708245,over_ai,0.0081157,countIP,1.21471e+11,countIP0,1.30445e+11,keysum,1.20516e+11,pktSum,5.43185e+11,aggrSum,7.23901e+08,blackkey_num,47184993,feedback,35,feedsumportion,0.608205,finger0,11,finger,15,time,312439,runTime,3017.97
line,50423760,total,0.00792248,total0,0.0823783,false,0.00140158,over,0.00486656,false0,0.0245981,over0,0.0854093,overaggr,0.00600491,overcuckoo,0.00191757,over_uai,0.00554953,over_uai,0.00116438,over_utai,0.00971606,over_utai,0.0100669,over_ai,0.00708023,over_ai,0.00811315,countIP,1.21513e+11,countIP0,1.30489e+11,keysum,1.20557e+11,pktSum,5.43362e+11,aggrSum,7.23936e+08,blackkey_num,48813414,feedback,35,feedsumportion,0.608205,finger0,11,finger,15,time,312439,runTime,3018.97
line,50440374,total,0.00792031,total0,0.0823736,false,0.00137046,over,0.00475768,false0,0.0244537,over0,0.0848935,overaggr,0.0060032,overcuckoo,0.00191711,over_uai,0.00134816,over_uai,0.0015416,over_utai,0.00971268,over_utai,0.0100647,over_ai,0.00707754,over_ai,0.00811161,countIP,1.21551e+11,countIP0,1.3053e+11,keysum,1.20596e+11,pktSum,5.43534e+11,aggrSum,7.23962e+08,blackkey_num,50272514,feedback,35,feedsumportion,0.608205,finger0,11,finger,15,time,312439,runTime,3019.97
line,50456978,total,0.0079183,total0,0.0823869,false,0.0013417,over,0.00466663,false0,0.024727,over0,0.0860042,overaggr,0.00600156,overcuckoo,0.00191674,over_uai,0.00172042,over_uai,0.0020958,over_utai,0.00970949,over_utai,0.0100625,over_ai,0.00707508,over_ai,0.00811009,countIP,1.21589e+11,countIP0,1.30572e+11,keysum,1.20634e+11,pktSum,5.43711e+11,aggrSum,7.2399e+08,blackkey_num,52158884,feedback,35,feedsumportion,0.608205,finger0,11,finger,15,time,312439,runTime,3020.97
line,50473583,total,0.00791601,total0,0.082392,false,0.00131115,over,0.00456266,false0,0.0248103,over0,0.0863372,overaggr,0.00599979,overcuckoo,0.00191621,over_uai,0.00102531,over_uai,0.00153654,over_utai,0.00970612,over_utai,0.01006,over_ai,0.0070724,over_ai,0.00810829,countIP,1.21629e+11,countIP0,1.30617e+11,keysum,1.20674e+11,pktSum,5.43895e+11,aggrSum,7.2402e+08,blackkey_num,53575529,feedback,35,feedsumportion,0.589905,finger0,11,finger,15,time,312251,runTime,3021.97
line,50490306,total,0.00791369,total0,0.0823851,false,0.00128382,over,0.00446267,false0,0.0246393,over0,0.0856484,overaggr,0.00599799,overcuckoo,0.0019157,over_uai,0.00102389,over_uai,0.00154207,over_utai,0.00970312,over_utai,0.0100573,over_ai,0.00706993,over_ai,0.00810617,countIP,1.2167e+11,countIP0,1.3066e+11,keysum,1.20715e+11,pktSum,5.44071e+11,aggrSum,7.24046e+08,blackkey_num,54943791,feedback,35,feedsumportion,0.589905,finger0,11,finger,15,time,312251,runTime,3022.97
line,50507215,total,0.00791142,total0,0.0823827,false,0.00125845,over,0.00437158,false0,0.0245748,over0,0.0853676,overaggr,0.00599626,overcuckoo,0.00191516,over_uai,0.00300975,over_uai,0.00211294,over_utai,0.00970024,over_utai,0.0100552,over_ai,0.00706711,over_ai,0.00810473,countIP,1.21711e+11,countIP0,1.30703e+11,keysum,1.20755e+11,pktSum,5.44249e+11,aggrSum,7.24079e+08,blackkey_num,56370197,feedback,35,feedsumportion,0.589905,finger0,11,finger,15,time,312251,runTime,3023.97
line,50523916,total,0.00790934,total0,0.0823908,false,0.00123384,over,0.00429409,false0,0.0246921,over0,0.0859349,overaggr,0.00599472,overcuckoo,0.00191461,over_uai,0.00157817,over_uai,0.00152093,over_utai,0.00969708,over_utai,0.0100529,over_ai,0.00706476,over_ai,0.00810306,countIP,1.21748e+11,countIP0,1.30745e+11,keysum,1.20793e+11,pktSum,5.44428e+11,aggrSum,7.24121e+08,blackkey_num,57798220,feedback,35,feedsumportion,0.589905,finger0,11,finger,15,time,312251,runTime,3024.97
line,50540502,total,0.00790698,total0,0.08241,false,0.00120917,over,0.00420708,false0,0.0250997,over0,0.0873301,overaggr,0.00599296,overcuckoo,0.00191402,over_uai,0.0015913,over_uai,0.00136545,over_utai,0.00969399,over_utai,0.0100503,over_ai,0.0070621,over_ai,0.00810108,countIP,1.2179e+11,countIP0,1.30792e+11,keysum,1.20834e+11,pktSum,5.44611e+11,aggrSum,7.24155e+08,blackkey_num,59235657,feedback,35,feedsumportion,0.589905,finger0,11,finger,15,time,312251,runTime,3025.97
line,50556794,total,0.00791246,total0,0.082417,false,0.001355,over,0.00471573,false0,0.0252093,over0,0.0877347,overaggr,0.00599897,overcuckoo,0.00191349,over_uai,0.0312357,over_uai,0.00127914,over_utai,0.0097014,over_utai,0.0100479,over_ai,0.00707273,over_ai,0.00809912,countIP,1.21831e+11,countIP0,1.30837e+11,keysum,1.20875e+11,pktSum,5.44795e+11,aggrSum,7.25126e+08,blackkey_num,60056186,feedback,37,feedsumportion,0.59417,finger0,11,finger,15,time,312272,runTime,3026.97
line,50573125,total,0.00791714,total0,0.0824151,false,0.00148216,over,0.00514429,false0,0.0251974,over0,0.0874552,overaggr,0.00600416,overcuckoo,0.00191297,over_uai,0.0287553,over_uai,0.00152791,over_utai,0.00970798,over_utai,0.0100451,over_ai,0.00708204,over_ai,0.00809696,countIP,1.21875e+11,countIP0,1.30883e+11,keysum,1.20918e+11,pktSum,5.44972e+11,aggrSum,7.26011e+08,blackkey_num,60768227,feedback,37,feedsumportion,0.59417,finger0,11,finger,15,time,312272,runTime,3027.97
line,50589385,total,0.00792074,total0,0.0824229,false,0.0015787,over,0.00547161,false0,0.0253594,over0,0.0878929,overaggr,0.0060081,overcuckoo,0.00191264,over_uai,0.0244028,over_uai,0.00189735,over_utai,0.00971253,over_utai,0.0100424,over_ai,0.007089,over_ai,0.00809519,countIP,1.21917e+11,countIP0,1.30929e+11,keysum,1.20959e+11,pktSum,5.45149e+11,aggrSum,7.26736e+08,blackkey_num,61520160,feedback,37,feedsumportion,0.59417,finger0,11,finger,15,time,312272,runTime,3028.97
line,50605830,total,0.00792465,total0,0.0824415,false,0.00167189,over,0.00579987,false0,0.0256808,over0,0.0890882,overaggr,0.00601227,overcuckoo,0.00191238,over_uai,0.0291534,over_uai,0.00235351,over_utai,0.00971803,over_utai,0.0100399,over_ai,0.00709664,over_ai,0.00809348,countIP,1.21955e+11,countIP0,1.30971e+11,keysum,1.20996e+11,pktSum,5.45319e+11,aggrSum,7.27462e+08,blackkey_num,62266078,feedback,37,feedsumportion,0.59417,finger0,11,finger,15,time,312272,runTime,3029.97
line,50622085,total,0.00792934,total0,0.0824716,false,0.0017751,over,0.00616658,false0,0.0262038,over0,0.0910301,overaggr,0.00601731,overcuckoo,0.00191203,over_uai,0.0330776,over_uai,0.0021908,over_utai,0.00972458,over_utai,0.0100376,over_ai,0.00710557,over_ai,0.00809179,countIP,1.21992e+11,countIP0,1.31014e+11,keysum,1.21032e+11,pktSum,5.45487e+11,aggrSum,7.28286e+08,blackkey_num,63038829,feedback,37,feedsumportion,0.59417,finger0,11,finger,15,time,312272,runTime,3030.97
line,50638241,total,0.00792869,total0,0.0824667,false,0.00177541,over,0.00616171,false0,0.0260787,over0,0.0905081,overaggr,0.00601558,overcuckoo,0.00191311,over_uai,0.00182017,over_uai,0.00815606,over_utai,0.00972189,over_utai,0.0100369,over_ai,0.00710335,over_ai,0.00809341,countIP,1.22032e+11,countIP0,1.31056e+11,keysum,1.21072e+11,pktSum,5.45659e+11,aggrSum,7.28317e+08,blackkey_num,64376618,feedback,38,feedsumportion,0.975869,finger0,11,finger,15,time,311116,runTime,3031.97
line,50654629,total,0.00793388,total0,0.0824667,false,0.00188087,over,0.00654014,false0,0.0259817,over0,0.0903436,overaggr,0.00601394,overcuckoo,0.00191994,over_uai,0.00204094,over_uai,0.0356794,over_utai,0.00971918,over_utai,0.010045,over_ai,0.00710115,over_ai,0.00810947,countIP,1.22069e+11,countIP0,1.31096e+11,keysum,1.21108e+11,pktSum,5.45834e+11,aggrSum,7.28338e+08,blackkey_num,66110474,feedback,38,feedsumportion,0.975869,finger0,11,finger,15,time,311116,runTime,3032.97
line,50671175,total,0.00793186,total0,0.0824727,false,0.00184954,over,0.00643677,false0,0.0260277,over0,0.0905818,overaggr,0.00601225,overcuckoo,0.00191961,over_uai,0.00164373,over_uai,0.00183358,over_utai,0.00971641,over_utai,0.0100425,over_ai,0.00709891,over_ai,0.00810775,countIP,1.22106e+11,countIP0,1.31137e+11,keysum,1.21145e+11,pktSum,5.46006e+11,aggrSum,7.28356e+08,blackkey_num,67515987,feedback,38,feedsumportion,0.975869,finger0,11,finger,15,time,311116,runTime,3033.97
line,50687276,total,0.00792959,total0,0.0824707,false,0.00181837,over,0.00632413,false0,0.0259583,over0,0.0902809,overaggr,0.00601037,overcuckoo,0.00191922,over_uai,0.00115663,over_uai,0.00145811,over_utai,0.00971295,over_utai,0.0100396,over_ai,0.00709656,over_ai,0.00810579,countIP,1.22146e+11,countIP0,1.31179e+11,keysum,1.21185e+11,pktSum,5.4618e+11,aggrSum,7.28368e+08,blackkey_num,69049472,feedback,38,feedsumportion,0.975869,finger0,11,finger,15,time,311116,runTime,3034.97
line,50703534,total,0.00792755,total0,0.0824908,false,0.00179022,over,0.00622803,false0,0.0262667,over0,0.09138,overaggr,0.00600863,overcuckoo,0.00191892,over_uai,0.00155938,over_uai,0.00208089,over_utai,0.00971014,over_utai,0.0100372,over_ai,0.00709431,over_ai,0.00810395,countIP,1.22184e+11,countIP0,1.31223e+11,keysum,1.21223e+11,pktSum,5.46353e+11,aggrSum,7.28385e+08,blackkey_num,70542434,feedback,38,feedsumportion,0.975869,finger0,11,finger,15,time,311116,runTime,3035.97
line,50719875,total,0.00792544,total0,0.0824851,false,0.00176275,over,0.00613228,false0,0.0261187,over0,0.0908622,overaggr,0.00600697,overcuckoo,0.00191848,over_uai,0.00188702,over_uai,0.00113988,over_utai,0.00970752,over_utai,0.0100341,over_ai,0.0070925,over_ai,0.0081013,countIP,1.22223e+11,countIP0,1.31264e+11,keysum,1.21262e+11,pktSum,5.46524e+11,aggrSum,7.28414e+08,blackkey_num,72951941,feedback,33,feedsumportion,0.460597,finger0,11,finger,15,time,314283,runTime,3036.97
line,50736670,total,0.00792404,total0,0.0824851,false,0.00174593,over,0.00608017,false0,0.0260482,over0,0.0907125,overaggr,0.00600553,overcuckoo,0.00191851,over_uai,0.00470043,over_uai,0.00138386,over_utai,0.00970556,over_utai,0.0100318,over_ai,0.00709112,over_ai,0.00809955,countIP,1.22259e+11,countIP0,1.31303e+11,keysum,1.21298e+11,pktSum,5.46693e+11,aggrSum,7.28457e+08,blackkey_num,74384515,feedback,33,feedsumportion,0.460597,finger0,11,finger,15,time,314283,runTime,3037.97
line,50753345,total,0.0079237,total0,0.0824874,false,0.00174465,over,0.00608933,false0,0.0259907,over0,0.090715,overaggr,0.00600415,overcuckoo,0.00191955,over_uai,0.00444893,over_uai,0.00961964,over_utai,0.00970363,over_utai,0.0100314,over_ai,0.00708908,over_ai,0.00810165,countIP,1.22292e+11,countIP0,1.31339e+11,keysum,1.2133e+11,pktSum,5.46856e+11,aggrSum,7.28486e+08,blackkey_num,75953378,feedback,33,feedsumportion,0.460597,finger0,11,finger,15,time,314283,runTime,3038.97
line,50770001,total,0.00792949,total0,0.0824854,false,0.00184905,over,0.00645787,false0,0.0258996,over0,0.0904551,overaggr,0.00600289,overcuckoo,0.0019266,over_uai,0.00371832,over_uai,0.0502718,over_utai,0.00970137,over_utai,0.0100409,over_ai,0.00708713,over_ai,0.00811898,countIP,1.22329e+11,countIP0,1.31378e+11,keysum,1.21367e+11,pktSum,5.47025e+11,aggrSum,7.28553e+08,blackkey_num,77494045,feedback,33,feedsumportion,0.460597,finger0,11,finger,15,time,314283,runTime,3039.97
line,50786221,total,0.00792745,total0,0.0825184,false,0.00182315,over,0.00636815,false0,0.026394,over0,0.0921925,overaggr,0.00600124,overcuckoo,0.00192621,over_uai,0.00175324,over_uai,0.00211877,over_utai,0.00969834,over_utai,0.0100386,over_ai,0.0070845,over_ai,0.00811774,countIP,1.22368e+11,countIP0,1.31424e+11,keysum,1.21405e+11,pktSum,5.47199e+11,aggrSum,7.28583e+08,blackkey_num,78880478,feedback,33,feedsumportion,0.460597,finger0,11,finger,15,time,314283,runTime,3040.97
line,50802435,total,0.00792556,total0,0.0825188,false,0.00179812,over,0.00628745,false0,0.0263276,over0,0.0920589,overaggr,0.00599968,overcuckoo,0.00192588,over_uai,0.00109761,over_uai,0.00209935,over_utai,0.00969576,over_utai,0.0100357,over_ai,0.00708243,over_ai,0.00811604,countIP,1.22404e+11,countIP0,1.31462e+11,keysum,1.21441e+11,pktSum,5.47367e+11,aggrSum,7.28608e+08,blackkey_num,80543422,feedback,35,feedsumportion,0.731918,finger0,11,finger,15,time,308783,runTime,3041.97
line,50818907,total,0.00793165,total0,0.0825119,false,0.0019046,over,0.0066528,false0,0.0261981,over0,0.0915104,overaggr,0.00599791,overcuckoo,0.00193375,over_uai,0.00137433,over_uai,0.0454406,over_utai,0.00969273,over_utai,0.010046,over_ai,0.00708,over_ai,0.00813488,countIP,1.22444e+11,countIP0,1.31504e+11,keysum,1.2148e+11,pktSum,5.47534e+11,aggrSum,7.28626e+08,blackkey_num,81899675,feedback,35,feedsumportion,0.731918,finger0,11,finger,15,time,308783,runTime,3042.97
line,50835162,total,0.00792976,total0,0.0825079,false,0.00188829,over,0.00657503,false0,0.0261676,over0,0.0911157,overaggr,0.00599604,overcuckoo,0.00193372,over_uai,0.00106024,over_uai,0.00492031,over_utai,0.00968948,over_utai,0.0100442,over_ai,0.00707731,over_ai,0.00813432,countIP,1.22487e+11,countIP0,1.3155e+11,keysum,1.21524e+11,pktSum,5.47705e+11,aggrSum,7.28661e+08,blackkey_num,83318666,feedback,35,feedsumportion,0.731918,finger0,11,finger,15,time,308783,runTime,3043.97
line,50851725,total,0.00792777,total0,0.0825124,false,0.00186495,over,0.00649138,false0,0.0262054,over0,0.0912137,overaggr,0.00599445,overcuckoo,0.00193332,over_uai,0.00134638,over_uai,0.00245397,over_utai,0.00968653,over_utai,0.0100418,over_ai,0.00707504,over_ai,0.00813263,countIP,1.22525e+11,countIP0,1.31592e+11,keysum,1.21562e+11,pktSum,5.47872e+11,aggrSum,7.28695e+08,blackkey_num,84889962,feedback,35,feedsumportion,0.731918,finger0,11,finger,15,time,308783,runTime,3044.97
line,50868029,total,0.00792587,total0,0.0825398,false,0.001839,over,0.00641333,false0,0.02653,over0,0.0925209,overaggr,0.00599291,overcuckoo,0.00193296,over_uai,0.00114823,over_uai,0.00200137,over_utai,0.00968331,over_utai,0.0100397,over_ai,0.00707271,over_ai,0.00813136,countIP,1.2256e+11,countIP0,1.31633e+11,keysum,1.21596e+11,pktSum,5.48043e+11,aggrSum,7.28715e+08,blackkey_num,86477686,feedback,35,feedsumportion,0.731918,finger0,11,finger,15,time,308783,runTime,3045.97
line,50884650,total,0.0079299,total0,0.0825454,false,0.00190295,over,0.00664446,false0,0.0265384,over0,0.0926635,overaggr,0.00599644,overcuckoo,0.00193346,over_uai,0.0249334,over_uai,0.00590867,over_utai,0.00968754,over_utai,0.0100383,over_ai,0.00707929,over_ai,0.00813165,countIP,1.22596e+11,countIP0,1.31672e+11,keysum,1.21631e+11,pktSum,5.48211e+11,aggrSum,7.29356e+08,blackkey_num,87789478,feedback,35,feedsumportion,0.557448,finger0,11,finger,15,time,313659,runTime,3046.97
line,50901708,total,0.00793355,total0,0.0825536,false,0.0019571,over,0.00684835,false0,0.026559,over0,0.0929365,overaggr,0.00600034,overcuckoo,0.00193322,over_uai,0.0278288,over_uai,0.00194965,over_utai,0.00969283,over_utai,0.0100361,over_ai,0.0070863,over_ai,0.00813044,countIP,1.2263e+11,countIP0,1.31708e+11,keysum,1.21665e+11,pktSum,5.48378e+11,aggrSum,7.30028e+08,blackkey_num,88919849,feedback,35,feedsumportion,0.557448,finger0,11,finger,15,time,313659,runTime,3047.97
line,50919098,total,0.00793804,total0,0.0825547,false,0.00202208,over,0.00708937,false0,0.0264829,over0,0.0928487,overaggr,0.00600516,overcuckoo,0.00193289,over_uai,0.0452083,over_uai,0.00177556,over_utai,0.00970334,over_utai,0.0100337,over_ai,0.00709488,over_ai,0.0081289,countIP,1.22665e+11,countIP0,1.31746e+11,keysum,1.21699e+11,pktSum,5.48548e+11,aggrSum,7.3082e+08,blackkey_num,89793525,feedback,35,feedsumportion,0.557448,finger0,11,finger,15,time,313659,runTime,3048.97
line,50936341,total,0.00794231,total0,0.0825571,false,0.00208096,over,0.00731272,false0,0.0264143,over0,0.0928228,overaggr,0.00600979,overcuckoo,0.00193252,over_uai,0.0423947,over_uai,0.00185173,over_utai,0.00971277,over_utai,0.0100314,over_ai,0.00710317,over_ai,0.00812737,countIP,1.227e+11,countIP0,1.31783e+11,keysum,1.21733e+11,pktSum,5.48723e+11,aggrSum,7.3159e+08,blackkey_num,90558191,feedback,35,feedsumportion,0.557448,finger0,11,finger,15,time,313659,runTime,3049.97
line,50953103,total,0.00794692,total0,0.082562,false,0.00214942,over,0.00754792,false0,0.026453,over0,0.0928924,overaggr,0.00601493,overcuckoo,0.00193199,over_uai,0.0504453,over_uai,0.00129341,over_utai,0.00972647,over_utai,0.0100287,over_ai,0.00711239,over_ai,0.00812505,countIP,1.22742e+11,countIP0,1.31828e+11,keysum,1.21774e+11,pktSum,5.489e+11,aggrSum,7.3246e+08,blackkey_num,91322455,feedback,35,feedsumportion,0.557448,finger0,11,finger,15,time,313659,runTime,3050.97
line,50969826,total,0.00794481,total0,0.0825724,false,0.00212267,over,0.00745267,false0,0.0265545,over0,0.0932323,overaggr,0.0060132,overcuckoo,0.00193161,over_uai,0.0065465,over_uai,0.00172043,over_utai,0.00972524,over_utai,0.0100257,over_ai,0.00711027,over_ai,0.00812289,countIP,1.22781e+11,countIP0,1.31872e+11,keysum,1.21813e+11,pktSum,5.49077e+11,aggrSum,7.32488e+08,blackkey_num,92728922,feedback,35,feedsumportion,0.977331,finger0,11,finger,15,time,341683,runTime,3051.97
line,50986649,total,0.00794267,total0,0.0825753,false,0.00209741,over,0.00735928,false0,0.026563,over0,0.0932031,overaggr,0.00601156,overcuckoo,0.00193111,over_uai,0.00249034,over_uai,0.00121215,over_utai,0.00972239,over_utai,0.0100229,over_ai,0.00710833,over_ai,0.00812043,countIP,1.22821e+11,countIP0,1.31916e+11,keysum,1.21854e+11,pktSum,5.49253e+11,aggrSum,7.3253e+08,blackkey_num,94287984,feedback,35,feedsumportion,0.977331,finger0,11,finger,15,time,341683,runTime,3052.97
line,51003806,total,0.00794059,total0,0.0825814,false,0.00207046,over,0.00727088,false0,0.026578,over0,0.0933344,overaggr,0.00600983,overcuckoo,0.00193077,over_uai,0.00180429,over_uai,0.00181941,over_utai,0.00971945,over_utai,0.0100204,over_ai,0.00710612,over_ai,0.00811858,countIP,1.22859e+11,countIP0,1.31957e+11,keysum,1.21891e+11,pktSum,5.4943e+11,aggrSum,7.32545e+08,blackkey_num,95823180,feedback,35,feedsumportion,0.977331,finger0,11,finger,15,time,341683,runTime,3053.97
line,51020894,total,0.00793868,total0,0.0825894,false,0.00204557,over,0.00719187,false0,0.0266089,over0,0.0935521,overaggr,0.00600828,overcuckoo,0.0019304,over_uai,0.00198815,over_uai,0.00191031,over_utai,0.00971675,over_utai,0.0100179,over_ai,0.00710407,over_ai,0.00811678,countIP,1.22896e+11,countIP0,1.31998e+11,keysum,1.21928e+11,pktSum,5.49606e+11,aggrSum,7.32576e+08,blackkey_num,97498103,feedback,35,feedsumportion,0.977331,finger0,11,finger,15,time,341683,runTime,3054.97
line,51037340,total,0.00793634,total0,0.0825962,false,0.00201875,over,0.0070971,false0,0.026652,over0,0.0936975,overaggr,0.00600645,overcuckoo,0.00192989,over_uai,0.00423773,over_uai,0.00125932,over_utai,0.00971483,over_utai,0.0100151,over_ai,0.00710157,over_ai,0.00811474,countIP,1.22936e+11,countIP0,1.32042e+11,keysum,1.21968e+11,pktSum,5.49786e+11,aggrSum,7.32593e+08,blackkey_num,99133653,feedback,35,feedsumportion,0.977331,finger0,11,finger,15,time,341683,runTime,3055.97
line,51053611,total,0.00793412,total0,0.0826117,false,0.00199803,over,0.00701166,false0,0.0268467,over0,0.0942125,overaggr,0.00600487,overcuckoo,0.00192925,over_uai,0.00308351,over_uai,0.000973603,over_utai,0.00971225,over_utai,0.0100116,over_ai,0.00709965,over_ai,0.00811177,countIP,1.2298e+11,countIP0,1.32092e+11,keysum,1.22012e+11,pktSum,5.49969e+11,aggrSum,7.32667e+08,blackkey_num,100500629,feedback,33,feedsumportion,0.545711,finger0,11,finger,15,time,350221,runTime,3056.97
line,51070258,total,0.0079321,total0,0.0826093,false,0.00197843,over,0.00693629,false0,0.0267924,over0,0.0939333,overaggr,0.00600332,overcuckoo,0.00192877,over_uai,0.00299876,over_uai,0.001065,over_utai,0.0097098,over_utai,0.0100085,over_ai,0.00709777,over_ai,0.00810912,countIP,1.23021e+11,countIP0,1.32136e+11,keysum,1.22053e+11,pktSum,5.50145e+11,aggrSum,7.32725e+08,blackkey_num,102289340,feedback,33,feedsumportion,0.545711,finger0,11,finger,15,time,350221,runTime,3057.97
line,51086827,total,0.00793104,total0,0.0826135,false,0.00197074,over,0.00690481,false0,0.0268147,over0,0.0939498,overaggr,0.00600286,overcuckoo,0.00192818,over_uai,0.00339917,over_uai,0.00586739,over_utai,0.00970749,over_utai,0.0100068,over_ai,0.00709577,over_ai,0.00810902,countIP,1.23062e+11,countIP0,1.32181e+11,keysum,1.22094e+11,pktSum,5.50323e+11,aggrSum,7.32913e+08,blackkey_num,103842833,feedback,33,feedsumportion,0.545711,finger0,11,finger,15,time,350221,runTime,3058.97
line,51103287,total,0.00792914,total0,0.0826159,false,0.00195421,over,0.00683869,false0,0.0268294,over0,0.0938886,overaggr,0.00600138,overcuckoo,0.00192776,over_uai,0.00248552,over_uai,0.00218122,over_utai,0.00970458,over_utai,0.0100045,over_ai,0.00709364,over_ai,0.00810714,countIP,1.23104e+11,countIP0,1.32226e+11,keysum,1.22136e+11,pktSum,5.50498e+11,aggrSum,7.32982e+08,blackkey_num,107622201,feedback,33,feedsumportion,0.545711,finger0,11,finger,15,time,350221,runTime,3059.97
line,51119917,total,0.00792705,total0,0.0826124,false,0.00193822,over,0.0067677,false0,0.0267971,over0,0.0935674,overaggr,0.00599974,overcuckoo,0.00192731,over_uai,0.00245707,over_uai,0.00209369,over_utai,0.00970188,over_utai,0.0100015,over_ai,0.00709146,over_ai,0.00810475,countIP,1.23149e+11,countIP0,1.32274e+11,keysum,1.22181e+11,pktSum,5.50677e+11,aggrSum,7.33052e+08,blackkey_num,109066046,feedback,33,feedsumportion,0.545711,finger0,11,finger,15,time,350221,runTime,3060.97
line,51136256,total,0.00792437,total0,0.0826232,false,0.00191371,over,0.00667461,false0,0.0269066,over0,0.0938447,overaggr,0.00599763,overcuckoo,0.00192673,over_uai,0.00107338,over_uai,0.00100967,over_utai,0.0096988,over_utai,0.00999783,over_ai,0.0070891,over_ai,0.00810152,countIP,1.23195e+11,countIP0,1.32326e+11,keysum,1.22227e+11,pktSum,5.50874e+11,aggrSum,7.33072e+08,blackkey_num,110676001,feedback,39,feedsumportion,0.813374,finger0,11,finger,15,time,342528,runTime,3061.97
line,51152729,total,0.00792159,total0,0.082615,false,0.00189206,over,0.00658145,false0,0.0268307,over0,0.0933294,overaggr,0.00599544,overcuckoo,0.00192615,over_uai,0.00212665,over_uai,0.00106744,over_utai,0.00969602,over_utai,0.00999382,over_ai,0.00708662,over_ai,0.00809826,countIP,1.23244e+11,countIP0,1.32377e+11,keysum,1.22275e+11,pktSum,5.51064e+11,aggrSum,7.33094e+08,blackkey_num,112063113,feedback,39,feedsumportion,0.813374,finger0,11,finger,15,time,342528,runTime,3062.97
line,51168963,total,0.0079194,total0,0.0826174,false,0.00187094,over,0.00651044,false0,0.0268086,over0,0.0932876,overaggr,0.00599369,overcuckoo,0.0019257,over_uai,0.00154471,over_uai,0.00148572,over_utai,0.00969317,over_utai,0.00999106,over_ai,0.00708421,over_ai,0.00809634,countIP,1.23283e+11,countIP0,1.3242e+11,keysum,1.22314e+11,pktSum,5.51243e+11,aggrSum,7.33115e+08,blackkey_num,113888669,feedback,39,feedsumportion,0.813374,finger0,11,finger,15,time,342528,runTime,3063.97
line,51185387,total,0.00791716,total0,0.082613,false,0.00185049,over,0.0064397,false0,0.0267166,over0,0.0929737,overaggr,0.00599195,overcuckoo,0.00192522,over_uai,0.00113332,over_uai,0.00151781,over_utai,0.00968983,over_utai,0.00998882,over_ai,0.00708165,over_ai,0.00809465,countIP,1.23322e+11,countIP0,1.32462e+11,keysum,1.22354e+11,pktSum,5.5142e+11,aggrSum,7.33137e+08,blackkey_num,115405757,feedback,39,feedsumportion,0.813374,finger0,11,finger,15,time,342528,runTime,3064.97
line,51201843,total,0.00791538,total0,0.0826211,false,0.00183062,over,0.00638569,false0,0.0267115,over0,0.093177,overaggr,0.00599054,overcuckoo,0.00192484,over_uai,0.00228667,over_uai,0.00212275,over_utai,0.00968768,over_utai,0.00998666,over_ai,0.00707984,over_ai,0.00809295,countIP,1.23357e+11,countIP0,1.325e+11,keysum,1.22388e+11,pktSum,5.516e+11,aggrSum,7.33172e+08,blackkey_num,117298073,feedback,39,feedsumportion,0.813374,finger0,11,finger,15,time,342528,runTime,3065.97
line,51218500,total,0.00791955,total0,0.0826364,false,0.00187657,over,0.00656432,false0,0.0267761,over0,0.0936642,overaggr,0.00599466,overcuckoo,0.00192489,over_uai,0.0279018,over_uai,0.00419209,over_utai,0.00969255,over_utai,0.00998512,over_ai,0.00708732,over_ai,0.00809239,countIP,1.23391e+11,countIP0,1.32538e+11,keysum,1.22421e+11,pktSum,5.51779e+11,aggrSum,7.33875e+08,blackkey_num,118136479,feedback,35,feedsumportion,0.524816,finger0,11,finger,15,time,312036,runTime,3066.97
line,51235110,total,0.00792508,total0,0.0826401,false,0.00193732,over,0.00679146,false0,0.0267263,over0,0.0936918,overaggr,0.00599983,overcuckoo,0.00192525,over_uai,0.0332256,over_uai,0.00582927,over_utai,0.00969948,over_utai,0.00998417,over_ai,0.00709674,over_ai,0.00809252,countIP,1.23425e+11,countIP0,1.32574e+11,keysum,1.22454e+11,pktSum,5.51952e+11,aggrSum,7.34706e+08,blackkey_num,118950717,feedback,35,feedsumportion,0.524816,finger0,11,finger,15,time,312036,runTime,3067.97
line,51251424,total,0.00792982,total0,0.0826369,false,0.00199069,over,0.00698567,false0,0.0266279,over0,0.0934416,overaggr,0.00600496,overcuckoo,0.00192487,over_uai,0.0298278,over_uai,0.00189274,over_utai,0.00970615,over_utai,0.00998179,over_ai,0.00710604,over_ai,0.00809078,countIP,1.23463e+11,countIP0,1.32614e+11,keysum,1.22492e+11,pktSum,5.52133e+11,aggrSum,7.35559e+08,blackkey_num,121949538,feedback,35,feedsumportion,0.524816,finger0,11,finger,15,time,312036,runTime,3068.97
line,51268124,total,0.00793256,total0,0.0826364,false,0.00202362,over,0.00710007,false0,0.0265891,over0,0.0932901,overaggr,0.00600819,overcuckoo,0.00192437,over_uai,0.0228505,over_uai,0.00113706,over_utai,0.00971001,over_utai,0.00997919,over_ai,0.00711199,over_ai,0.0080886,countIP,1.23503e+11,countIP0,1.32657e+11,keysum,1.22531e+11,pktSum,5.52307e+11,aggrSum,7.36191e+08,blackkey_num,122812368,feedback,35,feedsumportion,0.524816,finger0,11,finger,15,time,312036,runTime,3069.97
line,51284644,total,0.00793548,total0,0.0826414,false,0.00205347,over,0.00721756,false0,0.026563,over0,0.0933641,overaggr,0.00601147,overcuckoo,0.00192401,over_uai,0.0240389,over_uai,0.0015889,over_utai,0.00971393,over_utai,0.00997685,over_ai,0.00711778,over_ai,0.008087,countIP,1.23538e+11,countIP0,1.32695e+11,keysum,1.22566e+11,pktSum,5.52484e+11,aggrSum,7.36801e+08,blackkey_num,123530748,feedback,35,feedsumportion,0.524816,finger0,11,finger,15,time,312036,runTime,3070.97
line,51300992,total,0.00793351,total0,0.0826611,false,0.00203272,over,0.00715278,false0,0.0267063,over0,0.0939745,overaggr,0.0060099,overcuckoo,0.0019236,over_uai,0.00744501,over_uai,0.00162718,over_utai,0.00971297,over_utai,0.00997463,over_ai,0.00711554,over_ai,0.00808556,countIP,1.23575e+11,countIP0,1.32736e+11,keysum,1.22602e+11,pktSum,5.5266e+11,aggrSum,7.36825e+08,blackkey_num,125122145,feedback,36,feedsumportion,0.973613,finger0,11,finger,15,time,313273,runTime,3071.97
line,51316970,total,0.00793144,total0,0.0826642,false,0.00201267,over,0.00708608,false0,0.0266881,over0,0.0939619,overaggr,0.00600825,overcuckoo,0.00192319,over_uai,0.00889905,over_uai,0.00149809,over_utai,0.00971238,over_utai,0.00997179,over_ai,0.0071134,over_ai,0.00808335,countIP,1.23613e+11,countIP0,1.32778e+11,keysum,1.2264e+11,pktSum,5.52838e+11,aggrSum,7.36851e+08,blackkey_num,126434071,feedback,36,feedsumportion,0.973613,finger0,11,finger,15,time,313273,runTime,3072.97
line,51333499,total,0.00792937,total0,0.0826641,false,0.0019948,over,0.00702131,false0,0.0266569,over0,0.0938269,overaggr,0.00600648,overcuckoo,0.00192289,over_uai,0.00869535,over_uai,0.00210706,over_utai,0.00971182,over_utai,0.00996943,over_ai,0.00711124,over_ai,0.00808135,countIP,1.23652e+11,countIP0,1.32821e+11,keysum,1.2268e+11,pktSum,5.53014e+11,aggrSum,7.36872e+08,blackkey_num,128007679,feedback,36,feedsumportion,0.973613,finger0,11,finger,15,time,313273,runTime,3073.97
line,51350226,total,0.00792737,total0,0.0826606,false,0.00197695,over,0.00695975,false0,0.0265818,over0,0.09358,overaggr,0.00600484,overcuckoo,0.00192253,over_uai,0.0100612,over_uai,0.0018604,over_utai,0.00971175,over_utai,0.00996726,over_ai,0.00710881,over_ai,0.00807995,countIP,1.23689e+11,countIP0,1.3286e+11,keysum,1.22716e+11,pktSum,5.53182e+11,aggrSum,7.36891e+08,blackkey_num,129453682,feedback,36,feedsumportion,0.973613,finger0,11,finger,15,time,313273,runTime,3074.97
line,51366804,total,0.00792551,total0,0.0826686,false,0.00195853,over,0.00690328,false0,0.0266003,over0,0.0937588,overaggr,0.00600331,overcuckoo,0.0019222,over_uai,0.00873734,over_uai,0.00193063,over_utai,0.00971115,over_utai,0.0099651,over_ai,0.00710668,over_ai,0.00807858,countIP,1.23723e+11,countIP0,1.32898e+11,keysum,1.2275e+11,pktSum,5.53351e+11,aggrSum,7.36908e+08,blackkey_num,130923067,feedback,36,feedsumportion,0.973613,finger0,11,finger,15,time,313273,runTime,3075.97
line,51383516,total,0.00793091,total0,0.0826821,false,0.00201165,over,0.0071021,false0,0.0266606,over0,0.0941249,overaggr,0.00600899,overcuckoo,0.00192192,over_uai,0.0369106,over_uai,0.00210389,over_utai,0.00971835,over_utai,0.0099631,over_ai,0.00711678,over_ai,0.00807718,countIP,1.23757e+11,countIP0,1.32935e+11,keysum,1.22783e+11,pktSum,5.5352e+11,aggrSum,7.37802e+08,blackkey_num,132360539,feedback,31,feedsumportion,0.484746,finger0,11,finger,15,time,309366,runTime,3076.97
line,51400161,total,0.00794176,total0,0.0826839,false,0.00211649,over,0.00748635,false0,0.026599,over0,0.0940846,overaggr,0.00602003,overcuckoo,0.00192174,over_uai,0.0621089,over_uai,0.00181301,over_utai,0.0097334,over_utai,0.0099612,over_ai,0.00713595,over_ai,0.00807588,countIP,1.2379e+11,countIP0,1.3297e+11,keysum,1.22815e+11,pktSum,5.53687e+11,aggrSum,7.39349e+08,blackkey_num,133762316,feedback,31,feedsumportion,0.484746,finger0,11,finger,15,time,309366,runTime,3077.97
line,51416503,total,0.00794653,total0,0.0826809,false,0.00216158,over,0.00765482,false0,0.0265079,over0,0.0938727,overaggr,0.00602506,overcuckoo,0.00192147,over_uai,0.0298776,over_uai,0.00216633,over_utai,0.00973956,over_utai,0.00995914,over_ai,0.00714482,over_ai,0.00807473,countIP,1.23826e+11,countIP0,1.33007e+11,keysum,1.2285e+11,pktSum,5.5386e+11,aggrSum,7.40177e+08,blackkey_num,135198828,feedback,31,feedsumportion,0.484746,finger0,11,finger,15,time,309366,runTime,3078.97
line,51433103,total,0.00796458,total0,0.0826795,false,0.00233552,over,0.00827219,false0,0.0264564,over0,0.0937063,overaggr,0.00604348,overcuckoo,0.0019211,over_uai,0.0934843,over_uai,0.00144045,over_utai,0.00976444,over_utai,0.00995631,over_ai,0.00717676,over_ai,0.00807275,countIP,1.23867e+11,countIP0,1.33048e+11,keysum,1.22888e+11,pktSum,5.54037e+11,aggrSum,7.42672e+08,blackkey_num,136632280,feedback,31,feedsumportion,0.484746,finger0,11,finger,15,time,309366,runTime,3079.97
line,51449670,total,0.00796335,total0,0.0826973,false,0.00232475,over,0.00822753,false0,0.0266112,over0,0.0941797,overaggr,0.00604265,overcuckoo,0.00192071,over_uai,0.00687593,over_uai,0.00174779,over_utai,0.00976317,over_utai,0.00995348,over_ai,0.00717621,over_ai,0.0080705,countIP,1.23908e+11,countIP0,1.33095e+11,keysum,1.22929e+11,pktSum,5.54212e+11,aggrSum,7.42816e+08,blackkey_num,138010240,feedback,31,feedsumportion,0.484746,finger0,11,finger,15,time,309366,runTime,3080.97
line,51466398,total,0.00796111,total0,0.0827088,false,0.00230512,over,0.00814989,false0,0.0267088,over0,0.0944306,overaggr,0.00604084,overcuckoo,0.00192028,over_uai,0.00317069,over_uai,0.0015644,over_utai,0.00976114,over_utai,0.00995016,over_ai,0.00717427,over_ai,0.0080678,countIP,1.23951e+11,countIP0,1.33143e+11,keysum,1.22972e+11,pktSum,5.54393e+11,aggrSum,7.42853e+08,blackkey_num,139523166,feedback,37,feedsumportion,0.987787,finger0,11,finger,15,time,312117,runTime,3081.97
line,51483167,total,0.00795907,total0,0.0827082,false,0.00228461,over,0.00808048,false0,0.0266593,over0,0.0942918,overaggr,0.00603912,overcuckoo,0.00191994,over_uai,0.0027933,over_uai,0.00152575,over_utai,0.00975885,over_utai,0.00994718,over_ai,0.00717223,over_ai,0.00806573,countIP,1.23989e+11,countIP0,1.33183e+11,keysum,1.2301e+11,pktSum,5.5457e+11,aggrSum,7.4287e+08,blackkey_num,141181186,feedback,37,feedsumportion,0.987787,finger0,11,finger,15,time,312117,runTime,3082.97
line,51499821,total,0.00795694,total0,0.0827054,false,0.00226432,over,0.00800974,false0,0.0265968,over0,0.0940827,overaggr,0.00603743,overcuckoo,0.00191951,over_uai,0.00289654,over_uai,0.00141193,over_utai,0.0097564,over_utai,0.009944,over_ai,0.00717019,over_ai,0.00806338,countIP,1.24027e+11,countIP0,1.33224e+11,keysum,1.23048e+11,pktSum,5.54744e+11,aggrSum,7.42891e+08,blackkey_num,142989871,feedback,37,feedsumportion,0.987787,finger0,11,finger,15,time,312117,runTime,3083.97
line,51516751,total,0.0079553,total0,0.0827012,false,0.00224731,over,0.00795627,false0,0.0265064,over0,0.093842,overaggr,0.00603615,overcuckoo,0.00191915,over_uai,0.00434736,over_uai,0.00353486,over_utai,0.00975445,over_utai,0.00994205,over_ai,0.00716808,over_ai,0.00806238,countIP,1.24062e+11,countIP0,1.33262e+11,keysum,1.23083e+11,pktSum,5.54914e+11,aggrSum,7.42945e+08,blackkey_num,144470032,feedback,37,feedsumportion,0.987787,finger0,11,finger,15,time,312117,runTime,3084.97
line,51533369,total,0.00795349,total0,0.0827124,false,0.00222696,over,0.00789818,false0,0.0265334,over0,0.0941041,overaggr,0.00603465,overcuckoo,0.00191883,over_uai,0.00241056,over_uai,0.00206276,over_utai,0.00975176,over_utai,0.00993981,over_ai,0.00716599,over_ai,0.0080609,countIP,1.24095e+11,countIP0,1.33299e+11,keysum,1.23116e+11,pktSum,5.55091e+11,aggrSum,7.42964e+08,blackkey_num,148092176,feedback,37,feedsumportion,0.987787,finger0,11,finger,15,time,312117,runTime,3085.97
line,51549802,total,0.00795687,total0,0.0827478,false,0.00225578,over,0.00800609,false0,0.0268014,over0,0.0951218,overaggr,0.00603833,overcuckoo,0.00191853,over_uai,0.0242751,over_uai,0.00175271,over_utai,0.00975634,over_utai,0.00993739,over_ai,0.00717282,over_ai,0.00805919,countIP,1.24133e+11,countIP0,1.33344e+11,keysum,1.23153e+11,pktSum,5.55269e+11,aggrSum,7.4364e+08,blackkey_num,148916232,feedback,33,feedsumportion,0.623589,finger0,11,finger,15,time,310202,runTime,3086.97
line,51566203,total,0.0079616,total0,0.0827696,false,0.00229395,over,0.00815465,false0,0.0269197,over0,0.0956954,overaggr,0.00604326,overcuckoo,0.00191833,over_uai,0.0334212,over_uai,0.00226929,over_utai,0.00976304,over_utai,0.00993513,over_ai,0.00718189,over_ai,0.00805754,countIP,1.24169e+11,countIP0,1.33384e+11,keysum,1.23188e+11,pktSum,5.55451e+11,aggrSum,7.44459e+08,blackkey_num,149728605,feedback,33,feedsumportion,0.623589,finger0,11,finger,15,time,310202,runTime,3087.97
line,51582740,total,0.007966,total0,0.0827862,false,0.00232881,over,0.00829067,false0,0.0269956,over0,0.0961059,overaggr,0.00604796,overcuckoo,0.00191805,over_uai,0.0306091,over_uai,0.00192381,over_utai,0.00976895,over_utai,0.00993284,over_ai,0.00719025,over_ai,0.00805595,countIP,1.24203e+11,countIP0,1.33422e+11,keysum,1.23221e+11,pktSum,5.55622e+11,aggrSum,7.45238e+08,blackkey_num,150711719,feedback,33,feedsumportion,0.623589,finger0,11,finger,15,time,310202,runTime,3088.97
line,51599477,total,0.00797045,total0,0.0828075,false,0.00236509,over,0.00842534,false0,0.0271293,over0,0.0966448,overaggr,0.00605271,overcuckoo,0.00191773,over_uai,0.0304221,over_uai,0.00177498,over_utai,0.0097754,over_utai,0.00993053,over_ai,0.00719897,over_ai,0.00805427,countIP,1.2424e+11,countIP0,1.33465e+11,keysum,1.23258e+11,pktSum,5.55798e+11,aggrSum,7.46044e+08,blackkey_num,151733036,feedback,33,feedsumportion,0.623589,finger0,11,finger,15,time,310202,runTime,3089.97
line,51616182,total,0.00797476,total0,0.0828,false,0.00240055,over,0.00855352,false0,0.0270221,over0,0.096284,overaggr,0.00605725,overcuckoo,0.00191751,over_uai,0.0265586,over_uai,0.00218555,over_utai,0.00978095,over_utai,0.00992802,over_ai,0.00720725,over_ai,0.00805281,countIP,1.24279e+11,countIP0,1.33504e+11,keysum,1.23295e+11,pktSum,5.55972e+11,aggrSum,7.46832e+08,blackkey_num,152581488,feedback,33,feedsumportion,0.623589,finger0,11,finger,15,time,310202,runTime,3090.97
line,51632592,total,0.00797281,total0,0.082798,false,0.0023814,over,0.00848852,false0,0.0269583,over0,0.0960929,overaggr,0.00605549,overcuckoo,0.00191731,over_uai,0.00225356,over_uai,0.00283191,over_utai,0.00977803,over_utai,0.00992591,over_ai,0.0072048,over_ai,0.0080516,countIP,1.24318e+11,countIP0,1.33546e+11,keysum,1.23334e+11,pktSum,5.56156e+11,aggrSum,7.46851e+08,blackkey_num,154137319,feedback,30,feedsumportion,0.980698,finger0,11,finger,15,time,311310,runTime,3091.97
line,51648815,total,0.00797076,total0,0.0828138,false,0.00236215,over,0.00842173,false0,0.0270501,over0,0.0964413,overaggr,0.00605376,overcuckoo,0.00191699,over_uai,0.00164775,over_uai,0.00198358,over_utai,0.00977464,over_utai,0.00992334,over_ai,0.00720251,over_ai,0.0080499,countIP,1.24358e+11,countIP0,1.33591e+11,keysum,1.23374e+11,pktSum,5.5634e+11,aggrSum,7.46878e+08,blackkey_num,155704721,feedback,30,feedsumportion,0.980698,finger0,11,finger,15,time,311310,runTime,3092.97
line,51665128,total,0.00796899,total0,0.0828293,false,0.00234405,over,0.00836512,false0,0.0271212,over0,0.0967867,overaggr,0.00605215,overcuckoo,0.00191685,over_uai,0.00113183,over_uai,0.00275306,over_utai,0.00977174,over_utai,0.00992099,over_ai,0.0072004,over_ai,0.00804859,countIP,1.24394e+11,countIP0,1.33632e+11,keysum,1.2341e+11,pktSum,5.56519e+11,aggrSum,7.46896e+08,blackkey_num,157476684,feedback,30,feedsumportion,0.980698,finger0,11,finger,15,time,311310,runTime,3093.97
line,51681532,total,0.00796714,total0,0.0828452,false,0.00232594,over,0.00830661,false0,0.0271976,over0,0.0971304,overaggr,0.00605052,overcuckoo,0.00191662,over_uai,0.0015855,over_uai,0.00253964,over_utai,0.00976863,over_utai,0.00991888,over_ai,0.00719805,over_ai,0.00804727,countIP,1.24431e+11,countIP0,1.33675e+11,keysum,1.23448e+11,pktSum,5.56702e+11,aggrSum,7.46923e+08,blackkey_num,160996765,feedback,30,feedsumportion,0.980698,finger0,11,finger,15,time,311310,runTime,3094.97
line,51698226,total,0.00796529,total0,0.0828529,false,0.00230899,over,0.00824945,false0,0.0272146,over0,0.097231,overaggr,0.00604887,overcuckoo,0.00191642,over_uai,0.00220257,over_uai,0.00243265,over_utai,0.00976595,over_utai,0.00991639,over_ai,0.00719609,over_ai,0.00804551,countIP,1.24468e+11,countIP0,1.33716e+11,keysum,1.23485e+11,pktSum,5.56876e+11,aggrSum,7.46942e+08,blackkey_num,162507849,feedback,30,feedsumportion,0.980698,finger0,11,finger,15,time,311310,runTime,3095.97
line,51714860,total,0.00796426,total0,0.0828546,false,0.00230038,over,0.00821699,false0,0.0271974,over0,0.0971493,overaggr,0.00604811,overcuckoo,0.00191615,over_uai,0.00515236,over_uai,0.00199453,over_utai,0.00976412,over_utai,0.00991402,over_ai,0.00719543,over_ai,0.00804357,countIP,1.24507e+11,countIP0,1.33758e+11,keysum,1.23523e+11,pktSum,5.57049e+11,aggrSum,7.47081e+08,blackkey_num,164175979,feedback,31,feedsumportion,0.482193,finger0,11,finger,15,time,308841,runTime,3096.97
line,51731387,total,0.00796311,total0,0.0828761,false,0.00228916,over,0.00818147,false0,0.0273227,over0,0.0976515,overaggr,0.00604723,overcuckoo,0.00191587,over_uai,0.00468033,over_uai,0.00225243,over_utai,0.00976191,over_utai,0.00991184,over_ai,0.00719418,over_ai,0.008042,countIP,1.24543e+11,countIP0,1.33799e+11,keysum,1.23559e+11,pktSum,5.57222e+11,aggrSum,7.47191e+08,blackkey_num,165845803,feedback,31,feedsumportion,0.482193,finger0,11,finger,15,time,308841,runTime,3097.97
line,51747884,total,0.00796163,total0,0.0828694,false,0.00227692,over,0.00813726,false0,0.027233,over0,0.0973251,overaggr,0.0060462,overcuckoo,0.00191543,over_uai,0.00363669,over_uai,0.00128572,over_utai,0.00975926,over_utai,0.00990904,over_ai,0.00719294,over_ai,0.00803998,countIP,1.24583e+11,countIP0,1.33841e+11,keysum,1.23598e+11,pktSum,5.57401e+11,aggrSum,7.47301e+08,blackkey_num,167266675,feedback,31,feedsumportion,0.482193,finger0,11,finger,15,time,308841,runTime,3098.97
line,51764177,total,0.0079603,total0,0.0828672,false,0.00226576,over,0.00809796,false0,0.0271766,over0,0.0971309,overaggr,0.00604527,overcuckoo,0.00191503,over_uai,0.0041118,over_uai,0.00177057,over_utai,0.00975682,over_utai,0.00990664,over_ai,0.00719179,over_ai,0.00803835,countIP,1.24623e+11,countIP0,1.33884e+11,keysum,1.23638e+11,pktSum,5.57585e+11,aggrSum,7.47427e+08,blackkey_num,168704703,feedback,31,feedsumportion,0.482193,finger0,11,finger,15,time,308841,runTime,3099.97
line,51780800,total,0.00795925,total0,0.0828628,false,0.00225757,over,0.00806705,false0,0.0271109,over0,0.0968762,overaggr,0.00604451,overcuckoo,0.00191473,over_uai,0.00512775,over_uai,0.00227032,over_utai,0.00975482,over_utai,0.00990403,over_ai,0.0071913,over_ai,0.00803644,countIP,1.24663e+11,countIP0,1.33927e+11,keysum,1.23679e+11,pktSum,5.57766e+11,aggrSum,7.47578e+08,blackkey_num,170279173,feedback,31,feedsumportion,0.482193,finger0,11,finger,15,time,308841,runTime,3100.97
line,51796693,total,0.00795726,total0,0.0828584,false,0.00223983,over,0.00801087,false0,0.0270193,over0,0.0966359,overaggr,0.00604292,overcuckoo,0.00191434,over_uai,0.000831634,over_uai,0.00174987,over_utai,0.00975165,over_utai,0.00990119,over_ai,0.00718914,over_ai,0.00803453,countIP,1.247e+11,countIP0,1.33967e+11,keysum,1.23716e+11,pktSum,5.5795e+11,aggrSum,7.47605e+08,blackkey_num,171940029,feedback,39,feedsumportion,0.868969,finger0,11,finger,15,time,316924,runTime,3101.97
line,51812633,total,0.0079615,total0,0.0828847,false,0.00227191,over,0.0081276,false0,0.0271816,over0,0.0972403,overaggr,0.00604115,overcuckoo,0.00192036,over_uai,0.00080487,over_uai,0.0391194,over_utai,0.00974821,over_utai,0.00990887,over_ai,0.0071866,over_ai,0.00804894,countIP,1.24741e+11,countIP0,1.34013e+11,keysum,1.23756e+11,pktSum,5.58136e+11,aggrSum,7.47626e+08,blackkey_num,173373063,feedback,39,feedsumportion,0.868969,finger0,11,finger,15,time,316924,runTime,3102.97
line,51828924,total,0.00797677,total0,0.0828792,false,0.00238883,over,0.00854424,false0,0.0271075,over0,0.0969567,overaggr,0.00605699,overcuckoo,0.00191978,over_uai,0.0683407,over_uai,0.00106466,over_utai,0.00976897,over_utai,0.00990642,over_ai,0.00721388,over_ai,0.00804678,countIP,1.24785e+11,countIP0,1.34058e+11,keysum,1.23797e+11,pktSum,5.58324e+11,aggrSum,7.4984e+08,blackkey_num,174884138,feedback,39,feedsumportion,0.868969,finger0,11,finger,15,time,316924,runTime,3103.97
line,51845141,total,0.00797473,total0,0.0828763,false,0.00237007,over,0.00848419,false0,0.0270305,over0,0.0967616,overaggr,0.00605538,overcuckoo,0.00191936,over_uai,0.000943145,over_uai,0.00159984,over_utai,0.00976601,over_utai,0.00990379,over_ai,0.00721174,over_ai,0.00804475,countIP,1.24822e+11,countIP0,1.34098e+11,keysum,1.23835e+11,pktSum,5.58508e+11,aggrSum,7.49865e+08,blackkey_num,176314306,feedback,39,feedsumportion,0.868969,finger0,11,finger,15,time,316924,runTime,3104.97
line,51861466,total,0.00797283,total0,0.0828803,false,0.00235315,over,0.0084287,false0,0.0270129,over0,0.0967569,overaggr,0.00605374,overcuckoo,0.00191909,over_uai,0.00129351,over_uai,0.00194597,over_utai,0.00976303,over_utai,0.00990156,over_ai,0.00720945,over_ai,0.0080435,countIP,1.2486e+11,countIP0,1.34139e+11,keysum,1.23872e+11,pktSum,5.5869e+11,aggrSum,7.4989e+08,blackkey_num,177667485,feedback,39,feedsumportion,0.868969,finger0,11,finger,15,time,316924,runTime,3105.97
line,51878402,total,0.00797785,total0,0.0828818,false,0.00239212,over,0.00855895,false0,0.0270185,over0,0.0966714,overaggr,0.00605925,overcuckoo,0.00191861,over_uai,0.0322123,over_uai,0.00116495,over_utai,0.00977054,over_utai,0.00989859,over_ai,0.00721973,over_ai,0.0080409,countIP,1.24902e+11,countIP0,1.34184e+11,keysum,1.23914e+11,pktSum,5.58863e+11,aggrSum,7.50824e+08,blackkey_num,178745249,feedback,35,feedsumportion,0.969865,finger0,11,finger,15,time,428675,runTime,3106.97
line,51895131,total,0.007982,total0,0.0828864,false,0.00242193,over,0.00866427,false0,0.0270257,over0,0.0966825,overaggr,0.00606373,overcuckoo,0.00191827,over_uai,0.0299474,over_uai,0.00161969,over_utai,0.00977643,over_utai,0.00989598,over_ai,0.00722811,over_ai,0.00803878,countIP,1.24941e+11,countIP0,1.34225e+11,keysum,1.23951e+11,pktSum,5.59032e+11,aggrSum,7.51607e+08,blackkey_num,179908173,feedback,35,feedsumportion,0.969865,finger0,11,finger,15,time,428675,runTime,3107.97
line,51911920,total,0.00798542,total0,0.0829125,false,0.0024436,over,0.00874881,false0,0.0271653,over0,0.0972597,overaggr,0.00606749,overcuckoo,0.00191794,over_uai,0.0272366,over_uai,0.00150084,over_utai,0.00978147,over_utai,0.00989333,over_ai,0.00723533,over_ai,0.00803671,countIP,1.24979e+11,countIP0,1.34269e+11,keysum,1.23989e+11,pktSum,5.59217e+11,aggrSum,7.52301e+08,blackkey_num,180676931,feedback,35,feedsumportion,0.969865,finger0,11,finger,15,time,428675,runTime,3108.97
line,51928906,total,0.00798919,total0,0.0829179,false,0.00246655,over,0.00884156,false0,0.0271422,over0,0.0972935,overaggr,0.00607139,overcuckoo,0.0019178,over_uai,0.0265549,over_uai,0.00287939,over_utai,0.00978626,over_utai,0.00989104,over_ai,0.0072423,over_ai,0.00803567,countIP,1.25015e+11,countIP0,1.34308e+11,keysum,1.24024e+11,pktSum,5.594e+11,aggrSum,7.53e+08,blackkey_num,181458040,feedback,35,feedsumportion,0.969865,finger0,11,finger,15,time,428675,runTime,3109.97
line,51945996,total,0.00799281,total0,0.0829377,false,0.00248798,over,0.00892956,false0,0.0272232,over0,0.0977062,overaggr,0.00607534,overcuckoo,0.00191747,over_uai,0.0322648,over_uai,0.00120519,over_utai,0.00979177,over_utai,0.00988825,over_ai,0.00724971,over_ai,0.00803358,countIP,1.2505e+11,countIP0,1.34348e+11,keysum,1.24059e+11,pktSum,5.59578e+11,aggrSum,7.53698e+08,blackkey_num,182213474,feedback,35,feedsumportion,0.969865,finger0,11,finger,15,time,428675,runTime,3110.97
line,51962943,total,0.00799126,total0,0.0829418,false,0.00247165,over,0.00888259,false0,0.0271869,over0,0.097704,overaggr,0.00607426,overcuckoo,0.001917,over_uai,0.00762592,over_uai,0.00117633,over_utai,0.00979101,over_utai,0.00988546,over_ai,0.00724867,over_ai,0.00803132,countIP,1.25086e+11,countIP0,1.34386e+11,keysum,1.24094e+11,pktSum,5.59763e+11,aggrSum,7.53779e+08,blackkey_num,183621300,feedback,37,feedsumportion,0.978421,finger0,11,finger,15,time,311358,runTime,3111.97
line,51980239,total,0.00798959,total0,0.082943,false,0.00245353,over,0.0088338,false0,0.027117,over0,0.0976332,overaggr,0.00607303,overcuckoo,0.00191656,over_uai,0.00569062,over_uai,0.000738564,over_utai,0.00978957,over_utai,0.0098823,over_ai,0.00724711,over_ai,0.00802937,countIP,1.25118e+11,countIP0,1.34422e+11,keysum,1.24127e+11,pktSum,5.59946e+11,aggrSum,7.53824e+08,blackkey_num,187370662,feedback,37,feedsumportion,0.978421,finger0,11,finger,15,time,311358,runTime,3112.97
line,51997149,total,0.00798711,total0,0.0829554,false,0.00243623,over,0.0087635,false0,0.0271936,over0,0.0978197,overaggr,0.00607112,overcuckoo,0.00191599,over_uai,0.00140133,over_uai,0.00108927,over_utai,0.00978647,over_utai,0.00987905,over_ai,0.00724461,over_ai,0.00802682,countIP,1.25161e+11,countIP0,1.3447e+11,keysum,1.2417e+11,pktSum,5.60127e+11,aggrSum,7.53848e+08,blackkey_num,188988173,feedback,37,feedsumportion,0.978421,finger0,11,finger,15,time,311358,runTime,3113.97
line,52014221,total,0.00798512,total0,0.0829787,false,0.00241995,over,0.00870716,false0,0.0273168,over0,0.0982879,overaggr,0.00606955,overcuckoo,0.00191557,over_uai,0.0024414,over_uai,0.00163974,over_utai,0.0097837,over_utai,0.00987629,over_ai,0.0072427,over_ai,0.00802483,countIP,1.252e+11,countIP0,1.34515e+11,keysum,1.24209e+11,pktSum,5.60312e+11,aggrSum,7.5389e+08,blackkey_num,190542675,feedback,37,feedsumportion,0.978421,finger0,11,finger,15,time,311358,runTime,3114.97
line,52030948,total,0.00798312,total0,0.0829908,false,0.00240235,over,0.00865177,false0,0.027345,over0,0.0984794,overaggr,0.00606799,overcuckoo,0.00191512,over_uai,0.00198039,over_uai,0.00119652,over_utai,0.00978096,over_utai,0.00987346,over_ai,0.00724061,over_ai,0.00802292,countIP,1.25237e+11,countIP0,1.34556e+11,keysum,1.24245e+11,pktSum,5.60496e+11,aggrSum,7.53919e+08,blackkey_num,192135678,feedback,37,feedsumportion,0.978421,finger0,11,finger,15,time,311358,runTime,3115.97
line,52048011,total,0.00798135,total0,0.0829913,false,0.00238698,over,0.00860315,false0,0.0272963,over0,0.0983812,overaggr,0.00606653,overcuckoo,0.00191482,over_uai,0.00485869,over_uai,0.00182426,over_utai,0.00977912,over_utai,0.00987111,over_ai,0.00723852,over_ai,0.00802144,countIP,1.25273e+11,countIP0,1.34595e+11,keysum,1.24281e+11,pktSum,5.60674e+11,aggrSum,7.53953e+08,blackkey_num,193956953,feedback,36,feedsumportion,0.697203,finger0,11,finger,15,time,309230,runTime,3116.97
line,52064765,total,0.00797978,total0,0.0829928,false,0.00237542,over,0.00855944,false0,0.0272782,over0,0.0982922,overaggr,0.00606508,overcuckoo,0.00191471,over_uai,0.0040273,over_uai,0.00312172,over_utai,0.00977686,over_utai,0.00986875,over_ai,0.00723651,over_ai,0.00802019,countIP,1.25314e+11,countIP0,1.3464e+11,keysum,1.24322e+11,pktSum,5.60859e+11,aggrSum,7.54021e+08,blackkey_num,196335602,feedback,36,feedsumportion,0.697203,finger0,11,finger,15,time,309230,runTime,3117.97
line,52081550,total,0.00797831,total0,0.0830056,false,0.00236222,over,0.00851913,false0,0.027311,over0,0.0984948,overaggr,0.00606362,overcuckoo,0.00191468,over_uai,0.00257509,over_uai,0.00336423,over_utai,0.00977413,over_utai,0.00986658,over_ai,0.00723445,over_ai,0.00801932,countIP,1.25351e+11,countIP0,1.34681e+11,keysum,1.24358e+11,pktSum,5.61043e+11,aggrSum,7.54063e+08,blackkey_num,198218316,feedback,36,feedsumportion,0.697203,finger0,11,finger,15,time,309230,runTime,3118.97
line,52098560,total,0.00797745,total0,0.0830217,false,0.00235317,over,0.00849475,false0,0.027364,over0,0.0987815,overaggr,0.00606281,overcuckoo,0.00191465,over_uai,0.00489372,over_uai,0.0041624,over_utai,0.00977215,over_utai,0.00986513,over_ai,0.00723335,over_ai,0.00801881,countIP,1.25386e+11,countIP0,1.34721e+11,keysum,1.24393e+11,pktSum,5.61222e+11,aggrSum,7.54174e+08,blackkey_num,199855795,feedback,36,feedsumportion,0.697203,finger0,11,finger,15,time,309230,runTime,3119.97
line,52115049,total,0.00797489,total0,0.0830103,false,0.00234188,over,0.00842763,false0,0.0273281,over0,0.0983445,overaggr,0.00606084,overcuckoo,0.00191405,over_uai,0.00250541,over_uai,0.00197251,over_utai,0.00976825,over_utai,0.00986307,over_ai,0.00723002,over_ai,0.00801744,countIP,1.25439e+11,countIP0,1.34777e+11,keysum,1.24447e+11,pktSum,5.6141e+11,aggrSum,7.54252e+08,blackkey_num,201388549,feedback,36,feedsumportion,0.697203,finger0,11,finger,15,time,309230,runTime,3120.97
line,52131575,total,0.00797276,total0,0.082999,false,0.00233207,over,0.00837235,false0,0.0272754,over0,0.0979212,overaggr,0.00605889,overcuckoo,0.00191387,over_uai,0.00234868,over_uai,0.00572448,over_utai,0.00976436,over_utai,0.00986171,over_ai,0.00722663,over_ai,0.00801736,countIP,1.25491e+11,countIP0,1.34832e+11,keysum,1.24499e+11,pktSum,5.61604e+11,aggrSum,7.54325e+08,blackkey_num,202915464,feedback,35,feedsumportion,0.773987,finger0,11,finger,15,time,312960,runTime,3121.97
line,52147773,total,0.00797094,total0,0.0829854,false,0.00232485,over,0.00832536,false0,0.0272127,over0,0.0974494,overaggr,0.00605769,overcuckoo,0.00191325,over_uai,0.00464819,over_uai,0.00328275,over_utai,0.00976203,over_utai,0.00985905,over_ai,0.0072248,over_ai,0.00801584,countIP,1.25545e+11,countIP0,1.34889e+11,keysum,1.24552e+11,pktSum,5.61803e+11,aggrSum,7.545e+08,blackkey_num,204408691,feedback,35,feedsumportion,0.773987,finger0,11,finger,15,time,312960,runTime,3122.97
line,52164475,total,0.00796948,total0,0.082989,false,0.00231341,over,0.00828868,false0,0.0271932,over0,0.0974303,overaggr,0.00605642,overcuckoo,0.00191307,over_uai,0.00275502,over_uai,0.00403943,over_utai,0.00975984,over_utai,0.00985692,over_ai,0.00722277,over_ai,0.00801498,countIP,1.25583e+11,countIP0,1.3493e+11,keysum,1.2459e+11,pktSum,5.61985e+11,aggrSum,7.5457e+08,blackkey_num,206363812,feedback,35,feedsumportion,0.773987,finger0,11,finger,15,time,312960,runTime,3123.97
line,52181366,total,0.00796833,total0,0.0830057,false,0.00230354,over,0.00825956,false0,0.0272538,over0,0.0977211,overaggr,0.00605564,overcuckoo,0.00191269,over_uai,0.0052147,over_uai,0.00569411,over_utai,0.00975818,over_utai,0.00985547,over_ai,0.00722064,over_ai,0.00801518,countIP,1.25619e+11,countIP0,1.34971e+11,keysum,1.24626e+11,pktSum,5.62166e+11,aggrSum,7.54692e+08,blackkey_num,208224995,feedback,35,feedsumportion,0.773987,finger0,11,finger,15,time,312960,runTime,3124.97
line,52197711,total,0.0079673,total0,0.0830131,false,0.00229288,over,0.00823402,false0,0.0272339,over0,0.0978,overaggr,0.00605496,overcuckoo,0.00191235,over_uai,0.00342905,over_uai,0.00657964,over_utai,0.00975605,over_utai,0.00985448,over_ai,0.0072185,over_ai,0.00801575,countIP,1.25654e+11,countIP0,1.35009e+11,keysum,1.2466e+11,pktSum,5.62351e+11,aggrSum,7.54813e+08,blackkey_num,212700649,feedback,35,feedsumportion,0.773987,finger0,11,finger,15,time,312960,runTime,3125.97
line,52214109,total,0.00797238,total0,0.0830159,false,0.00232014,over,0.00834932,false0,0.0271712,over0,0.0977792,overaggr,0.0060603,overcuckoo,0.00191208,over_uai,0.0390725,over_uai,0.00196647,over_utai,0.00976415,over_utai,0.00985242,over_ai,0.00722784,over_ai,0.00801445,countIP,1.25686e+11,countIP0,1.35043e+11,keysum,1.24692e+11,pktSum,5.62536e+11,aggrSum,7.5567e+08,blackkey_num,214341168,feedback,35,feedsumportion,0.869841,finger0,11,finger,15,time,309148,runTime,3126.97
line,52230680,total,0.00797134,total0,0.0830271,false,0.00231137,over,0.00832297,false0,0.0271984,over0,0.0979382,overaggr,0.00605959,overcuckoo,0.00191175,over_uai,0.0107487,over_uai,0.00151018,over_utai,0.00976432,over_utai,0.00985003,over_ai,0.00722733,over_ai,0.00801264,countIP,1.25722e+11,countIP0,1.35083e+11,keysum,1.24728e+11,pktSum,5.62713e+11,aggrSum,7.55798e+08,blackkey_num,215962458,feedback,35,feedsumportion,0.869841,finger0,11,finger,15,time,309148,runTime,3127.97
line,52247107,total,0.00797093,total0,0.0830501,false,0.00230708,over,0.00831131,false0,0.027302,over0,0.0983562,overaggr,0.00605915,overcuckoo,0.00191179,over_uai,0.00925216,over_uai,0.0040039,over_utai,0.00976376,over_utai,0.00984829,over_ai,0.00722688,over_ai,0.0080122,countIP,1.25761e+11,countIP0,1.35129e+11,keysum,1.24767e+11,pktSum,5.62902e+11,aggrSum,7.55979e+08,blackkey_num,217645096,feedback,35,feedsumportion,0.869841,finger0,11,finger,15,time,309148,runTime,3128.97
line,52263685,total,0.00797022,total0,0.0830921,false,0.00229934,over,0.00829323,false0,0.0275063,over0,0.0992092,overaggr,0.00605877,overcuckoo,0.00191145,over_uai,0.0117852,over_uai,0.00184014,over_utai,0.00976408,over_utai,0.00984631,over_ai,0.00722636,over_ai,0.00801088,countIP,1.25795e+11,countIP0,1.35171e+11,keysum,1.24801e+11,pktSum,5.63082e+11,aggrSum,7.56139e+08,blackkey_num,219379087,feedback,35,feedsumportion,0.869841,finger0,11,finger,15,time,309148,runTime,3129.97
line,52279877,total,0.00797007,total0,0.0831197,false,0.00229464,over,0.00828791,false0,0.0276133,over0,0.0997352,overaggr,0.0060589,overcuckoo,0.00191117,over_uai,0.01465,over_uai,0.00242841,over_utai,0.00976522,over_utai,0.00984446,over_ai,0.00722671,over_ai,0.00800973,countIP,1.25828e+11,countIP0,1.35209e+11,keysum,1.24833e+11,pktSum,5.63261e+11,aggrSum,7.56353e+08,blackkey_num,221126005,feedback,35,feedsumportion,0.869841,finger0,11,finger,15,time,309148,runTime,3130.97
line,52296069,total,0.00796824,total0,0.0831175,false,0.00227953,over,0.00824496,false0,0.0275321,over0,0.0995824,overaggr,0.00605742,overcuckoo,0.00191082,over_uai,0.00279621,over_uai,0.00175565,over_utai,0.00976295,over_utai,0.00984192,over_ai,0.0072246,over_ai,0.00800829,countIP,1.25863e+11,countIP0,1.35247e+11,keysum,1.24868e+11,pktSum,5.6345e+11,aggrSum,7.5638e+08,blackkey_num,223585780,feedback,36,feedsumportion,0.943827,finger0,11,finger,15,time,310464,runTime,3131.97
line,52312538,total,0.00796649,total0,0.0831117,false,0.00226665,over,0.00820432,false0,0.0274461,over0,0.0993432,overaggr,0.00605609,overcuckoo,0.0019104,over_uai,0.00327015,over_uai,0.00151825,over_utai,0.00976061,over_utai,0.00983925,over_ai,0.00722284,over_ai,0.00800654,countIP,1.25901e+11,countIP0,1.35287e+11,keysum,1.24906e+11,pktSum,5.63638e+11,aggrSum,7.56441e+08,blackkey_num,225310130,feedback,36,feedsumportion,0.943827,finger0,11,finger,15,time,310464,runTime,3132.97
line,52329217,total,0.00796472,total0,0.0831091,false,0.00225283,over,0.00816383,false0,0.0273712,over0,0.0991882,overaggr,0.00605469,overcuckoo,0.00191003,over_uai,0.00263874,over_uai,0.00182173,over_utai,0.00975858,over_utai,0.00983662,over_ai,0.00722096,over_ai,0.00800491,countIP,1.25935e+11,countIP0,1.35323e+11,keysum,1.2494e+11,pktSum,5.63819e+11,aggrSum,7.56472e+08,blackkey_num,227075568,feedback,36,feedsumportion,0.943827,finger0,11,finger,15,time,310464,runTime,3133.97
line,52345509,total,0.00796273,total0,0.0831219,false,0.00223922,over,0.00811883,false0,0.0274064,over0,0.0993684,overaggr,0.00605312,overcuckoo,0.00190961,over_uai,0.0025293,over_uai,0.00129071,over_utai,0.00975637,over_utai,0.00983415,over_ai,0.00721874,over_ai,0.00800316,countIP,1.25971e+11,countIP0,1.35364e+11,keysum,1.24976e+11,pktSum,5.63997e+11,aggrSum,7.56494e+08,blackkey_num,231113617,feedback,36,feedsumportion,0.943827,finger0,11,finger,15,time,310464,runTime,3134.97
line,52361920,total,0.00796044,total0,0.0831141,false,0.00222642,over,0.00806794,false0,0.0273426,over0,0.0990822,overaggr,0.00605134,overcuckoo,0.0019091,over_uai,0.00215908,over_uai,0.00107096,over_utai,0.00975354,over_utai,0.00983099,over_ai,0.0072163,over_ai,0.00800099,countIP,1.26012e+11,countIP0,1.35407e+11,keysum,1.25017e+11,pktSum,5.64175e+11,aggrSum,7.56519e+08,blackkey_num,232926160,feedback,36,feedsumportion,0.943827,finger0,11,finger,15,time,310464,runTime,3135.97
line,52378457,total,0.00795845,total0,0.0831218,false,0.00221419,over,0.00802412,false0,0.0273578,over0,0.0991431,overaggr,0.00604974,overcuckoo,0.00190871,over_uai,0.00229368,over_uai,0.00171008,over_utai,0.00975075,over_utai,0.00982874,over_ai,0.00721394,over_ai,0.00799963,countIP,1.2605e+11,countIP0,1.3545e+11,keysum,1.25055e+11,pktSum,5.64354e+11,aggrSum,7.56552e+08,blackkey_num,234602136,feedback,33,feedsumportion,0.610861,finger0,11,finger,15,time,338564,runTime,3136.97
line,52395331,total,0.00795638,total0,0.0831167,false,0.00220174,over,0.00797911,false0,0.0272987,over0,0.0989305,overaggr,0.00604816,overcuckoo,0.00190821,over_uai,0.00250022,over_uai,0.00122097,over_utai,0.00974819,over_utai,0.00982626,over_ai,0.00721158,over_ai,0.00799787,countIP,1.26088e+11,countIP0,1.3549e+11,keysum,1.25093e+11,pktSum,5.64528e+11,aggrSum,7.56582e+08,blackkey_num,236435505,feedback,33,feedsumportion,0.610861,finger0,11,finger,15,time,338564,runTime,3137.97
line,52411828,total,0.00795436,total0,0.0831182,false,0.00218917,over,0.00793582,false0,0.0272718,over0,0.0988613,overaggr,0.00604655,overcuckoo,0.00190781,over_uai,0.0016797,over_uai,0.00129349,over_utai,0.00974553,over_utai,0.00982367,over_ai,0.00720967,over_ai,0.00799568,countIP,1.26125e+11,countIP0,1.35531e+11,keysum,1.2513e+11,pktSum,5.64706e+11,aggrSum,7.56606e+08,blackkey_num,238019829,feedback,33,feedsumportion,0.610861,finger0,11,finger,15,time,338564,runTime,3138.97
line,52428245,total,0.00795266,total0,0.0831337,false,0.00217647,over,0.00789981,false0,0.0273033,over0,0.0991013,overaggr,0.00604516,overcuckoo,0.0019075,over_uai,0.00216798,over_uai,0.00190354,over_utai,0.00974341,over_utai,0.00982136,over_ai,0.00720788,over_ai,0.00799418,countIP,1.26159e+11,countIP0,1.35569e+11,keysum,1.25163e+11,pktSum,5.64888e+11,aggrSum,7.56634e+08,blackkey_num,239924308,feedback,33,feedsumportion,0.610861,finger0,11,finger,15,time,338564,runTime,3139.97
line,52445136,total,0.00795133,total0,0.083133,false,0.00216916,over,0.00787201,false0,0.027274,over0,0.0989789,overaggr,0.00604362,overcuckoo,0.0019077,over_uai,0.0102317,over_uai,0.00458169,over_utai,0.00974332,over_utai,0.00981944,over_ai,0.00720588,over_ai,0.00799346,countIP,1.26199e+11,countIP0,1.35612e+11,keysum,1.25204e+11,pktSum,5.6507e+11,aggrSum,7.56683e+08,blackkey_num,241696731,feedback,33,feedsumportion,0.610861,finger0,11,finger,15,time,338564,runTime,3140.97
line,52461918,total,0.0079496,total0,0.0831285,false,0.00215915,over,0.00783618,false0,0.0272186,over0,0.0987839,overaggr,0.00604227,overcuckoo,0.00190732,over_uai,0.0119464,over_uai,0.00144888,over_utai,0.00974376,over_utai,0.00981628,over_ai,0.00720467,over_ai,0.00799106,countIP,1.26237e+11,countIP0,1.35652e+11,keysum,1.25241e+11,pktSum,5.65245e+11,aggrSum,7.56741e+08,blackkey_num,243416114,feedback,36,feedsumportion,0.627498,finger0,11,finger,15,time,350748,runTime,3141.97
line,52478756,total,0.00794789,total0,0.0831252,false,0.00215064,over,0.00780135,false0,0.0271855,over0,0.098614,overaggr,0.00604084,overcuckoo,0.00190706,over_uai,0.00958885,over_uai,0.00206124,over_utai,0.00974359,over_utai,0.00981325,over_ai,0.00720305,over_ai,0.00798917,countIP,1.26276e+11,countIP0,1.35694e+11,keysum,1.2528e+11,pktSum,5.65415e+11,aggrSum,7.56798e+08,blackkey_num,244960269,feedback,36,feedsumportion,0.627498,finger0,11,finger,15,time,350748,runTime,3142.97
line,52495281,total,0.00794566,total0,0.0831209,false,0.00214076,over,0.00775605,false0,0.0271628,over0,0.0984116,overaggr,0.00603883,overcuckoo,0.00190682,over_uai,0.00724256,over_uai,0.00280799,over_utai,0.00974255,over_utai,0.00981096,over_ai,0.00720027,over_ai,0.00798788,countIP,1.2632e+11,countIP0,1.35742e+11,keysum,1.25324e+11,pktSum,5.65593e+11,aggrSum,7.56813e+08,blackkey_num,246594329,feedback,36,feedsumportion,0.627498,finger0,11,finger,15,time,350748,runTime,3143.97
line,52512436,total,0.00794355,total0,0.0831233,false,0.00213003,over,0.007714,false0,0.0271598,over0,0.0983603,overaggr,0.00603709,overcuckoo,0.00190646,over_uai,0.00868683,over_uai,0.00206539,over_utai,0.00974201,over_utai,0.00980852,over_ai,0.00719798,over_ai,0.00798606,countIP,1.2636e+11,countIP0,1.35785e+11,keysum,1.25364e+11,pktSum,5.65769e+11,aggrSum,7.56837e+08,blackkey_num,247864310,feedback,36,feedsumportion,0.627498,finger0,11,finger,15,time,350748,runTime,3144.97
line,52529212,total,0.00794183,total0,0.0831377,false,0.00211932,over,0.00768004,false0,0.0271997,over0,0.0985668,overaggr,0.00603551,overcuckoo,0.00190632,over_uai,0.0101558,over_uai,0.00236946,over_utai,0.00974204,over_utai,0.00980591,over_ai,0.00719588,over_ai,0.00798503,countIP,1.26395e+11,countIP0,1.35825e+11,keysum,1.25399e+11,pktSum,5.65945e+11,aggrSum,7.56849e+08,blackkey_num,248871570,feedback,36,feedsumportion,0.627498,finger0,11,finger,15,time,350748,runTime,3145.97
line,52546082,total,0.00794794,total0,0.0831378,false,0.00215369,over,0.00780594,false0,0.0271701,over0,0.0984768,overaggr,0.00604197,overcuckoo,0.00190596,over_uai,0.0388521,over_uai,0.00151107,over_utai,0.0097508,over_utai,0.00980356,over_ai,0.00720731,over_ai,0.0079834,countIP,1.26433e+11,countIP0,1.35865e+11,keysum,1.25436e+11,pktSum,5.66119e+11,aggrSum,7.57882e+08,blackkey_num,249305121,feedback,34,feedsumportion,0.698623,finger0,11,finger,15,time,339327,runTime,3146.97
line,52563157,total,0.00795368,total0,0.0831518,false,0.00218421,over,0.00792311,false0,0.0272021,over0,0.0986739,overaggr,0.00604799,overcuckoo,0.00190569,over_uai,0.0364798,over_uai,0.00228843,over_utai,0.00975869,over_utai,0.0098013,over_ai,0.00721785,over_ai,0.00798189,countIP,1.26469e+11,countIP0,1.35905e+11,keysum,1.25471e+11,pktSum,5.663e+11,aggrSum,7.58851e+08,blackkey_num,249766721,feedback,34,feedsumportion,0.698623,finger0,11,finger,15,time,339327,runTime,3147.97
line,52580106,total,0.00795856,total0,0.0831464,false,0.00221011,over,0.00802165,false0,0.0271322,over0,0.0984768,overaggr,0.00605321,overcuckoo,0.00190535,over_uai,0.0321588,over_uai,0.00205744,over_utai,0.00976545,over_utai,0.0097991,over_ai,0.00722686,over_ai,0.00798029,countIP,1.26506e+11,countIP0,1.35943e+11,keysum,1.25507e+11,pktSum,5.66478e+11,aggrSum,7.59721e+08,blackkey_num,250143660,feedback,34,feedsumportion,0.698623,finger0,11,finger,15,time,339327,runTime,3148.97
line,52596726,total,0.0079638,total0,0.083141,false,0.00223969,over,0.00812612,false0,0.0270844,over0,0.0982686,overaggr,0.00605892,overcuckoo,0.00190488,over_uai,0.0282794,over_uai,0.00226313,over_utai,0.00977215,over_utai,0.00979668,over_ai,0.00723664,over_ai,0.00797876,countIP,1.26548e+11,countIP0,1.35986e+11,keysum,1.25548e+11,pktSum,5.6666e+11,aggrSum,7.60686e+08,blackkey_num,250575036,feedback,34,feedsumportion,0.698623,finger0,11,finger,15,time,339327,runTime,3149.97
line,52613275,total,0.0079686,total0,0.0831355,false,0.0022655,over,0.00822064,false0,0.027026,over0,0.0980671,overaggr,0.00606414,overcuckoo,0.00190445,over_uai,0.0302756,over_uai,0.00189782,over_utai,0.00977849,over_utai,0.00979382,over_ai,0.00724561,over_ai,0.00797701,countIP,1.26587e+11,countIP0,1.36027e+11,keysum,1.25586e+11,pktSum,5.66839e+11,aggrSum,7.61574e+08,blackkey_num,251064058,feedback,34,feedsumportion,0.698623,finger0,11,finger,15,time,339327,runTime,3150.97
line,52629634,total,0.00796694,total0,0.0831347,false,0.00225415,over,0.00818634,false0,0.026976,over0,0.0979681,overaggr,0.00606276,overcuckoo,0.00190418,over_uai,0.00185969,over_uai,0.00234805,over_utai,0.00977609,over_utai,0.00979128,over_ai,0.00724375,over_ai,0.00797536,countIP,1.26622e+11,countIP0,1.36065e+11,keysum,1.25621e+11,pktSum,5.67021e+11,aggrSum,7.61612e+08,blackkey_num,252409832,feedback,42,feedsumportion,0.976766,finger0,11,finger,15,time,310184,runTime,3151.97
line,52646281,total,0.007965,total0,0.0831308,false,0.00224288,over,0.00814681,false0,0.0269258,over0,0.0978025,overaggr,0.00606116,overcuckoo,0.00190384,over_uai,0.00374354,over_uai,0.0020807,over_utai,0.00977426,over_utai,0.00978826,over_ai,0.0072418,over_ai,0.00797328,countIP,1.26661e+11,countIP0,1.36106e+11,keysum,1.2566e+11,pktSum,5.67203e+11,aggrSum,7.61644e+08,blackkey_num,253689137,feedback,42,feedsumportion,0.976766,finger0,11,finger,15,time,310184,runTime,3152.97
line,52662961,total,0.00796339,total0,0.0831262,false,0.00223069,over,0.00811443,false0,0.026841,over0,0.0976378,overaggr,0.00605977,overcuckoo,0.00190362,over_uai,0.00228014,over_uai,0.00205109,over_utai,0.00977219,over_utai,0.00978572,over_ai,0.00724008,over_ai,0.00797171,countIP,1.26693e+11,countIP0,1.3614e+11,keysum,1.25692e+11,pktSum,5.67386e+11,aggrSum,7.61665e+08,blackkey_num,255056403,feedback,42,feedsumportion,0.976766,finger0,11,finger,15,time,310184,runTime,3153.97
line,52679664,total,0.00796142,total0,0.0831183,false,0.00222023,over,0.00807506,false0,0.0267788,over0,0.0973954,overaggr,0.0060581,overcuckoo,0.00190332,over_uai,0.00360697,over_uai,0.00237335,over_utai,0.00977012,over_utai,0.00978347,over_ai,0.00723784,over_ai,0.00796991,countIP,1.26732e+11,countIP0,1.36182e+11,keysum,1.25731e+11,pktSum,5.67565e+11,aggrSum,7.61693e+08,blackkey_num,256206279,feedback,42,feedsumportion,0.976766,finger0,11,finger,15,time,310184,runTime,3154.97
line,52696298,total,0.00795964,total0,0.0831121,false,0.00220969,over,0.00803992,false0,0.0267131,over0,0.0971952,overaggr,0.00605657,overcuckoo,0.00190307,over_uai,0.00223607,over_uai,0.00270217,over_utai,0.00976732,over_utai,0.00978156,over_ai,0.00723549,over_ai,0.00796862,countIP,1.2677e+11,countIP0,1.36221e+11,keysum,1.25768e+11,pktSum,5.67746e+11,aggrSum,7.61726e+08,blackkey_num,257535275,feedback,42,feedsumportion,0.976766,finger0,11,finger,15,time,310184,runTime,3155.97
line,52713095,total,0.00795801,total0,0.0831108,false,0.0021985,over,0.00800809,false0,0.0266574,over0,0.0971003,overaggr,0.00605517,overcuckoo,0.00190284,over_uai,0.00281127,over_uai,0.00238147,over_utai,0.00976515,over_utai,0.00977965,over_ai,0.00723355,over_ai,0.00796745,countIP,1.26801e+11,countIP0,1.36256e+11,keysum,1.258e+11,pktSum,5.6792e+11,aggrSum,7.61742e+08,blackkey_num,258952531,feedback,36,feedsumportion,0.522369,finger0,11,finger,15,time,310188,runTime,3156.97
line,52729921,total,0.00795658,total0,0.0831055,false,0.00218894,over,0.00798044,false0,0.0265856,over0,0.0969257,overaggr,0.00605372,overcuckoo,0.00190286,over_uai,0.00533475,over_uai,0.00207596,over_utai,0.0097636,over_utai,0.00977759,over_ai,0.00723217,over_ai,0.0079659,countIP,1.26836e+11,countIP0,1.36292e+11,keysum,1.25835e+11,pktSum,5.681e+11,aggrSum,7.61767e+08,blackkey_num,260402993,feedback,36,feedsumportion,0.522369,finger0,11,finger,15,time,310188,runTime,3157.97
line,52746686,total,0.00795483,total0,0.0831037,false,0.00217788,over,0.007947,false0,0.0265328,over0,0.0968173,overaggr,0.00605222,overcuckoo,0.00190261,over_uai,0.00221513,over_uai,0.00204582,over_utai,0.00976118,over_utai,0.00977549,over_ai,0.00723018,over_ai,0.00796441,countIP,1.26871e+11,countIP0,1.3633e+11,keysum,1.25869e+11,pktSum,5.68284e+11,aggrSum,7.6179e+08,blackkey_num,261747030,feedback,36,feedsumportion,0.522369,finger0,11,finger,15,time,310188,runTime,3158.97
line,52763370,total,0.00795331,total0,0.0831017,false,0.00216695,over,0.00791805,false0,0.026468,over0,0.0967142,overaggr,0.00605083,overcuckoo,0.00190248,over_uai,0.00190168,over_uai,0.00289298,over_utai,0.00975894,over_utai,0.00977357,over_ai,0.00722838,over_ai,0.00796328,countIP,1.26903e+11,countIP0,1.36364e+11,keysum,1.25902e+11,pktSum,5.68467e+11,aggrSum,7.61809e+08,blackkey_num,263058540,feedback,36,feedsumportion,0.522369,finger0,11,finger,15,time,310188,runTime,3159.97
line,52779897,total,0.00795182,total0,0.0831016,false,0.00215653,over,0.00789009,false0,0.0264152,over0,0.0966449,overaggr,0.00604948,overcuckoo,0.00190234,over_uai,0.00229621,over_uai,0.00319492,over_utai,0.00975667,over_utai,0.00977155,over_ai,0.00722648,over_ai,0.00796222,countIP,1.26936e+11,countIP0,1.364e+11,keysum,1.25934e+11,pktSum,5.6865e+11,aggrSum,7.61838e+08,blackkey_num,264258565,feedback,36,feedsumportion,0.522369,finger0,11,finger,15,time,310188,runTime,3160.97
line,52796472,total,0.00795617,total0,0.08309,false,0.00217946,over,0.00797228,false0,0.026338,over0,0.0963421,overaggr,0.00605428,overcuckoo,0.0019019,over_uai,0.0302071,over_uai,0.00155659,over_utai,0.00976343,over_utai,0.00976868,over_ai,0.0072353,over_ai,0.00796025,countIP,1.26979e+11,countIP0,1.36444e+11,keysum,1.25976e+11,pktSum,5.6884e+11,aggrSum,7.62695e+08,blackkey_num,264647748,feedback,35,feedsumportion,0.633607,finger0,11,finger,15,time,312220,runTime,3161.97
line,52813301,total,0.00796306,total0,0.0830885,false,0.00221208,over,0.00810117,false0,0.0262813,over0,0.0962486,overaggr,0.00606003,overcuckoo,0.00190304,over_uai,0.0381379,over_uai,0.00867413,over_utai,0.00977089,over_utai,0.00976826,over_ai,0.00724538,over_ai,0.00796254,countIP,1.27013e+11,countIP0,1.3648e+11,keysum,1.2601e+11,pktSum,5.69025e+11,aggrSum,7.63621e+08,blackkey_num,265113411,feedback,35,feedsumportion,0.633607,finger0,11,finger,15,time,312220,runTime,3162.97
line,52829692,total,0.00796782,total0,0.0830856,false,0.00223449,over,0.0081891,false0,0.026229,over0,0.0961257,overaggr,0.00606503,overcuckoo,0.00190279,over_uai,0.034354,over_uai,0.00155591,over_utai,0.00977801,over_utai,0.00976519,over_ai,0.00725454,over_ai,0.00796111,countIP,1.27049e+11,countIP0,1.36517e+11,keysum,1.26045e+11,pktSum,5.69207e+11,aggrSum,7.64466e+08,blackkey_num,265516988,feedback,35,feedsumportion,0.633607,finger0,11,finger,15,time,312220,runTime,3163.97
line,52846571,total,0.00797225,total0,0.0830847,false,0.00225353,over,0.00827031,false0,0.0261724,over0,0.0960508,overaggr,0.00606959,overcuckoo,0.00190266,over_uai,0.0341208,over_uai,0.00235439,over_utai,0.0097838,over_utai,0.00976274,over_ai,0.00726262,over_ai,0.00796006,countIP,1.2708e+11,countIP0,1.3655e+11,keysum,1.26075e+11,pktSum,5.69383e+11,aggrSum,7.65225e+08,blackkey_num,266030331,feedback,35,feedsumportion,0.633607,finger0,11,finger,15,time,312220,runTime,3164.97
line,52863777,total,0.00798292,total0,0.0830774,false,0.00230521,over,0.00846569,false0,0.0261004,over0,0.0958519,overaggr,0.0060804,overcuckoo,0.00190252,over_uai,0.0611296,over_uai,0.00278122,over_utai,0.00979822,over_utai,0.00976075,over_ai,0.00728111,over_ai,0.00795895,countIP,1.27116e+11,countIP0,1.36586e+11,keysum,1.26109e+11,pktSum,5.6956e+11,aggrSum,7.66796e+08,blackkey_num,266713107,feedback,35,feedsumportion,0.633607,finger0,11,finger,15,time,312220,runTime,3165.97
line,52880460,total,0.00798095,total0,0.0830727,false,0.00229456,over,0.00842675,false0,0.0260557,over0,0.0956896,overaggr,0.0060787,overcuckoo,0.00190225,over_uai,0.00883101,over_uai,0.00238251,over_utai,0.0097978,over_utai,0.0097582,over_ai,0.00727898,over_ai,0.00795736,countIP,1.27156e+11,countIP0,1.36629e+11,keysum,1.26149e+11,pktSum,5.69747e+11,aggrSum,7.66824e+08,blackkey_num,269058150,feedback,36,feedsumportion,0.981583,finger0,11,finger,15,time,385793,runTime,3166.97
line,52897580,total,0.00797895,total0,0.0830703,false,0.00228486,over,0.00838751,false0,0.0260347,over0,0.0955711,overaggr,0.00607694,overcuckoo,0.00190201,over_uai,0.0113742,over_uai,0.00240484,over_utai,0.00979812,over_utai,0.00975572,over_ai,0.00727704,over_ai,0.00795537,countIP,1.27198e+11,countIP0,1.36674e+11,keysum,1.26191e+11,pktSum,5.69931e+11,aggrSum,7.66856e+08,blackkey_num,270725585,feedback,36,feedsumportion,0.981583,finger0,11,finger,15,time,385793,runTime,3167.97
line,52914663,total,0.00797714,total0,0.0830664,false,0.00227413,over,0.00835245,false0,0.0259833,over0,0.0954318,overaggr,0.00607525,overcuckoo,0.00190189,over_uai,0.0214092,over_uai,0.00261376,over_utai,0.00980163,over_utai,0.00975352,over_ai,0.00727502,over_ai,0.00795394,countIP,1.27236e+11,countIP0,1.36715e+11,keysum,1.26229e+11,pktSum,5.70122e+11,aggrSum,7.66875e+08,blackkey_num,272322417,feedback,36,feedsumportion,0.981583,finger0,11,finger,15,time,385793,runTime,3168.97
line,52932048,total,0.00797551,total0,0.0830729,false,0.00226452,over,0.00832092,false0,0.0259855,over0,0.0954832,overaggr,0.00607361,overcuckoo,0.00190189,over_uai,0.035346,over_uai,0.00303749,over_utai,0.00980867,over_utai,0.0097512,over_ai,0.00727304,over_ai,0.00795276,countIP,1.27273e+11,countIP0,1.36756e+11,keysum,1.26266e+11,pktSum,5.70307e+11,aggrSum,7.66894e+08,blackkey_num,275233333,feedback,36,feedsumportion,0.981583,finger0,11,finger,15,time,385793,runTime,3169.97
line,52949195,total,0.00797373,total0,0.0830707,false,0.0022548,over,0.00828711,false0,0.0259499,over0,0.0953744,overaggr,0.00607193,overcuckoo,0.0019018,over_uai,0.0369805,over_uai,0.00341357,over_utai,0.00981691,over_utai,0.00974904,over_ai,0.00727091,over_ai,0.00795157,countIP,1.27313e+11,countIP0,1.36798e+11,keysum,1.26306e+11,pktSum,5.70496e+11,aggrSum,7.66918e+08,blackkey_num,276994744,feedback,36,feedsumportion,0.981583,finger0,11,finger,15,time,385793,runTime,3170.97
line,52966241,total,0.0079723,total0,0.0830762,false,0.00224495,over,0.00826011,false0,0.0259324,over0,0.0954164,overaggr,0.0060706,overcuckoo,0.0019017,over_uai,0.00203953,over_uai,0.00359372,over_utai,0.00981457,over_utai,0.00974705,over_ai,0.00726921,over_ai,0.00795046,countIP,1.27345e+11,countIP0,1.36833e+11,keysum,1.26338e+11,pktSum,5.70676e+11,aggrSum,7.66946e+08,blackkey_num,279071421,feedback,32,feedsumportion,0.601402,finger0,11,finger,15,time,307402,runTime,3171.97
line,52982933,total,0.00797059,total0,0.0830721,false,0.00223456,over,0.00822826,false0,0.025876,over0,0.0952825,overaggr,0.00606912,overcuckoo,0.00190148,over_uai,0.00205516,over_uai,0.00428611,over_utai,0.00981176,over_utai,0.00974551,over_ai,0.00726703,over_ai,0.00794929,countIP,1.2738e+11,countIP0,1.3687e+11,keysum,1.26372e+11,pktSum,5.70858e+11,aggrSum,7.66969e+08,blackkey_num,280476893,feedback,32,feedsumportion,0.601402,finger0,11,finger,15,time,307402,runTime,3172.98
line,52999968,total,0.007971,total0,0.0830663,false,0.00223597,over,0.00823394,false0,0.0258283,over0,0.0951126,overaggr,0.00606982,overcuckoo,0.00190118,over_uai,0.00209822,over_uai,0.0792922,over_utai,0.00980866,over_utai,0.00976439,over_ai,0.00726449,over_ai,0.007954,countIP,1.2742e+11,countIP0,1.36913e+11,keysum,1.26412e+11,pktSum,5.71046e+11,aggrSum,7.67299e+08,blackkey_num,281931370,feedback,32,feedsumportion,0.601402,finger0,11,finger,15,time,307402,runTime,3173.98
line,53017136,total,0.00798424,total0,0.0830704,false,0.00229721,over,0.0084663,false0,0.0258107,over0,0.0951248,overaggr,0.0060832,overcuckoo,0.00190105,over_uai,0.00331507,over_uai,0.0866574,over_utai,0.00980649,over_utai,0.00978651,over_ai,0.00726258,over_ai,0.00798996,countIP,1.27457e+11,countIP0,1.36951e+11,keysum,1.26447e+11,pktSum,5.71232e+11,aggrSum,7.69204e+08,blackkey_num,283207180,feedback,32,feedsumportion,0.601402,finger0,11,finger,15,time,307402,runTime,3174.98
line,53034046,total,0.00798276,total0,0.0830722,false,0.00228737,over,0.00843801,false0,0.0257804,over0,0.0951029,overaggr,0.00608174,overcuckoo,0.00190101,over_uai,0.00166671,over_uai,0.00558809,over_utai,0.00980396,over_utai,0.00978517,over_ai,0.0072605,over_ai,0.00798935,countIP,1.2749e+11,countIP0,1.36987e+11,keysum,1.2648e+11,pktSum,5.71411e+11,aggrSum,7.6922e+08,blackkey_num,284973075,feedback,32,feedsumportion,0.601402,finger0,11,finger,15,time,307402,runTime,3175.98
line,53051191,total,0.00798499,total0,0.0830745,false,0.00229562,over,0.00847493,false0,0.0257562,over0,0.0950863,overaggr,0.00608167,overcuckoo,0.00190332,over_uai,0.00443675,over_uai,0.024147,over_utai,0.00980231,over_utai,0.00978908,over_ai,0.00725863,over_ai,0.00799789,countIP,1.27524e+11,countIP0,1.37024e+11,keysum,1.26514e+11,pktSum,5.71591e+11,aggrSum,7.69418e+08,blackkey_num,286902306,feedback,33,feedsumportion,0.969209,finger0,11,finger,15,time,312896,runTime,3176.98
line,53068493,total,0.00798326,total0,0.083073,false,0.00228528,over,0.00844251,false0,0.0257159,over0,0.0950024,overaggr,0.00608025,overcuckoo,0.00190302,over_uai,0.00640105,over_uai,0.00219435,over_utai,0.00980107,over_utai,0.00978686,over_ai,0.00725671,over_ai,0.0079964,countIP,1.27559e+11,countIP0,1.37062e+11,keysum,1.26549e+11,pktSum,5.71773e+11,aggrSum,7.6945e+08,blackkey_num,289847924,feedback,33,feedsumportion,0.969209,finger0,11,finger,15,time,312896,runTime,3177.98
line,53085453,total,0.00798336,total0,0.0830794,false,0.00228323,over,0.00844191,false0,0.0257091,over0,0.0950557,overaggr,0.00608047,overcuckoo,0.00190289,over_uai,0.0057869,over_uai,0.0119712,over_utai,0.00979967,over_utai,0.00978743,over_ai,0.00725489,over_ai,0.0079995,countIP,1.27595e+11,countIP0,1.37101e+11,keysum,1.26584e+11,pktSum,5.71959e+11,aggrSum,7.6969e+08,blackkey_num,292251058,feedback,33,feedsumportion,0.969209,finger0,11,finger,15,time,312896,runTime,3178.98
line,53102433,total,0.00798263,total0,0.0830845,false,0.0022784,over,0.00842699,false0,0.0257073,over0,0.0950822,overaggr,0.00608005,overcuckoo,0.00190258,over_uai,0.0039857,over_uai,0.00730671,over_utai,0.00979787,over_utai,0.00978643,over_ai,0.00725284,over_ai,0.00800068,countIP,1.27632e+11,countIP0,1.37142e+11,keysum,1.26622e+11,pktSum,5.72145e+11,aggrSum,7.69866e+08,blackkey_num,294442417,feedback,33,feedsumportion,0.969209,finger0,11,finger,15,time,312896,runTime,3179.98
line,53119152,total,0.00798061,total0,0.0830882,false,0.00226869,over,0.00838987,false0,0.0257103,over0,0.0950795,overaggr,0.00607826,overcuckoo,0.00190235,over_uai,0.0192209,over_uai,0.00170835,over_utai,0.00980019,over_utai,0.00978317,over_ai,0.00725095,over_ai,0.00799837,countIP,1.27673e+11,countIP0,1.37187e+11,keysum,1.26662e+11,pktSum,5.72333e+11,aggrSum,7.69887e+08,blackkey_num,296896582,feedback,33,feedsumportion,0.969209,finger0,11,finger,15,time,312896,runTime,3180.98
line,53135197,total,0.0079832,total0,0.083083,false,0.00228152,over,0.00843146,false0,0.0256836,over0,0.0949148,overaggr,0.00608123,overcuckoo,0.00190197,over_uai,0.0298394,over_uai,0.00223573,over_utai,0.00980565,over_utai,0.00977948,over_ai,0.00725729,over_ai,0.00799508,countIP,1.27721e+11,countIP0,1.37237e+11,keysum,1.2671e+11,pktSum,5.72535e+11,aggrSum,7.70549e+08,blackkey_num,297718582,feedback,30,feedsumportion,0.917859,finger0,11,finger,15,time,307608,runTime,3181.98
line,53151272,total,0.00799183,total0,0.0830758,false,0.00232212,over,0.00857501,false0,0.0256501,over0,0.0947196,overaggr,0.00609023,overcuckoo,0.0019016,over_uai,0.0511786,over_uai,0.00199422,over_utai,0.00981902,over_utai,0.00977642,over_ai,0.00727352,over_ai,0.00799251,countIP,1.27769e+11,countIP0,1.37286e+11,keysum,1.26756e+11,pktSum,5.72731e+11,aggrSum,7.71971e+08,blackkey_num,298880925,feedback,30,feedsumportion,0.917859,finger0,11,finger,15,time,307608,runTime,3182.98
line,53168090,total,0.00800576,total0,0.0830717,false,0.00238448,over,0.00880708,false0,0.0256106,over0,0.0945927,overaggr,0.00610452,overcuckoo,0.00190124,over_uai,0.0790369,over_uai,0.00224745,over_utai,0.00983963,over_utai,0.00977405,over_ai,0.00729833,over_ai,0.00799041,countIP,1.27809e+11,countIP0,1.37327e+11,keysum,1.26794e+11,pktSum,5.72915e+11,aggrSum,7.74014e+08,blackkey_num,300206276,feedback,30,feedsumportion,0.917859,finger0,11,finger,15,time,307608,runTime,3183.98
line,53184644,total,0.00801636,total0,0.0830699,false,0.00243079,over,0.00898117,false0,0.025578,over0,0.0945043,overaggr,0.00611538,overcuckoo,0.00190099,over_uai,0.0688573,over_uai,0.00395413,over_utai,0.00985554,over_utai,0.00977206,over_ai,0.00731712,over_ai,0.00798878,countIP,1.27848e+11,countIP0,1.37367e+11,keysum,1.26831e+11,pktSum,5.73099e+11,aggrSum,7.75619e+08,blackkey_num,301450123,feedback,30,feedsumportion,0.917859,finger0,11,finger,15,time,307608,runTime,3184.98
line,53201374,total,0.00802799,total0,0.0830724,false,0.00248157,over,0.00917079,false0,0.0255686,over0,0.0944904,overaggr,0.00612736,overcuckoo,0.00190063,over_uai,0.0729,over_uai,0.00528515,over_utai,0.00987313,over_utai,0.00977074,over_ai,0.00733786,over_ai,0.007987,countIP,1.27886e+11,countIP0,1.37407e+11,keysum,1.26868e+11,pktSum,5.73279e+11,aggrSum,7.77366e+08,blackkey_num,302807001,feedback,30,feedsumportion,0.917859,finger0,11,finger,15,time,307608,runTime,3185.98
line,53217533,total,0.00802575,total0,0.0830679,false,0.00247085,over,0.00912709,false0,0.0255428,over0,0.0943527,overaggr,0.00612544,overcuckoo,0.00190031,over_uai,0.00162801,over_uai,0.00205841,over_utai,0.00987015,over_utai,0.00976818,over_ai,0.00733537,over_ai,0.00798503,countIP,1.27929e+11,countIP0,1.37453e+11,keysum,1.26911e+11,pktSum,5.73467e+11,aggrSum,7.77383e+08,blackkey_num,305600526,feedback,35,feedsumportion,0.988019,finger0,11,finger,15,time,312769,runTime,3186.98
line,53234021,total,0.00802417,total0,0.0830691,false,0.00246085,over,0.00909611,false0,0.0255177,over0,0.094322,overaggr,0.00612414,overcuckoo,0.00190003,over_uai,0.00324232,over_uai,0.00179499,over_utai,0.00986808,over_utai,0.00976556,over_ai,0.00733379,over_ai,0.00798332,countIP,1.27964e+11,countIP0,1.3749e+11,keysum,1.26945e+11,pktSum,5.73647e+11,aggrSum,7.7743e+08,blackkey_num,307220864,feedback,35,feedsumportion,0.988019,finger0,11,finger,15,time,312769,runTime,3187.98
line,53250715,total,0.00802245,total0,0.0830732,false,0.00244913,over,0.00906324,false0,0.0254935,over0,0.094341,overaggr,0.00612274,overcuckoo,0.00189972,over_uai,0.00149449,over_uai,0.00172626,over_utai,0.00986525,over_utai,0.00976323,over_ai,0.00733185,over_ai,0.00798186,countIP,1.27996e+11,countIP0,1.37526e+11,keysum,1.26978e+11,pktSum,5.73833e+11,aggrSum,7.7745e+08,blackkey_num,308436060,feedback,35,feedsumportion,0.988019,finger0,11,finger,15,time,312769,runTime,3188.98
line,53267329,total,0.00802041,total0,0.0830687,false,0.00243891,over,0.00902435,false0,0.0254609,over0,0.0942095,overaggr,0.00612104,overcuckoo,0.00189937,over_uai,0.00322997,over_uai,0.0019431,over_utai,0.00986277,over_utai,0.00976072,over_ai,0.00732962,over_ai,0.00797995,countIP,1.28036e+11,countIP0,1.37568e+11,keysum,1.27017e+11,pktSum,5.74015e+11,aggrSum,7.77477e+08,blackkey_num,309620974,feedback,35,feedsumportion,0.988019,finger0,11,finger,15,time,312769,runTime,3189.98
line,53283888,total,0.00801897,total0,0.0830745,false,0.00243054,over,0.00899609,false0,0.0254647,over0,0.0942516,overaggr,0.00611949,overcuckoo,0.00189948,over_uai,0.00685845,over_uai,0.00443719,over_utai,0.00986163,over_utai,0.00975925,over_ai,0.00732752,over_ai,0.00797942,countIP,1.28073e+11,countIP0,1.37609e+11,keysum,1.27054e+11,pktSum,5.74198e+11,aggrSum,7.77508e+08,blackkey_num,311052877,feedback,35,feedsumportion,0.988019,finger0,11,finger,15,time,312769,runTime,3190.98
line,53300283,total,0.00801696,total0,0.0830753,false,0.00241985,over,0.0089585,false0,0.0254475,over0,0.0942091,overaggr,0.00611783,overcuckoo,0.00189913,over_uai,0.00201537,over_uai,0.00195811,over_utai,0.00985854,over_utai,0.00975653,over_ai,0.00732525,over_ai,0.00797759,countIP,1.28112e+11,countIP0,1.37651e+11,keysum,1.27093e+11,pktSum,5.74387e+11,aggrSum,7.77533e+08,blackkey_num,312347715,feedback,32,feedsumportion,0.556126,finger0,11,finger,15,time,369044,runTime,3191.98
line,53316499,total,0.00801493,total0,0.0830756,false,0.00240912,over,0.00892107,false0,0.0254278,over0,0.0941601,overaggr,0.0061162,overcuckoo,0.00189873,over_uai,0.00177168,over_uai,0.00177915,over_utai,0.00985561,over_utai,0.00975381,over_ai,0.00732311,over_ai,0.0079756,countIP,1.2815e+11,countIP0,1.37692e+11,keysum,1.27131e+11,pktSum,5.74571e+11,aggrSum,7.77556e+08,blackkey_num,313604030,feedback,32,feedsumportion,0.556126,finger0,11,finger,15,time,369044,runTime,3192.98
line,53332575,total,0.00801276,total0,0.0830734,false,0.00239877,over,0.00888137,false0,0.0254066,over0,0.0940671,overaggr,0.00611449,overcuckoo,0.00189826,over_uai,0.00211677,over_uai,0.00102211,over_utai,0.00985281,over_utai,0.00974976,over_ai,0.00732065,over_ai,0.00797354,countIP,1.28191e+11,countIP0,1.37736e+11,keysum,1.27172e+11,pktSum,5.74761e+11,aggrSum,7.77591e+08,blackkey_num,315001019,feedback,32,feedsumportion,0.556126,finger0,11,finger,15,time,369044,runTime,3193.98
line,53348804,total,0.00801147,total0,0.0830774,false,0.00239083,over,0.00885684,false0,0.0253969,over0,0.094083,overaggr,0.00611364,overcuckoo,0.00189783,over_uai,0.00912787,over_uai,0.00182248,over_utai,0.00985238,over_utai,0.00974725,over_ai,0.00731969,over_ai,0.00797168,countIP,1.28226e+11,countIP0,1.37775e+11,keysum,1.27207e+11,pktSum,5.74941e+11,aggrSum,7.77697e+08,blackkey_num,316578862,feedback,32,feedsumportion,0.556126,finger0,11,finger,15,time,369044,runTime,3194.98
line,53365555,total,0.00801075,total0,0.0830823,false,0.00238554,over,0.00884192,false0,0.0253921,over0,0.0941151,overaggr,0.00611309,overcuckoo,0.00189766,over_uai,0.0181096,over_uai,0.00285695,over_utai,0.00985449,over_utai,0.00974531,over_ai,0.00731916,over_ai,0.0079704,countIP,1.28259e+11,countIP0,1.37811e+11,keysum,1.2724e+11,pktSum,5.75112e+11,aggrSum,7.77829e+08,blackkey_num,317800685,feedback,32,feedsumportion,0.556126,finger0,11,finger,15,time,369044,runTime,3195.98
line,53382484,total,0.00800908,total0,0.083088,false,0.00237544,over,0.00881211,false0,0.0253834,over0,0.094164,overaggr,0.0061117,overcuckoo,0.00189738,over_uai,0.012125,over_uai,0.00250822,over_utai,0.00985487,over_utai,0.00974325,over_ai,0.00731728,over_ai,0.00796909,countIP,1.2829e+11,countIP0,1.37846e+11,keysum,1.27271e+11,pktSum,5.75284e+11,aggrSum,7.77842e+08,blackkey_num,319473784,feedback,37,feedsumportion,0.718358,finger0,11,finger,15,time,309131,runTime,3196.98
line,53399500,total,0.00800714,total0,0.0830904,false,0.00236627,over,0.00877741,false0,0.0253814,over0,0.0941494,overaggr,0.00611,overcuckoo,0.00189714,over_uai,0.00981667,over_uai,0.00211334,over_utai,0.00985465,over_utai,0.00974085,over_ai,0.00731519,over_ai,0.00796734,countIP,1.28329e+11,countIP0,1.37887e+11,keysum,1.27309e+11,pktSum,5.75463e+11,aggrSum,7.77859e+08,blackkey_num,320970234,feedback,37,feedsumportion,0.718358,finger0,11,finger,15,time,309131,runTime,3197.98
line,53416320,total,0.00800607,total0,0.0830945,false,0.00236009,over,0.00875732,false0,0.0253775,over0,0.0941654,overaggr,0.00610849,overcuckoo,0.00189759,over_uai,0.0153948,over_uai,0.00256082,over_utai,0.00985595,over_utai,0.00973865,over_ai,0.00731475,over_ai,0.00796557,countIP,1.28363e+11,countIP0,1.37925e+11,keysum,1.27344e+11,pktSum,5.75635e+11,aggrSum,7.77878e+08,blackkey_num,322277141,feedback,37,feedsumportion,0.718358,finger0,11,finger,15,time,309131,runTime,3198.98
line,53432940,total,0.00800475,total0,0.0830935,false,0.00235371,over,0.008733,false0,0.025361,over0,0.0940972,overaggr,0.00610685,overcuckoo,0.0018979,over_uai,0.0104047,over_uai,0.00493791,over_utai,0.00985587,over_utai,0.00973683,over_ai,0.00731318,over_ai,0.00796451,countIP,1.28402e+11,countIP0,1.37967e+11,keysum,1.27383e+11,pktSum,5.75815e+11,aggrSum,7.77906e+08,blackkey_num,323561892,feedback,37,feedsumportion,0.718358,finger0,11,finger,15,time,309131,runTime,3199.98
line,53449668,total,0.00800273,total0,0.0830915,false,0.00234518,over,0.00869766,false0,0.0253486,over0,0.0940113,overaggr,0.00610525,overcuckoo,0.00189747,over_uai,0.0119243,over_uai,0.00149019,over_utai,0.00985618,over_utai,0.00973406,over_ai,0.00731142,over_ai,0.00796191,countIP,1.28443e+11,countIP0,1.38011e+11,keysum,1.27423e+11,pktSum,5.75994e+11,aggrSum,7.77951e+08,blackkey_num,324688511,feedback,37,feedsumportion,0.718358,finger0,11,finger,15,time,309131,runTime,3200.98
line,53466215,total,0.0080076,total0,0.0830931,false,0.00236506,over,0.0087701,false0,0.0253446,over0,0.0939828,overaggr,0.00611038,overcuckoo,0.00189721,over_uai,0.0388899,over_uai,0.00228492,over_utai,0.00986362,over_utai,0.00973102,over_ai,0.00732106,over_ai,0.00795964,countIP,1.28484e+11,countIP0,1.38055e+11,keysum,1.27463e+11,pktSum,5.76178e+11,aggrSum,7.7885e+08,blackkey_num,325258174,feedback,31,feedsumportion,0.81492,finger0,11,finger,15,time,308857,runTime,3201.98
line,53482778,total,0.00801197,total0,0.0831013,false,0.00238149,over,0.00883453,false0,0.0253562,over0,0.0940627,overaggr,0.00611507,overcuckoo,0.00189689,over_uai,0.0362174,over_uai,0.00216978,over_utai,0.00987015,over_utai,0.00972813,over_ai,0.0073295,over_ai,0.00795789,countIP,1.28521e+11,countIP0,1.38094e+11,keysum,1.27499e+11,pktSum,5.76359e+11,aggrSum,7.79666e+08,blackkey_num,325648104,feedback,31,feedsumportion,0.81492,finger0,11,finger,15,time,308857,runTime,3202.98
line,53499444,total,0.00802323,total0,0.0831047,false,0.00242589,over,0.00900515,false0,0.0253417,over0,0.094071,overaggr,0.00612665,overcuckoo,0.00189658,over_uai,0.0656582,over_uai,0.00280235,over_utai,0.00988616,over_utai,0.00972602,over_ai,0.00734947,over_ai,0.00795654,countIP,1.28556e+11,countIP0,1.38131e+11,keysum,1.27533e+11,pktSum,5.76537e+11,aggrSum,7.81348e+08,blackkey_num,326208435,feedback,31,feedsumportion,0.81492,finger0,11,finger,15,time,308857,runTime,3203.98
line,53515904,total,0.00803713,total0,0.0831174,false,0.00248081,over,0.00921489,false0,0.0253656,over0,0.0942197,overaggr,0.00614088,overcuckoo,0.00189625,over_uai,0.0743371,over_uai,0.00374713,over_utai,0.00990532,over_utai,0.00972431,over_ai,0.00737393,over_ai,0.00795532,countIP,1.28593e+11,countIP0,1.38171e+11,keysum,1.27568e+11,pktSum,5.76724e+11,aggrSum,7.83381e+08,blackkey_num,326672290,feedback,31,feedsumportion,0.81492,finger0,11,finger,15,time,308857,runTime,3204.98
line,53532629,total,0.00804536,total0,0.0831238,false,0.00251211,over,0.00933623,false0,0.025366,over0,0.0942728,overaggr,0.00614935,overcuckoo,0.001896,over_uai,0.0463856,over_uai,0.00451309,over_utai,0.0099157,over_utai,0.00972301,over_ai,0.00738803,over_ai,0.00795512,countIP,1.28629e+11,countIP0,1.38209e+11,keysum,1.27602e+11,pktSum,5.769e+11,aggrSum,7.84669e+08,blackkey_num,327228295,feedback,31,feedsumportion,0.81492,finger0,11,finger,15,time,308857,runTime,3205.98
line,53549382,total,0.00805188,total0,0.0831253,false,0.00253603,over,0.00943057,false0,0.0253449,over0,0.0942485,overaggr,0.00615616,overcuckoo,0.00189572,over_uai,0.0395541,over_uai,0.00214308,over_utai,0.00992449,over_utai,0.00972084,over_ai,0.0073999,over_ai,0.00795382,countIP,1.28664e+11,countIP0,1.38246e+11,keysum,1.27636e+11,pktSum,5.7708e+11,aggrSum,7.8575e+08,blackkey_num,329467322,feedback,39,feedsumportion,0.986981,finger0,11,finger,15,time,313027,runTime,3206.98
line,53566238,total,0.00805071,total0,0.083125,false,0.00252737,over,0.00940724,false0,0.025308,over0,0.0942,overaggr,0.00615519,overcuckoo,0.00189552,over_uai,0.00772561,over_uai,0.00231567,over_utai,0.00992366,over_utai,0.00971845,over_ai,0.00739861,over_ai,0.00795269,countIP,1.28697e+11,countIP0,1.38282e+11,keysum,1.2767e+11,pktSum,5.77266e+11,aggrSum,7.8583e+08,blackkey_num,331994498,feedback,39,feedsumportion,0.986981,finger0,11,finger,15,time,313027,runTime,3207.98
line,53583094,total,0.00804906,total0,0.0831294,false,0.00251701,over,0.00937703,false0,0.0252919,over0,0.0942241,overaggr,0.00615389,overcuckoo,0.00189517,over_uai,0.00224438,over_uai,0.00113562,over_utai,0.00992126,over_utai,0.00971595,over_ai,0.00739679,over_ai,0.00795128,countIP,1.2873e+11,countIP0,1.38318e+11,keysum,1.27702e+11,pktSum,5.77447e+11,aggrSum,7.85862e+08,blackkey_num,333243271,feedback,39,feedsumportion,0.986981,finger0,11,finger,15,time,313027,runTime,3208.98
line,53599685,total,0.00804742,total0,0.0831335,false,0.00250723,over,0.00934686,false0,0.0252797,over0,0.0942415,overaggr,0.0061526,overcuckoo,0.00189482,over_uai,0.00245478,over_uai,0.00188117,over_utai,0.00991882,over_utai,0.00971394,over_ai,0.00739511,over_ai,0.00794969,countIP,1.28765e+11,countIP0,1.38356e+11,keysum,1.27737e+11,pktSum,5.77632e+11,aggrSum,7.85912e+08,blackkey_num,334782445,feedback,39,feedsumportion,0.986981,finger0,11,finger,15,time,313027,runTime,3209.98
line,53615992,total,0.00804509,total0,0.0831273,false,0.00249708,over,0.00930525,false0,0.0252496,over0,0.0940916,overaggr,0.00615072,overcuckoo,0.00189437,over_uai,0.00179774,over_uai,0.00107114,over_utai,0.00991648,over_utai,0.00970997,over_ai,0.00739317,over_ai,0.00794671,countIP,1.28808e+11,countIP0,1.38402e+11,keysum,1.2778e+11,pktSum,5.77825e+11,aggrSum,7.8594e+08,blackkey_num,335939600,feedback,39,feedsumportion,0.986981,finger0,11,finger,15,time,313027,runTime,3210.98
line,53632267,total,0.00804393,total0,0.0831216,false,0.00249174,over,0.00928169,false0,0.0252221,over0,0.0939519,overaggr,0.00614941,overcuckoo,0.00189452,over_uai,0.00412926,over_uai,0.00473746,over_utai,0.00991457,over_utai,0.00970812,over_ai,0.00739184,over_ai,0.00794549,countIP,1.2885e+11,countIP0,1.38447e+11,keysum,1.27822e+11,pktSum,5.7801e+11,aggrSum,7.8603e+08,blackkey_num,337176279,feedback,31,feedsumportion,0.949775,finger0,11,finger,15,time,308732,runTime,3211.98
line,53648839,total,0.00804276,total0,0.0831164,false,0.00248655,over,0.00925815,false0,0.0251984,over0,0.0938211,overaggr,0.00614874,overcuckoo,0.00189402,over_uai,0.00472958,over_uai,0.00403132,over_utai,0.00991254,over_utai,0.00970591,over_ai,0.00739071,over_ai,0.00794406,countIP,1.28892e+11,countIP0,1.38492e+11,keysum,1.27864e+11,pktSum,5.78194e+11,aggrSum,7.86202e+08,blackkey_num,338791972,feedback,31,feedsumportion,0.949775,finger0,11,finger,15,time,308732,runTime,3212.98
line,53665516,total,0.0080414,total0,0.0831135,false,0.00247933,over,0.00923263,false0,0.0251708,over0,0.093732,overaggr,0.00614774,overcuckoo,0.00189366,over_uai,0.00342675,over_uai,0.00799885,over_utai,0.0099103,over_utai,0.00970513,over_ai,0.00738921,over_ai,0.00794268,countIP,1.2893e+11,countIP0,1.38532e+11,keysum,1.27902e+11,pktSum,5.78378e+11,aggrSum,7.86308e+08,blackkey_num,340947066,feedback,31,feedsumportion,0.949775,finger0,11,finger,15,time,308732,runTime,3213.98
line,53681966,total,0.00803962,total0,0.083111,false,0.00247145,over,0.00920085,false0,0.0251542,over0,0.0936453,overaggr,0.00614637,overcuckoo,0.00189325,over_uai,0.00362441,over_uai,0.00311977,over_utai,0.00990782,over_utai,0.00970325,over_ai,0.00738675,over_ai,0.00794146,countIP,1.2897e+11,countIP0,1.38575e+11,keysum,1.27942e+11,pktSum,5.78557e+11,aggrSum,7.86377e+08,blackkey_num,342586112,feedback,31,feedsumportion,0.949775,finger0,11,finger,15,time,308732,runTime,3214.98
line,53698800,total,0.00803803,total0,0.0831103,false,0.00246284,over,0.00917278,false0,0.025129,over0,0.0935923,overaggr,0.0061451,overcuckoo,0.00189293,over_uai,0.00471767,over_uai,0.00333912,over_utai,0.00990597,over_utai,0.00970159,over_ai,0.00738478,over_ai,0.00794018,countIP,1.29006e+11,countIP0,1.38614e+11,keysum,1.27977e+11,pktSum,5.7874e+11,aggrSum,7.86434e+08,blackkey_num,345417180,feedback,31,feedsumportion,0.949775,finger0,11,finger,15,time,308732,runTime,3215.98
line,53715674,total,0.00803608,total0,0.0831049,false,0.00245397,over,0.00913917,false0,0.0250972,over0,0.093468,overaggr,0.00614364,overcuckoo,0.00189244,over_uai,0.00179774,over_uai,0.00139654,over_utai,0.00990301,over_utai,0.00969939,over_ai,0.0073827,over_ai,0.00793839,countIP,1.29044e+11,countIP0,1.38654e+11,keysum,1.28016e+11,pktSum,5.78918e+11,aggrSum,7.86481e+08,blackkey_num,348095427,feedback,39,feedsumportion,0.815909,finger0,11,finger,15,time,316490,runTime,3216.98
line,53732580,total,0.0080346,total0,0.0831044,false,0.00244682,over,0.00911271,false0,0.0250824,over0,0.0934142,overaggr,0.00614256,overcuckoo,0.00189203,over_uai,0.000995898,over_uai,0.00380961,over_utai,0.0098999,over_utai,0.00969706,over_ai,0.00738068,over_ai,0.00793778,countIP,1.29083e+11,countIP0,1.38696e+11,keysum,1.28054e+11,pktSum,5.79101e+11,aggrSum,7.8658e+08,blackkey_num,350483419,feedback,39,feedsumportion,0.815909,finger0,11,finger,15,time,316490,runTime,3217.98
line,53749401,total,0.00803284,total0,0.0831051,false,0.00243842,over,0.00908264,false0,0.02507,over0,0.0933809,overaggr,0.00614131,overcuckoo,0.00189153,over_uai,0.00100639,over_uai,0.00257293,over_utai,0.00989746,over_utai,0.00969487,over_ai,0.00737882,over_ai,0.0079364,countIP,1.2912e+11,countIP0,1.38736e+11,keysum,1.28091e+11,pktSum,5.79281e+11,aggrSum,7.86648e+08,blackkey_num,352051686,feedback,39,feedsumportion,0.815909,finger0,11,finger,15,time,316490,runTime,3218.98
line,53766177,total,0.0080308,total0,0.0831071,false,0.0024284,over,0.00904882,false0,0.0250571,over0,0.093369,overaggr,0.00613974,overcuckoo,0.00189106,over_uai,0.00102987,over_uai,0.00209295,over_utai,0.00989475,over_utai,0.00969251,over_ai,0.0073768,over_ai,0.00793427,countIP,1.29156e+11,countIP0,1.38775e+11,keysum,1.28127e+11,pktSum,5.79464e+11,aggrSum,7.86668e+08,blackkey_num,353412151,feedback,39,feedsumportion,0.815909,finger0,11,finger,15,time,316490,runTime,3219.98
line,53782616,total,0.00802905,total0,0.0831064,false,0.00242065,over,0.00901905,false0,0.0250446,over0,0.0933129,overaggr,0.00613843,overcuckoo,0.00189062,over_uai,0.00359529,over_uai,0.000879292,over_utai,0.00989278,over_utai,0.00968959,over_ai,0.00737563,over_ai,0.00793164,countIP,1.29196e+11,countIP0,1.38819e+11,keysum,1.28167e+11,pktSum,5.79649e+11,aggrSum,7.86744e+08,blackkey_num,355090831,feedback,39,feedsumportion,0.815909,finger0,11,finger,15,time,316490,runTime,3220.98
line,53798677,total,0.00803529,total0,0.0830987,false,0.00244425,over,0.00910397,false0,0.0250102,over0,0.0931539,overaggr,0.00614507,overcuckoo,0.00189022,over_uai,0.0395565,over_uai,0.00156942,over_utai,0.00990186,over_utai,0.00968658,over_ai,0.00738767,over_ai,0.00792942,countIP,1.29239e+11,countIP0,1.38863e+11,keysum,1.28209e+11,pktSum,5.79834e+11,aggrSum,7.87851e+08,blackkey_num,355836882,feedback,35,feedsumportion,0.809797,finger0,11,finger,15,time,307993,runTime,3221.98
line,53814733,total,0.00803951,total0,0.0830993,false,0.00245925,over,0.00915966,false0,0.0250011,over0,0.0931185,overaggr,0.00614922,overcuckoo,0.0018903,over_uai,0.0297453,over_uai,0.00372772,over_utai,0.00990734,over_utai,0.00968439,over_ai,0.0073951,over_ai,0.00792865,countIP,1.29279e+11,countIP0,1.38906e+11,keysum,1.28248e+11,pktSum,5.80021e+11,aggrSum,7.88627e+08,blackkey_num,356766799,feedback,35,feedsumportion,0.809797,finger0,11,finger,15,time,307993,runTime,3222.98
line,53830952,total,0.00804458,total0,0.0830961,false,0.00247723,over,0.00922713,false0,0.0249759,over0,0.0930297,overaggr,0.00615466,overcuckoo,0.00188993,over_uai,0.0318962,over_uai,0.001703,over_utai,0.00991422,over_utai,0.0096821,over_ai,0.00740459,over_ai,0.00792715,countIP,1.29319e+11,countIP0,1.38947e+11,keysum,1.28287e+11,pktSum,5.80204e+11,aggrSum,7.8956e+08,blackkey_num,357413180,feedback,35,feedsumportion,0.809797,finger0,11,finger,15,time,307993,runTime,3223.98
line,53847272,total,0.00804868,total0,0.0830905,false,0.00249163,over,0.00928002,false0,0.0249451,over0,0.0929076,overaggr,0.00615911,overcuckoo,0.00188957,over_uai,0.026687,over_uai,0.00173209,over_utai,0.00991985,over_utai,0.00967974,over_ai,0.00741254,over_ai,0.00792569,countIP,1.29359e+11,countIP0,1.38989e+11,keysum,1.28326e+11,pktSum,5.80387e+11,aggrSum,7.90374e+08,blackkey_num,357976323,feedback,35,feedsumportion,0.809797,finger0,11,finger,15,time,307993,runTime,3224.98
line,53863651,total,0.00805211,total0,0.083103,false,0.00250309,over,0.00932327,false0,0.0249796,over0,0.0930415,overaggr,0.00616294,overcuckoo,0.00188918,over_uai,0.0240949,over_uai,0.00163958,over_utai,0.00992441,over_utai,0.00967735,over_ai,0.00741945,over_ai,0.00792393,countIP,1.29399e+11,countIP0,1.39033e+11,keysum,1.28365e+11,pktSum,5.80574e+11,aggrSum,7.91106e+08,blackkey_num,359209012,feedback,35,feedsumportion,0.809797,finger0,11,finger,15,time,307993,runTime,3225.98
line,53880530,total,0.00805004,total0,0.0831214,false,0.00249325,over,0.00928884,false0,0.0250323,over0,0.0932602,overaggr,0.00616135,overcuckoo,0.00188869,over_uai,0.0131798,over_uai,0.000720231,over_utai,0.00992531,over_utai,0.00967462,over_ai,0.00741755,over_ai,0.00792168,countIP,1.29436e+11,countIP0,1.39076e+11,keysum,1.28403e+11,pktSum,5.8076e+11,aggrSum,7.91135e+08,blackkey_num,360759991,feedback,36,feedsumportion,0.979349,finger0,11,finger,15,time,313121,runTime,3226.98
line,53897629,total,0.00804827,total0,0.0831302,false,0.00248572,over,0.00925861,false0,0.0250593,over0,0.0933388,overaggr,0.00616005,overcuckoo,0.00188822,over_uai,0.0118198,over_uai,0.00388836,over_utai,0.00992584,over_utai,0.00967288,over_ai,0.00741525,over_ai,0.00792077,countIP,1.29477e+11,countIP0,1.3912e+11,keysum,1.28443e+11,pktSum,5.80942e+11,aggrSum,7.91214e+08,blackkey_num,362586814,feedback,36,feedsumportion,0.979349,finger0,11,finger,15,time,313121,runTime,3227.98
line,53914573,total,0.00804626,total0,0.0831404,false,0.00247656,over,0.00922537,false0,0.0250835,over0,0.0934377,overaggr,0.00615846,overcuckoo,0.0018878,over_uai,0.00206407,over_uai,0.00130334,over_utai,0.00992302,over_utai,0.00967018,over_ai,0.00741315,over_ai,0.00791887,countIP,1.29516e+11,countIP0,1.39164e+11,keysum,1.28482e+11,pktSum,5.81129e+11,aggrSum,7.9125e+08,blackkey_num,364176640,feedback,36,feedsumportion,0.979349,finger0,11,finger,15,time,313121,runTime,3228.98
line,53931423,total,0.00804423,total0,0.0831574,false,0.00246702,over,0.00919251,false0,0.0251286,over0,0.0936334,overaggr,0.00615686,overcuckoo,0.00188737,over_uai,0.00406605,over_uai,0.00158117,over_utai,0.00992093,over_utai,0.00966819,over_ai,0.00741086,over_ai,0.00791721,countIP,1.29552e+11,countIP0,1.39206e+11,keysum,1.28519e+11,pktSum,5.81312e+11,aggrSum,7.9127e+08,blackkey_num,365426693,feedback,36,feedsumportion,0.979349,finger0,11,finger,15,time,313121,runTime,3229.98
line,53948204,total,0.00804154,total0,0.0831649,false,0.00245731,over,0.00914961,false0,0.0251611,over0,0.0936856,overaggr,0.00615478,overcuckoo,0.00188676,over_uai,0.0672518,over_uai,0.000646685,over_utai,0.00994051,over_utai,0.00966495,over_ai,0.00740835,over_ai,0.00791436,countIP,1.29598e+11,countIP0,1.39256e+11,keysum,1.28564e+11,pktSum,5.81503e+11,aggrSum,7.91284e+08,blackkey_num,366971554,feedback,36,feedsumportion,0.979349,finger0,11,finger,15,time,313121,runTime,3230.98
line,53964987,total,0.00803958,total0,0.0831675,false,0.00245018,over,0.00911741,false0,0.0251732,over0,0.0936723,overaggr,0.0061534,overcuckoo,0.00188618,over_uai,0.0195385,over_uai,0.00184667,over_utai,0.00994333,over_utai,0.00966141,over_ai,0.00740737,over_ai,0.0079111,countIP,1.29642e+11,countIP0,1.39304e+11,keysum,1.28608e+11,pktSum,5.8169e+11,aggrSum,7.91379e+08,blackkey_num,369376103,feedback,31,feedsumportion,0.738714,finger0,11,finger,15,time,309704,runTime,3231.98
line,53981951,total,0.00803772,total0,0.0831824,false,0.00244399,over,0.00908661,false0,0.0252358,over0,0.0938249,overaggr,0.00615209,overcuckoo,0.00188563,over_uai,0.017125,over_uai,0.00164986,over_utai,0.00994546,over_utai,0.00965862,over_ai,0.00740603,over_ai,0.00790821,countIP,1.29688e+11,countIP0,1.39356e+11,keysum,1.28654e+11,pktSum,5.81877e+11,aggrSum,7.91494e+08,blackkey_num,371481632,feedback,31,feedsumportion,0.738714,finger0,11,finger,15,time,309704,runTime,3232.98
line,53998855,total,0.00803589,total0,0.0831923,false,0.0024368,over,0.00905703,false0,0.0252678,over0,0.0939145,overaggr,0.00615074,overcuckoo,0.00188515,over_uai,0.0191494,over_uai,0.00784959,over_utai,0.00994832,over_utai,0.00965791,over_ai,0.00740419,over_ai,0.00790608,countIP,1.29729e+11,countIP0,1.39402e+11,keysum,1.28695e+11,pktSum,5.82058e+11,aggrSum,7.9157e+08,blackkey_num,372936161,feedback,31,feedsumportion,0.738714,finger0,11,finger,15,time,309704,runTime,3233.98
line,54015710,total,0.00803393,total0,0.0831965,false,0.00243093,over,0.0090252,false0,0.0252964,over0,0.0939168,overaggr,0.00614933,overcuckoo,0.00188461,over_uai,0.0161622,over_uai,0.00196703,over_utai,0.00995047,over_utai,0.0096551,over_ai,0.00740244,over_ai,0.00790373,countIP,1.29778e+11,countIP0,1.39455e+11,keysum,1.28744e+11,pktSum,5.82248e+11,aggrSum,7.91686e+08,blackkey_num,374083476,feedback,31,feedsumportion,0.738714,finger0,11,finger,15,time,309704,runTime,3234.98
line,54032985,total,0.00803285,total0,0.0831924,false,0.00242651,over,0.00900623,false0,0.0252762,over0,0.0938151,overaggr,0.00614871,overcuckoo,0.00188414,over_uai,0.0180392,over_uai,0.00239719,over_utai,0.00995295,over_utai,0.00965286,over_ai,0.00740163,over_ai,0.00790214,countIP,1.29819e+11,countIP0,1.39498e+11,keysum,1.28784e+11,pktSum,5.82431e+11,aggrSum,7.91859e+08,blackkey_num,375597012,feedback,31,feedsumportion,0.738714,finger0,11,finger,15,time,309704,runTime,3235.98
line,54050097,total,0.00803065,total0,0.0831978,false,0.00241824,over,0.00897234,false0,0.0252923,over0,0.0938413,overaggr,0.00614698,overcuckoo,0.00188367,over_uai,0.00128515,over_uai,0.00299887,over_utai,0.00994921,over_utai,0.0096508,over_ai,0.00739881,over_ai,0.00790063,countIP,1.2986e+11,countIP0,1.39544e+11,keysum,1.28826e+11,pktSum,5.82612e+11,aggrSum,7.91888e+08,blackkey_num,377152041,feedback,37,feedsumportion,0.849189,finger0,11,finger,15,time,308711,runTime,3236.98
line,54067075,total,0.00802836,total0,0.0832073,false,0.00241056,over,0.00893733,false0,0.0253323,over0,0.0939214,overaggr,0.00614515,overcuckoo,0.00188321,over_uai,0.00214314,over_uai,0.00469129,over_utai,0.00994605,over_utai,0.00964933,over_ai,0.00739592,over_ai,0.00789924,countIP,1.29904e+11,countIP0,1.39592e+11,keysum,1.28869e+11,pktSum,5.8279e+11,aggrSum,7.91919e+08,blackkey_num,378517822,feedback,37,feedsumportion,0.849189,finger0,11,finger,15,time,308711,runTime,3237.98
line,54083867,total,0.00802625,total0,0.0832227,false,0.00240198,over,0.00890545,false0,0.0253764,over0,0.0940843,overaggr,0.0061435,overcuckoo,0.00188275,over_uai,0.00242233,over_uai,0.00426079,over_utai,0.00994348,over_utai,0.00964767,over_ai,0.00739361,over_ai,0.00789749,countIP,1.29943e+11,countIP0,1.39636e+11,keysum,1.28908e+11,pktSum,5.82974e+11,aggrSum,7.91946e+08,blackkey_num,380064461,feedback,37,feedsumportion,0.849189,finger0,11,finger,15,time,308711,runTime,3238.98
line,54100901,total,0.00802402,total0,0.0832236,false,0.00239364,over,0.00887201,false0,0.0253743,over0,0.09405,overaggr,0.00614177,overcuckoo,0.00188225,over_uai,0.00409098,over_uai,0.00315138,over_utai,0.00994161,over_utai,0.0096453,over_ai,0.00739147,over_ai,0.00789512,countIP,1.29983e+11,countIP0,1.3968e+11,keysum,1.28949e+11,pktSum,5.83155e+11,aggrSum,7.91972e+08,blackkey_num,381589457,feedback,37,feedsumportion,0.849189,finger0,11,finger,15,time,308711,runTime,3239.98
line,54118124,total,0.0080218,total0,0.0832279,false,0.00238601,over,0.00883876,false0,0.0253913,over0,0.0940599,overaggr,0.00613994,overcuckoo,0.00188186,over_uai,0.00107026,over_uai,0.00230178,over_utai,0.0099387,over_utai,0.00964249,over_ai,0.00738925,over_ai,0.00789274,countIP,1.30026e+11,countIP0,1.39727e+11,keysum,1.28991e+11,pktSum,5.83334e+11,aggrSum,7.91996e+08,blackkey_num,382998919,feedback,37,feedsumportion,0.849189,finger0,11,finger,15,time,308711,runTime,3240.98
line,54134552,total,0.00802589,total0,0.0832415,false,0.00240018,over,0.00888945,false0,0.0254327,over0,0.0941939,overaggr,0.00614439,overcuckoo,0.0018815,over_uai,0.104684,over_uai,0.0244332,over_utai,0.00996709,over_utai,0.00964775,over_ai,0.00739737,over_ai,0.0078909,countIP,1.30068e+11,countIP0,1.39773e+11,keysum,1.29032e+11,pktSum,5.8352e+11,aggrSum,7.92824e+08,blackkey_num,383684380,feedback,36,feedsumportion,0.521269,finger0,11,finger,15,time,307927,runTime,3241.98
line,54151160,total,0.00802985,total0,0.0832597,false,0.00241349,over,0.00893829,false0,0.0254873,over0,0.0943913,overaggr,0.0061487,overcuckoo,0.00188115,over_uai,0.0288787,over_uai,0.0409248,over_utai,0.00997245,over_utai,0.00965656,over_ai,0.00740539,over_ai,0.00788878,countIP,1.30107e+11,countIP0,1.39817e+11,keysum,1.29071e+11,pktSum,5.837e+11,aggrSum,7.93618e+08,blackkey_num,384214209,feedback,36,feedsumportion,0.521269,finger0,11,finger,15,time,307927,runTime,3242.98
line,54167939,total,0.00803453,total0,0.0832663,false,0.0024292,over,0.00899623,false0,0.0254995,over0,0.0944341,overaggr,0.00615376,overcuckoo,0.00188077,over_uai,0.0328864,over_uai,0.0280676,over_utai,0.00997865,over_utai,0.00966184,over_ai,0.00741436,over_ai,0.00788702,countIP,1.30146e+11,countIP0,1.39859e+11,keysum,1.29109e+11,pktSum,5.83879e+11,aggrSum,7.94506e+08,blackkey_num,384748915,feedback,36,feedsumportion,0.521269,finger0,11,finger,15,time,307927,runTime,3243.98
line,54184401,total,0.00803868,total0,0.0832839,false,0.00244265,over,0.0090466,false0,0.0255481,over0,0.0946198,overaggr,0.00615821,overcuckoo,0.00188047,over_uai,0.0940251,over_uai,0.022272,over_utai,0.0100068,over_utai,0.00966499,over_ai,0.00742217,over_ai,0.00788577,countIP,1.30187e+11,countIP0,1.39904e+11,keysum,1.29148e+11,pktSum,5.84067e+11,aggrSum,7.95323e+08,blackkey_num,385305736,feedback,36,feedsumportion,0.521269,finger0,11,finger,15,time,307927,runTime,3244.98
line,54201194,total,0.00804298,total0,0.0832957,false,0.00245705,over,0.0090987,false0,0.0255813,over0,0.09473,overaggr,0.00616266,overcuckoo,0.00188031,over_uai,0.0325334,over_uai,0.0299094,over_utai,0.0100135,over_utai,0.00967056,over_ai,0.00743,over_ai,0.00788454,countIP,1.30226e+11,countIP0,1.39948e+11,keysum,1.29187e+11,pktSum,5.84244e+11,aggrSum,7.96138e+08,blackkey_num,385823149,feedback,36,feedsumportion,0.521269,finger0,11,finger,15,time,307927,runTime,3245.98
line,54217837,total,0.00804081,total0,0.0833114,false,0.00244948,over,0.0090661,false0,0.025636,over0,0.094885,overaggr,0.00616085,overcuckoo,0.00187996,over_uai,0.0158542,over_uai,0.00198669,over_utai,0.0100152,over_utai,0.00966813,over_ai,0.00742791,over_ai,0.00788237,countIP,1.30269e+11,countIP0,1.39996e+11,keysum,1.2923e+11,pktSum,5.84425e+11,aggrSum,7.96164e+08,blackkey_num,387261195,feedback,39,feedsumportion,0.978136,finger0,11,finger,15,time,309560,runTime,3246.98
line,54234668,total,0.00803852,total0,0.0833398,false,0.00244192,over,0.00903175,false0,0.0257389,over0,0.0951986,overaggr,0.00615897,overcuckoo,0.00187955,over_uai,0.0158111,over_uai,0.00294941,over_utai,0.0100172,over_utai,0.00966586,over_ai,0.00742549,over_ai,0.00788023,countIP,1.30314e+11,countIP0,1.40049e+11,keysum,1.29275e+11,pktSum,5.84613e+11,aggrSum,7.96202e+08,blackkey_num,388498679,feedback,39,feedsumportion,0.978136,finger0,11,finger,15,time,309560,runTime,3247.98
line,54251197,total,0.00803622,total0,0.0833524,false,0.00243426,over,0.00899772,false0,0.0257851,over0,0.0953093,overaggr,0.00615704,overcuckoo,0.00187918,over_uai,0.0170564,over_uai,0.00324024,over_utai,0.0100195,over_utai,0.00966368,over_ai,0.00742314,over_ai,0.00787805,countIP,1.30359e+11,countIP0,1.40099e+11,keysum,1.2932e+11,pktSum,5.84799e+11,aggrSum,7.96227e+08,blackkey_num,389922863,feedback,39,feedsumportion,0.978136,finger0,11,finger,15,time,309560,runTime,3248.98
line,54267857,total,0.00803401,total0,0.083377,false,0.00242598,over,0.00896552,false0,0.025862,over0,0.0955763,overaggr,0.00615526,overcuckoo,0.00187875,over_uai,0.0148737,over_uai,0.00224429,over_utai,0.0100209,over_utai,0.00966148,over_ai,0.00742086,over_ai,0.0078759,countIP,1.304e+11,countIP0,1.40146e+11,keysum,1.2936e+11,pktSum,5.84983e+11,aggrSum,7.96245e+08,blackkey_num,391162418,feedback,39,feedsumportion,0.978136,finger0,11,finger,15,time,309560,runTime,3249.98
line,54284545,total,0.0080322,total0,0.0834125,false,0.00242034,over,0.00893825,false0,0.0259887,over0,0.0959758,overaggr,0.00615334,overcuckoo,0.00187886,over_uai,0.0146009,over_uai,0.00569644,over_utai,0.0100223,over_utai,0.00966004,over_ai,0.00741823,over_ai,0.0078753,countIP,1.30445e+11,countIP0,1.402e+11,keysum,1.29406e+11,pktSum,5.85169e+11,aggrSum,7.96278e+08,blackkey_num,392503511,feedback,39,feedsumportion,0.978136,finger0,11,finger,15,time,309560,runTime,3250.98
line,54301111,total,0.0080301,total0,0.0834142,false,0.00241355,over,0.00890757,false0,0.0259962,over0,0.0959432,overaggr,0.0061517,overcuckoo,0.0018784,over_uai,0.00353686,over_uai,0.00226036,over_utai,0.01002,over_utai,0.00965761,over_ai,0.00741603,over_ai,0.00787319,countIP,1.30489e+11,countIP0,1.40247e+11,keysum,1.29449e+11,pktSum,5.85349e+11,aggrSum,7.96332e+08,blackkey_num,393616502,feedback,36,feedsumportion,0.574923,finger0,11,finger,15,time,309391,runTime,3251.98
line,54317589,total,0.00802836,total0,0.0834147,false,0.00240775,over,0.00888197,false0,0.0259964,over0,0.0958984,overaggr,0.00615041,overcuckoo,0.00187795,over_uai,0.00634937,over_uai,0.00283552,over_utai,0.0100184,over_utai,0.00965545,over_ai,0.0074141,over_ai,0.00787161,countIP,1.30531e+11,countIP0,1.40292e+11,keysum,1.29491e+11,pktSum,5.85528e+11,aggrSum,7.96423e+08,blackkey_num,394708295,feedback,36,feedsumportion,0.574923,finger0,11,finger,15,time,309391,runTime,3252.98
line,54333909,total,0.00802727,total0,0.0834261,false,0.00240345,over,0.00886496,false0,0.0260262,over0,0.0959958,overaggr,0.00614971,overcuckoo,0.00187755,over_uai,0.0121922,over_uai,0.00480136,over_utai,0.0100189,over_utai,0.00965393,over_ai,0.00741241,over_ai,0.00787098,countIP,1.30569e+11,countIP0,1.40336e+11,keysum,1.29529e+11,pktSum,5.85703e+11,aggrSum,7.96569e+08,blackkey_num,395935422,feedback,36,feedsumportion,0.574923,finger0,11,finger,15,time,309391,runTime,3253.98
line,54350201,total,0.00804234,total0,0.0834428,false,0.0024546,over,0.0090516,false0,0.0260759,over0,0.0961576,overaggr,0.00616525,overcuckoo,0.00187709,over_uai,0.0766857,over_uai,0.003522,over_utai,0.0100391,over_utai,0.00965212,over_ai,0.00743856,over_ai,0.00786999,countIP,1.30611e+11,countIP0,1.4038e+11,keysum,1.29569e+11,pktSum,5.85879e+11,aggrSum,7.98824e+08,blackkey_num,397130105,feedback,36,feedsumportion,0.574923,finger0,11,finger,15,time,309391,runTime,3254.98
line,54366742,total,0.00804051,total0,0.0834496,false,0.00244778,over,0.00902461,false0,0.0260908,over0,0.0961928,overaggr,0.00616384,overcuckoo,0.00187667,over_uai,0.00352867,over_uai,0.00211027,over_utai,0.0100368,over_utai,0.00964979,over_ai,0.00743653,over_ai,0.00786828,countIP,1.30652e+11,countIP0,1.40426e+11,keysum,1.2961e+11,pktSum,5.86063e+11,aggrSum,7.98894e+08,blackkey_num,398112035,feedback,36,feedsumportion,0.574923,finger0,11,finger,15,time,309391,runTime,3255.98
line,54383363,total,0.00804706,total0,0.0834624,false,0.00246987,over,0.00910251,false0,0.0261304,over0,0.0963015,overaggr,0.00616956,overcuckoo,0.0018775,over_uai,0.0354527,over_uai,0.001881,over_utai,0.0100458,over_utai,0.00964756,over_ai,0.00744916,over_ai,0.00786626,countIP,1.30695e+11,countIP0,1.40472e+11,keysum,1.29651e+11,pktSum,5.86244e+11,aggrSum,7.99892e+08,blackkey_num,398585832,feedback,38,feedsumportion,0.968297,finger0,11,finger,15,time,307381,runTime,3256.98
line,54400040,total,0.00805442,total0,0.0834757,false,0.00249414,over,0.00919002,false0,0.0261672,over0,0.0964169,overaggr,0.00617423,overcuckoo,0.00188019,over_uai,0.100072,over_uai,0.00327558,over_utai,0.0100782,over_utai,0.00964569,over_ai,0.0074626,over_ai,0.00786479,countIP,1.30737e+11,countIP0,1.40518e+11,keysum,1.29692e+11,pktSum,5.86426e+11,aggrSum,8.00749e+08,blackkey_num,399050637,feedback,38,feedsumportion,0.968297,finger0,11,finger,15,time,307381,runTime,3257.98
line,54416603,total,0.00806211,total0,0.0834914,false,0.00251983,over,0.00928089,false0,0.0262167,over0,0.0965597,overaggr,0.00617881,overcuckoo,0.0018833,over_uai,0.0424262,over_uai,0.00379726,over_utai,0.0100885,over_utai,0.00964377,over_ai,0.00747673,over_ai,0.00786294,countIP,1.3078e+11,countIP0,1.40566e+11,keysum,1.29734e+11,pktSum,5.86608e+11,aggrSum,8.01603e+08,blackkey_num,399433406,feedback,38,feedsumportion,0.968297,finger0,11,finger,15,time,307381,runTime,3258.98
line,54433348,total,0.00806634,total0,0.083485,false,0.00253364,over,0.00932834,false0,0.0261907,over0,0.0964286,overaggr,0.00618283,overcuckoo,0.00188351,over_uai,0.032088,over_uai,0.00261912,over_utai,0.0100943,over_utai,0.00964098,over_ai,0.00748506,over_ai,0.00786122,countIP,1.30822e+11,countIP0,1.4061e+11,keysum,1.29776e+11,pktSum,5.86788e+11,aggrSum,8.0238e+08,blackkey_num,399858097,feedback,38,feedsumportion,0.968297,finger0,11,finger,15,time,307381,runTime,3259.98
line,54449482,total,0.00807011,total0,0.0835105,false,0.00254547,over,0.00936989,false0,0.026268,over0,0.0966925,overaggr,0.00618698,overcuckoo,0.00188313,over_uai,0.103476,over_uai,0.00241159,over_utai,0.0101225,over_utai,0.00963822,over_ai,0.00749271,over_ai,0.00785904,countIP,1.30864e+11,countIP0,1.40657e+11,keysum,1.29816e+11,pktSum,5.8697e+11,aggrSum,8.0317e+08,blackkey_num,400539241,feedback,38,feedsumportion,0.968297,finger0,11,finger,15,time,307381,runTime,3260.98
line,54465536,total,0.0080678,total0,0.0835698,false,0.0025368,over,0.00933649,false0,0.0264562,over0,0.0973698,overaggr,0.00618512,overcuckoo,0.00188268,over_uai,0.0164486,over_uai,0.00145369,over_utai,0.0101244,over_utai,0.00963555,over_ai,0.0074906,over_ai,0.00785652,countIP,1.30905e+11,countIP0,1.4071e+11,keysum,1.29857e+11,pktSum,5.87156e+11,aggrSum,8.03184e+08,blackkey_num,402092197,feedback,39,feedsumportion,0.982614,finger0,11,finger,15,time,309255,runTime,3261.98
line,54482006,total,0.00806573,total0,0.0835974,false,0.00252871,over,0.0093066,false0,0.0265344,over0,0.0976565,overaggr,0.00618348,overcuckoo,0.00188225,over_uai,0.0181031,over_uai,0.00222062,over_utai,0.0101267,over_utai,0.00963333,over_ai,0.00748841,over_ai,0.0078545,countIP,1.30944e+11,countIP0,1.40755e+11,keysum,1.29896e+11,pktSum,5.87337e+11,aggrSum,8.0321e+08,blackkey_num,403282895,feedback,39,feedsumportion,0.982614,finger0,11,finger,15,time,309255,runTime,3262.98
line,54498125,total,0.0080636,total0,0.0835997,false,0.0025225,over,0.00927528,false0,0.0265498,over0,0.0976242,overaggr,0.00618185,overcuckoo,0.00188175,over_uai,0.0192405,over_uai,0.00404522,over_utai,0.0101296,over_utai,0.00963149,over_ai,0.00748666,over_ai,0.0078519,countIP,1.3099e+11,countIP0,1.40805e+11,keysum,1.29942e+11,pktSum,5.87515e+11,aggrSum,8.03282e+08,blackkey_num,404435291,feedback,39,feedsumportion,0.982614,finger0,11,finger,15,time,309255,runTime,3263.98
line,54513752,total,0.00806045,total0,0.0836001,false,0.00251532,over,0.00923049,false0,0.0265834,over0,0.0975533,overaggr,0.00617928,overcuckoo,0.00188117,over_uai,0.0147652,over_uai,0.00178352,over_utai,0.010131,over_utai,0.00962756,over_ai,0.00748422,over_ai,0.00784761,countIP,1.31048e+11,countIP0,1.40868e+11,keysum,1.3e+11,pktSum,5.87711e+11,aggrSum,8.03309e+08,blackkey_num,405484438,feedback,39,feedsumportion,0.982614,finger0,11,finger,15,time,309255,runTime,3264.98
line,54529962,total,0.00805801,total0,0.0836171,false,0.00250867,over,0.0091957,false0,0.0266524,over0,0.0976961,overaggr,0.00617741,overcuckoo,0.00188059,over_uai,0.0399637,over_uai,0.00160185,over_utai,0.0101398,over_utai,0.00962419,over_ai,0.00748272,over_ai,0.00784383,countIP,1.31097e+11,countIP0,1.40923e+11,keysum,1.30049e+11,pktSum,5.87891e+11,aggrSum,8.03364e+08,blackkey_num,406571001,feedback,39,feedsumportion,0.982614,finger0,11,finger,15,time,309255,runTime,3265.98
line,54546175,total,0.00805556,total0,0.083634,false,0.0025021,over,0.0091612,false0,0.0267207,over0,0.0978354,overaggr,0.00617552,overcuckoo,0.00188004,over_uai,0.00445961,over_uai,0.000973866,over_utai,0.0101377,over_utai,0.0096206,over_ai,0.00748092,over_ai,0.00784015,countIP,1.31146e+11,countIP0,1.40978e+11,keysum,1.30098e+11,pktSum,5.88075e+11,aggrSum,8.03421e+08,blackkey_num,407696630,feedback,29,feedsumportion,0.714245,finger0,11,finger,15,time,298992,runTime,3266.98
line,54562580,total,0.00805415,total0,0.0836501,false,0.00249576,over,0.00914042,false0,0.0267526,over0,0.0979784,overaggr,0.00617447,overcuckoo,0.00187968,over_uai,0.00604127,over_uai,0.0023888,over_utai,0.010136,over_utai,0.00961864,over_ai,0.00747945,over_ai,0.00783843,countIP,1.31184e+11,countIP0,1.41021e+11,keysum,1.30135e+11,pktSum,5.88262e+11,aggrSum,8.03517e+08,blackkey_num,408869778,feedback,29,feedsumportion,0.714245,finger0,11,finger,15,time,298992,runTime,3267.98
line,54578678,total,0.00805204,total0,0.0836603,false,0.00248817,over,0.00911099,false0,0.0267758,over0,0.0980459,overaggr,0.00617282,overcuckoo,0.00187922,over_uai,0.00427638,over_uai,0.0016295,over_utai,0.0101337,over_utai,0.00961616,over_ai,0.00747699,over_ai,0.00783636,countIP,1.31226e+11,countIP0,1.41068e+11,keysum,1.30177e+11,pktSum,5.8845e+11,aggrSum,8.03561e+08,blackkey_num,410030080,feedback,29,feedsumportion,0.714245,finger0,11,finger,15,time,298992,runTime,3268.98
line,54594157,total,0.00804996,total0,0.0836717,false,0.00248062,over,0.00908213,false0,0.0268009,over0,0.0981241,overaggr,0.00617114,overcuckoo,0.00187882,over_uai,0.00422784,over_uai,0.00221345,over_utai,0.0101313,over_utai,0.00961396,over_ai,0.00747468,over_ai,0.00783423,countIP,1.31269e+11,countIP0,1.41116e+11,keysum,1.3022e+11,pktSum,5.88645e+11,aggrSum,8.03609e+08,blackkey_num,411196816,feedback,29,feedsumportion,0.714245,finger0,11,finger,15,time,298992,runTime,3269.98
line,54610095,total,0.00804813,total0,0.0836858,false,0.00247396,over,0.0090566,false0,0.0268355,over0,0.0982385,overaggr,0.00616967,overcuckoo,0.00187846,over_uai,0.00436486,over_uai,0.00158327,over_utai,0.0101291,over_utai,0.00961163,over_ai,0.00747285,over_ai,0.00783205,countIP,1.31309e+11,countIP0,1.41162e+11,keysum,1.30261e+11,pktSum,5.8883e+11,aggrSum,8.03667e+08,blackkey_num,412227290,feedback,29,feedsumportion,0.714245,finger0,11,finger,15,time,298992,runTime,3270.98
line,54626104,total,0.00804559,total0,0.0837065,false,0.00246699,over,0.00902229,false0,0.0269111,over0,0.0984194,overaggr,0.00616755,overcuckoo,0.00187804,over_uai,0.00203111,over_uai,0.0235642,over_utai,0.010126,over_utai,0.00961587,over_ai,0.00747026,over_ai,0.00782964,countIP,1.31357e+11,countIP0,1.41216e+11,keysum,1.30309e+11,pktSum,5.89012e+11,aggrSum,8.03685e+08,blackkey_num,413563223,feedback,33,feedsumportion,0.737153,finger0,11,finger,15,time,307153,runTime,3271.98
line,54641951,total,0.00804322,total0,0.0837167,false,0.00245927,over,0.00899032,false0,0.0269389,over0,0.0984801,overaggr,0.00616557,overcuckoo,0.00187764,over_uai,0.00225896,over_uai,0.0337446,over_utai,0.0101231,over_utai,0.00962282,over_ai,0.00746775,over_ai,0.00782757,countIP,1.31402e+11,countIP0,1.41267e+11,keysum,1.30354e+11,pktSum,5.89206e+11,aggrSum,8.03706e+08,blackkey_num,414792662,feedback,33,feedsumportion,0.737153,finger0,11,finger,15,time,307153,runTime,3272.98
line,54658017,total,0.00804119,total0,0.0837481,false,0.0024516,over,0.00896317,false0,0.0270228,over0,0.0987969,overaggr,0.0061639,overcuckoo,0.00187728,over_uai,0.00204903,over_uai,0.0271257,over_utai,0.0101204,over_utai,0.00962779,over_ai,0.00746562,over_ai,0.00782558,countIP,1.31441e+11,countIP0,1.41313e+11,keysum,1.30393e+11,pktSum,5.89392e+11,aggrSum,8.0373e+08,blackkey_num,415918948,feedback,33,feedsumportion,0.737153,finger0,11,finger,15,time,307153,runTime,3273.98
line,54674080,total,0.00803899,total0,0.0837705,false,0.00244412,over,0.00893392,false0,0.0270843,over0,0.0990005,overaggr,0.00616217,overcuckoo,0.00187682,over_uai,0.00266914,over_uai,0.0194248,over_utai,0.010118,over_utai,0.00963073,over_ai,0.00746364,over_ai,0.00782318,countIP,1.31484e+11,countIP0,1.41362e+11,keysum,1.30436e+11,pktSum,5.89583e+11,aggrSum,8.03767e+08,blackkey_num,416993964,feedback,33,feedsumportion,0.737153,finger0,11,finger,15,time,307153,runTime,3274.98
line,54690407,total,0.00803717,total0,0.083769,false,0.00243683,over,0.00890978,false0,0.0270581,over0,0.0989325,overaggr,0.00616058,overcuckoo,0.00187658,over_uai,0.0101168,over_uai,0.0348819,over_utai,0.0101179,over_utai,0.00963732,over_ai,0.00746189,over_ai,0.00782149,countIP,1.31521e+11,countIP0,1.41402e+11,keysum,1.30473e+11,pktSum,5.89765e+11,aggrSum,8.03787e+08,blackkey_num,418497453,feedback,33,feedsumportion,0.737153,finger0,11,finger,15,time,307153,runTime,3275.98
line,54706597,total,0.00804036,total0,0.083762,false,0.00244652,over,0.00894359,false0,0.0270258,over0,0.0987963,overaggr,0.00616401,overcuckoo,0.00187635,over_uai,0.0264529,over_uai,0.00194671,over_utai,0.0101224,over_utai,0.00963491,over_ai,0.00746879,over_ai,0.00781919,countIP,1.31563e+11,countIP0,1.41446e+11,keysum,1.30514e+11,pktSum,5.8995e+11,aggrSum,8.04489e+08,blackkey_num,420822719,feedback,30,feedsumportion,0.553398,finger0,11,finger,15,time,312267,runTime,3276.98
line,54722824,total,0.00804419,total0,0.0837566,false,0.0024585,over,0.00898464,false0,0.0270017,over0,0.0986782,overaggr,0.00616805,overcuckoo,0.00187613,over_uai,0.0271248,over_uai,0.00207379,over_utai,0.0101276,over_utai,0.00963283,over_ai,0.00747648,over_ai,0.00781736,countIP,1.31606e+11,countIP0,1.4149e+11,keysum,1.30555e+11,pktSum,5.90131e+11,aggrSum,8.05273e+08,blackkey_num,421377671,feedback,30,feedsumportion,0.553398,finger0,11,finger,15,time,312267,runTime,3277.98
line,54739105,total,0.008048,total0,0.0837672,false,0.00247014,over,0.00902512,false0,0.0270262,over0,0.0987452,overaggr,0.00617235,overcuckoo,0.00187565,over_uai,0.0250678,over_uai,0.00189746,over_utai,0.0101327,over_utai,0.00963083,over_ai,0.0074842,over_ai,0.00781565,countIP,1.31649e+11,countIP0,1.41537e+11,keysum,1.30597e+11,pktSum,5.90317e+11,aggrSum,8.06094e+08,blackkey_num,422300813,feedback,30,feedsumportion,0.553398,finger0,11,finger,15,time,312267,runTime,3278.98
line,54755516,total,0.00805209,total0,0.0837678,false,0.00248193,over,0.00906895,false0,0.0270125,over0,0.0987034,overaggr,0.00617688,overcuckoo,0.00187521,over_uai,0.0282086,over_uai,0.00171563,over_utai,0.010138,over_utai,0.00962854,over_ai,0.00749236,over_ai,0.00781363,countIP,1.31686e+11,countIP0,1.41577e+11,keysum,1.30634e+11,pktSum,5.90492e+11,aggrSum,8.06912e+08,blackkey_num,423093896,feedback,30,feedsumportion,0.553398,finger0,11,finger,15,time,312267,runTime,3279.98
line,54771809,total,0.00805591,total0,0.0837683,false,0.00249228,over,0.00910964,false0,0.0269925,over0,0.0986616,overaggr,0.006181,overcuckoo,0.00187491,over_uai,0.0273084,over_uai,0.00252855,over_utai,0.0101429,over_utai,0.00962643,over_ai,0.00749987,over_ai,0.00781196,countIP,1.31723e+11,countIP0,1.41617e+11,keysum,1.3067e+11,pktSum,5.90674e+11,aggrSum,8.07675e+08,blackkey_num,423539058,feedback,30,feedsumportion,0.553398,finger0,11,finger,15,time,312267,runTime,3280.98
line,54788177,total,0.00805442,total0,0.0837772,false,0.00248706,over,0.00908875,false0,0.027011,over0,0.0987094,overaggr,0.00617919,overcuckoo,0.00187522,over_uai,0.00501474,over_uai,0.00176705,over_utai,0.0101408,over_utai,0.00962402,over_ai,0.00749875,over_ai,0.00780987,countIP,1.31764e+11,countIP0,1.41662e+11,keysum,1.30712e+11,pktSum,5.90857e+11,aggrSum,8.07692e+08,blackkey_num,424814868,feedback,35,feedsumportion,0.97987,finger0,11,finger,15,time,304643,runTime,3281.98
line,54804426,total,0.00805551,total0,0.0838067,false,0.00248939,over,0.00909769,false0,0.0270882,over0,0.0989963,overaggr,0.00617753,overcuckoo,0.00187798,over_uai,0.0142065,over_uai,0.00227136,over_utai,0.0101421,over_utai,0.00962166,over_ai,0.00750198,over_ai,0.00780778,countIP,1.31803e+11,countIP0,1.41708e+11,keysum,1.3075e+11,pktSum,5.91038e+11,aggrSum,8.07712e+08,blackkey_num,426243560,feedback,35,feedsumportion,0.97987,finger0,11,finger,15,time,304643,runTime,3282.98
line,54820527,total,0.00805668,total0,0.083854,false,0.0024909,over,0.00910786,false0,0.0272089,over0,0.0994878,overaggr,0.00617602,overcuckoo,0.00188066,over_uai,0.0127782,over_uai,0.00328817,over_utai,0.0101427,over_utai,0.00962003,over_ai,0.00750477,over_ai,0.00780667,countIP,1.31839e+11,countIP0,1.41752e+11,keysum,1.30785e+11,pktSum,5.91222e+11,aggrSum,8.0773e+08,blackkey_num,427436000,feedback,35,feedsumportion,0.97987,finger0,11,finger,15,time,304643,runTime,3283.98
line,54836733,total,0.00805594,total0,0.0838601,false,0.00248765,over,0.00909592,false0,0.0272133,over0,0.0995039,overaggr,0.00617439,overcuckoo,0.00188154,over_uai,0.00658303,over_uai,0.00256646,over_utai,0.0101414,over_utai,0.00961834,over_ai,0.00750426,over_ai,0.00780564,countIP,1.31877e+11,countIP0,1.41794e+11,keysum,1.30823e+11,pktSum,5.91401e+11,aggrSum,8.07755e+08,blackkey_num,428592054,feedback,35,feedsumportion,0.97987,finger0,11,finger,15,time,304643,runTime,3284.98
line,54853121,total,0.00805406,total0,0.0838815,false,0.00248059,over,0.00907143,false0,0.0272624,over0,0.0996976,overaggr,0.00617286,overcuckoo,0.0018812,over_uai,0.00259342,over_uai,0.0027755,over_utai,0.0101385,over_utai,0.00961669,over_ai,0.00750182,over_ai,0.00780452,countIP,1.31914e+11,countIP0,1.41836e+11,keysum,1.3086e+11,pktSum,5.91575e+11,aggrSum,8.07777e+08,blackkey_num,430278115,feedback,35,feedsumportion,0.97987,finger0,11,finger,15,time,304643,runTime,3285.98
line,54854820,total,0.00805401,total0,0.083881,false,0.00248046,over,0.00907086,false0,0.0272609,over0,0.0996909,overaggr,0.00617283,overcuckoo,0.00188118,over_uai,0.00312681,over_uai,0.00191643,over_utai,0.0101384,over_utai,0.00961665,over_ai,0.00750175,over_ai,0.00780448,countIP,1.31915e+11,countIP0,1.41837e+11,keysum,1.30861e+11,pktSum,5.91579e+11,aggrSum,8.0778e+08,blackkey_num,430287657,feedback,34,feedsumportion,0.946464,finger0,11,finger,15,time,307650,runTime,3286
line,54871500,total,0.00805189,total0,0.0839008,false,0.000477471,over,0.00151459,false0,0.0456394,over0,0.144774,overaggr,0.00617107,overcuckoo,0.00188082,over_uai,0.0027137,over_uai,0.00433503,over_utai,0.0101355,over_utai,0.00961505,over_ai,0.00749932,over_ai,0.0078028,countIP,1.31957e+11,countIP0,1.41886e+11,keysum,1.30903e+11,pktSum,5.91757e+11,aggrSum,8.07812e+08,blackkey_num,1732104,feedback,1,feedsumportion,0.524007,finger0,11,finger,15,time,379502,runTime,3287
line,54887818,total,0.00804943,total0,0.0839167,false,0.000450121,over,0.00136455,false0,0.0448355,over0,0.13592,overaggr,0.00616909,overcuckoo,0.00188034,over_uai,0.0018067,over_uai,0.00431003,over_utai,0.010132,over_utai,0.00961342,over_ai,0.00749636,over_ai,0.00780105,countIP,1.32004e+11,countIP0,1.41939e+11,keysum,1.3095e+11,pktSum,5.91941e+11,aggrSum,8.07844e+08,blackkey_num,3188680,feedback,1,feedsumportion,0.524007,finger0,11,finger,15,time,379502,runTime,3288
line,54904244,total,0.00804709,total0,0.083961,false,0.000415132,over,0.00128256,false0,0.0524743,over0,0.16212,overaggr,0.00616714,overcuckoo,0.00187995,over_uai,0.0013854,over_uai,0.00295952,over_utai,0.0101282,over_utai,0.00961157,over_ai,0.00749344,over_ai,0.00779961,countIP,1.32049e+11,countIP0,1.41993e+11,keysum,1.30995e+11,pktSum,5.92127e+11,aggrSum,8.07862e+08,blackkey_num,4714850,feedback,1,feedsumportion,0.524007,finger0,11,finger,15,time,379502,runTime,3289
line,54920751,total,0.00804485,total0,0.0839699,false,0.000418094,over,0.00131316,false0,0.04752,over0,0.149252,overaggr,0.0061654,overcuckoo,0.00187946,over_uai,0.00139985,over_uai,0.00325023,over_utai,0.0101246,over_utai,0.00960973,over_ai,0.0074907,over_ai,0.00779824,countIP,1.32093e+11,countIP0,1.42042e+11,keysum,1.31039e+11,pktSum,5.92316e+11,aggrSum,8.07905e+08,blackkey_num,6662085,feedback,1,feedsumportion,0.524007,finger0,11,finger,15,time,379502,runTime,3290
line,54937302,total,0.00804303,total0,0.0839893,false,0.000422332,over,0.00138942,false0,0.0454677,over0,0.149583,overaggr,0.00616405,overcuckoo,0.00187899,over_uai,0.00617208,over_uai,0.0100124,over_utai,0.0101232,over_utai,0.00960978,over_ai,0.00748857,over_ai,0.00779696,countIP,1.32131e+11,countIP0,1.42085e+11,keysum,1.31076e+11,pktSum,5.92505e+11,aggrSum,8.07962e+08,blackkey_num,8390039,feedback,1,feedsumportion,0.524007,finger0,11,finger,15,time,379502,runTime,3291
line,54953875,total,0.00804659,total0,0.0840176,false,0.00126522,over,0.00424224,false0,0.0459169,over0,0.153959,overaggr,0.006168,overcuckoo,0.00187859,over_uai,0.0921561,over_uai,0.00210765,over_utai,0.0101484,over_utai,0.00960724,over_ai,0.00749611,over_ai,0.00779472,countIP,1.32171e+11,countIP0,1.42132e+11,keysum,1.31116e+11,pktSum,5.92691e+11,aggrSum,8.08724e+08,blackkey_num,11600029,feedback,33,feedsumportion,0.66525,finger0,11,finger,15,time,313870,runTime,3292
line,54970180,total,0.00804954,total0,0.084042,false,0.00179033,over,0.00607017,false0,0.045783,over0,0.155229,overaggr,0.00617139,overcuckoo,0.00187815,over_uai,0.0669882,over_uai,0.00347361,over_utai,0.0101656,over_utai,0.00960536,over_ai,0.00750217,over_ai,0.00779302,countIP,1.32212e+11,countIP0,1.42179e+11,keysum,1.31156e+11,pktSum,5.92878e+11,aggrSum,8.09417e+08,blackkey_num,13057161,feedback,33,feedsumportion,0.66525,finger0,11,finger,15,time,313870,runTime,3293
line,54986877,total,0.00805522,total0,0.0840762,false,0.00248583,over,0.00852786,false0,0.0467689,over0,0.160445,overaggr,0.00617736,overcuckoo,0.00187786,over_uai,0.0486808,over_uai,0.0210693,over_utai,0.0101772,over_utai,0.00960878,over_ai,0.00751256,over_ai,0.00779179,countIP,1.32252e+11,countIP0,1.42225e+11,keysum,1.31195e+11,pktSum,5.93061e+11,aggrSum,8.10439e+08,blackkey_num,14294660,feedback,33,feedsumportion,0.66525,finger0,11,finger,15,time,313870,runTime,3294
line,55003658,total,0.00805931,total0,0.0840864,false,0.00286554,over,0.00992431,false0,0.0451759,over0,0.156459,overaggr,0.00618168,overcuckoo,0.00187762,over_uai,0.0426923,over_uai,0.0810828,over_utai,0.0101869,over_utai,0.00962785,over_ai,0.00752037,over_ai,0.0077903,countIP,1.3229e+11,countIP0,1.42267e+11,keysum,1.31232e+11,pktSum,5.93237e+11,aggrSum,8.11234e+08,blackkey_num,14987028,feedback,33,feedsumportion,0.66525,finger0,11,finger,15,time,313870,runTime,3295
line,55020148,total,0.00806429,total0,0.0841007,false,0.00321967,over,0.0113745,false0,0.0438198,over0,0.154808,overaggr,0.00618709,overcuckoo,0.0018772,over_uai,0.113829,over_uai,0.00206587,over_utai,0.0102207,over_utai,0.00962564,over_ai,0.00753001,over_ai,0.00778843,countIP,1.32326e+11,countIP0,1.42307e+11,keysum,1.31267e+11,pktSum,5.93422e+11,aggrSum,8.12162e+08,blackkey_num,15636345,feedback,33,feedsumportion,0.66525,finger0,11,finger,15,time,313870,runTime,3296
line,55036295,total,0.00806267,total0,0.0841296,false,0.00295388,over,0.0106251,false0,0.0438344,over0,0.157672,overaggr,0.00618577,overcuckoo,0.00187691,over_uai,0.00678956,over_uai,0.0468784,over_utai,0.0102195,over_utai,0.00963648,over_ai,0.00752848,over_ai,0.0077867,countIP,1.32361e+11,countIP0,1.42349e+11,keysum,1.31303e+11,pktSum,5.93612e+11,aggrSum,8.12209e+08,blackkey_num,17202323,feedback,35,feedsumportion,0.977954,finger0,11,finger,15,time,304075,runTime,3297
line,55052853,total,0.00806113,total0,0.0841619,false,0.00272514,over,0.0100217,false0,0.0439304,over0,0.161553,overaggr,0.00618437,overcuckoo,0.00187676,over_uai,0.00622306,over_uai,0.0659961,over_utai,0.0102181,over_utai,0.00965105,over_ai,0.00752663,over_ai,0.00778536,countIP,1.32394e+11,countIP0,1.42389e+11,keysum,1.31335e+11,pktSum,5.938e+11,aggrSum,8.12226e+08,blackkey_num,18730712,feedback,35,feedsumportion,0.977954,finger0,11,finger,15,time,304075,runTime,3298
line,55068909,total,0.00805953,total0,0.0842108,false,0.00253222,over,0.00948036,false0,0.045161,over0,0.169078,overaggr,0.00618304,overcuckoo,0.0018765,over_uai,0.00575035,over_uai,0.0706031,over_utai,0.0102168,over_utai,0.0096671,over_ai,0.00752492,over_ai,0.00778374,countIP,1.32428e+11,countIP0,1.42432e+11,keysum,1.31369e+11,pktSum,5.93991e+11,aggrSum,8.12259e+08,blackkey_num,20178487,feedback,35,feedsumportion,0.977954,finger0,11,finger,15,time,304075,runTime,3299
line,55085446,total,0.00805836,total0,0.0842573,false,0.00239597,over,0.00910665,false0,0.046061,over0,0.175069,overaggr,0.00618205,overcuckoo,0.00187631,over_uai,0.00635661,over_uai,0.0786739,over_utai,0.0102155,over_utai,0.00968545,over_ai,0.0075238,over_ai,0.0077822,countIP,1.32462e+11,countIP0,1.42474e+11,keysum,1.31403e+11,pktSum,5.94182e+11,aggrSum,8.12338e+08,blackkey_num,21557118,feedback,35,feedsumportion,0.977954,finger0,11,finger,15,time,304075,runTime,3300
line,55101792,total,0.00805695,total0,0.0842631,false,0.00227136,over,0.00872434,false0,0.0445118,over0,0.170971,overaggr,0.00618091,overcuckoo,0.00187605,over_uai,0.00595826,over_uai,0.0898053,over_utai,0.0102142,over_utai,0.00970594,over_ai,0.00752248,over_ai,0.00778075,countIP,1.32496e+11,countIP0,1.42513e+11,keysum,1.31437e+11,pktSum,5.94371e+11,aggrSum,8.12401e+08,blackkey_num,23083924,feedback,35,feedsumportion,0.977954,finger0,11,finger,15,time,304075,runTime,3301
line,55118248,total,0.00805552,total0,0.0842855,false,0.00216126,over,0.00837887,false0,0.0440976,over0,0.17096,overaggr,0.00617982,overcuckoo,0.0018757,over_uai,0.0060379,over_uai,0.00187088,over_utai,0.0102124,over_utai,0.00970386,over_ai,0.00752077,over_ai,0.00777933,countIP,1.3253e+11,countIP0,1.42552e+11,keysum,1.31471e+11,pktSum,5.94557e+11,aggrSum,8.12468e+08,blackkey_num,24519135,feedback,36,feedsumportion,0.696737,finger0,11,finger,15,time,311197,runTime,3302
line,55134499,total,0.00805385,total0,0.0843023,false,0.00206211,over,0.00802181,false0,0.0435527,over0,0.169425,overaggr,0.00617843,overcuckoo,0.00187542,over_uai,0.00509333,over_uai,0.00300295,over_utai,0.0102104,over_utai,0.00970166,over_ai,0.00751885,over_ai,0.00777773,countIP,1.32567e+11,countIP0,1.42595e+11,keysum,1.31508e+11,pktSum,5.94746e+11,aggrSum,8.12514e+08,blackkey_num,25577570,feedback,36,feedsumportion,0.696737,finger0,11,finger,15,time,311197,runTime,3303
line,55150319,total,0.00805226,total0,0.0843198,false,0.00198045,over,0.00771824,false0,0.0431497,over0,0.168164,overaggr,0.00617718,overcuckoo,0.00187509,over_uai,0.00275309,over_uai,0.00372031,over_utai,0.0102077,over_utai,0.00969973,over_ai,0.0075171,over_ai,0.00777612,countIP,1.32605e+11,countIP0,1.42637e+11,keysum,1.31545e+11,pktSum,5.94933e+11,aggrSum,8.12579e+08,blackkey_num,26847168,feedback,36,feedsumportion,0.696737,finger0,11,finger,15,time,311197,runTime,3304
line,55166775,total,0.0080507,total0,0.0843587,false,0.00189787,over,0.00744768,false0,0.0436789,over0,0.171406,overaggr,0.00617588,overcuckoo,0.00187482,over_uai,0.00194705,over_uai,0.00260371,over_utai,0.010205,over_utai,0.00969754,over_ai,0.00751516,over_ai,0.00777477,countIP,1.32638e+11,countIP0,1.42678e+11,keysum,1.31579e+11,pktSum,5.95115e+11,aggrSum,8.12613e+08,blackkey_num,28340090,feedback,36,feedsumportion,0.696737,finger0,11,finger,15,time,311197,runTime,3305
line,55183115,total,0.00804939,total0,0.0843874,false,0.00183763,over,0.00724526,false0,0.0437651,over0,0.172553,overaggr,0.0061747,overcuckoo,0.0018747,over_uai,0.00263644,over_uai,0.00467939,over_utai,0.0102023,over_utai,0.00969605,over_ai,0.00751315,over_ai,0.00777404,countIP,1.32672e+11,countIP0,1.42719e+11,keysum,1.31612e+11,pktSum,5.95294e+11,aggrSum,8.12665e+08,blackkey_num,29809176,feedback,36,feedsumportion,0.696737,finger0,11,finger,15,time,311197,runTime,3306
line,55199470,total,0.00804754,total0,0.0844039,false,0.00176617,over,0.00697073,false0,0.0434087,over0,0.171326,overaggr,0.00617317,overcuckoo,0.00187437,over_uai,0.0138982,over_uai,0.00670828,over_utai,0.0102034,over_utai,0.00969503,over_ai,0.00751097,over_ai,0.00777263,countIP,1.32707e+11,countIP0,1.42759e+11,keysum,1.31648e+11,pktSum,5.95473e+11,aggrSum,8.12684e+08,blackkey_num,31152320,feedback,37,feedsumportion,0.677865,finger0,11,finger,15,time,311899,runTime,3307
line,55215927,total,0.00804553,total0,0.0844026,false,0.00170132,over,0.00669843,false0,0.042476,over0,0.167236,overaggr,0.00617159,overcuckoo,0.00187394,over_uai,0.0171934,over_uai,0.00451545,over_utai,0.0102053,over_utai,0.00969376,over_ai,0.00750854,over_ai,0.00777127,countIP,1.32744e+11,countIP0,1.42799e+11,keysum,1.31685e+11,pktSum,5.95647e+11,aggrSum,8.12703e+08,blackkey_num,32591227,feedback,37,feedsumportion,0.677865,finger0,11,finger,15,time,311899,runTime,3308
line,55232204,total,0.00804386,total0,0.0844095,false,0.00164496,over,0.00649564,false0,0.0417783,over0,0.164975,overaggr,0.00617014,overcuckoo,0.00187372,over_uai,0.0157681,over_uai,0.0062887,over_utai,0.0102066,over_utai,0.00969282,over_ai,0.0075064,over_ai,0.0077701,countIP,1.32779e+11,countIP0,1.42837e+11,keysum,1.31719e+11,pktSum,5.95827e+11,aggrSum,8.12724e+08,blackkey_num,34033791,feedback,37,feedsumportion,0.677865,finger0,11,finger,15,time,311899,runTime,3309
line,55248657,total,0.00804209,total0,0.0844426,false,0.00159411,over,0.00629596,false0,0.0422043,over0,0.166687,overaggr,0.00616863,overcuckoo,0.00187346,over_uai,0.0152417,over_uai,0.00530892,over_utai,0.0102081,over_utai,0.00969163,over_ai,0.0075043,over_ai,0.00776888,countIP,1.32814e+11,countIP0,1.4288e+11,keysum,1.31754e+11,pktSum,5.96002e+11,aggrSum,8.12743e+08,blackkey_num,35633103,feedback,37,feedsumportion,0.677865,finger0,11,finger,15,time,311899,runTime,3310
line,55265168,total,0.00804017,total0,0.0844709,false,0.00154256,over,0.00609014,false0,0.0424473,over0,0.167585,overaggr,0.00616709,overcuckoo,0.00187308,over_uai,0.0124185,over_uai,0.00276124,over_utai,0.0102087,over_utai,0.00969006,over_ai,0.00750211,over_ai,0.00776731,countIP,1.32849e+11,countIP0,1.42922e+11,keysum,1.31789e+11,pktSum,5.96175e+11,aggrSum,8.12757e+08,blackkey_num,36931130,feedback,37,feedsumportion,0.677865,finger0,11,finger,15,time,311899,runTime,3311
line,55281421,total,0.00804432,total0,0.0845013,false,0.00170754,over,0.00673058,false0,0.042756,over0,0.168531,overaggr,0.00617165,overcuckoo,0.00187267,over_uai,0.0261749,over_uai,0.00269011,over_utai,0.0102136,over_utai,0.00968821,over_ai,0.00751014,over_ai,0.00776575,countIP,1.32887e+11,countIP0,1.42966e+11,keysum,1.31826e+11,pktSum,5.96352e+11,aggrSum,8.13587e+08,blackkey_num,37413848,feedback,34,feedsumportion,0.435202,finger0,11,finger,15,time,380478,runTime,3312
line,55297758,total,0.00804899,total0,0.0845153,false,0.0018818,over,0.00739445,false0,0.0425522,over0,0.167207,overaggr,0.00617669,overcuckoo,0.0018723,over_uai,0.0301392,over_uai,0.00268643,over_utai,0.0102194,over_utai,0.00968578,over_ai,0.00751872,over_ai,0.00776445,countIP,1.32926e+11,countIP0,1.43009e+11,keysum,1.31864e+11,pktSum,5.96527e+11,aggrSum,8.14484e+08,blackkey_num,37978363,feedback,34,feedsumportion,0.435202,finger0,11,finger,15,time,380478,runTime,3313
line,55314207,total,0.00805448,total0,0.0845308,false,0.00206864,over,0.00811294,false0,0.0423965,over0,0.166273,overaggr,0.00618264,overcuckoo,0.00187184,over_uai,0.0308117,over_uai,0.00685459,over_utai,0.0102255,over_utai,0.00968501,over_ai,0.00752766,over_ai,0.00776495,countIP,1.32963e+11,countIP0,1.43051e+11,keysum,1.31901e+11,pktSum,5.96699e+11,aggrSum,8.15495e+08,blackkey_num,38444776,feedback,34,feedsumportion,0.435202,finger0,11,finger,15,time,380478,runTime,3314
line,55330673,total,0.00805996,total0,0.0845608,false,0.00223562,over,0.00878491,false0,0.0426058,over0,0.16742,overaggr,0.00618849,overcuckoo,0.00187147,over_uai,0.0315894,over_uai,0.00697883,over_utai,0.0102315,over_utai,0.00968409,over_ai,0.00753638,over_ai,0.00776539,countIP,1.32998e+11,countIP0,1.43091e+11,keysum,1.31934e+11,pktSum,5.96872e+11,aggrSum,8.16473e+08,blackkey_num,38963258,feedback,34,feedsumportion,0.435202,finger0,11,finger,15,time,380478,runTime,3315
line,55346850,total,0.00806453,total0,0.0845831,false,0.00235885,over,0.00930791,false0,0.0424729,over0,0.167595,overaggr,0.00619339,overcuckoo,0.00187114,over_uai,0.0285558,over_uai,0.00442336,over_utai,0.0102367,over_utai,0.00968268,over_ai,0.00754427,over_ai,0.00776485,countIP,1.33032e+11,countIP0,1.4313e+11,keysum,1.31967e+11,pktSum,5.97053e+11,aggrSum,8.17326e+08,blackkey_num,39546097,feedback,34,feedsumportion,0.435202,finger0,11,finger,15,time,380478,runTime,3316
line,55363214,total,0.00806297,total0,0.0846092,false,0.00229927,over,0.00909195,false0,0.0425482,over0,0.168247,overaggr,0.00619213,overcuckoo,0.00187084,over_uai,0.00677273,over_uai,0.0220851,over_utai,0.0102353,over_utai,0.00968583,over_ai,0.0075424,over_ai,0.00776342,countIP,1.33064e+11,countIP0,1.43168e+11,keysum,1.32e+11,pktSum,5.97224e+11,aggrSum,8.1736e+08,blackkey_num,41090036,feedback,37,feedsumportion,0.978043,finger0,11,finger,15,time,312040,runTime,3317
line,55379605,total,0.00806136,total0,0.0846307,false,0.00223794,over,0.0088816,false0,0.0424221,over0,0.168359,overaggr,0.00619077,overcuckoo,0.00187059,over_uai,0.00799109,over_uai,0.0123606,over_utai,0.0102345,over_utai,0.00968629,over_ai,0.00754038,over_ai,0.00776225,countIP,1.33097e+11,countIP0,1.43206e+11,keysum,1.32032e+11,pktSum,5.974e+11,aggrSum,8.17381e+08,blackkey_num,42592287,feedback,37,feedsumportion,0.978043,finger0,11,finger,15,time,312040,runTime,3318
line,55395774,total,0.0080596,total0,0.0846476,false,0.00218362,over,0.00866474,false0,0.0422687,over0,0.167725,overaggr,0.00618928,overcuckoo,0.00187032,over_uai,0.0765452,over_uai,0.0202196,over_utai,0.0102548,over_utai,0.00968919,over_ai,0.00753835,over_ai,0.00776105,countIP,1.33132e+11,countIP0,1.43247e+11,keysum,1.32068e+11,pktSum,5.97578e+11,aggrSum,8.17406e+08,blackkey_num,44227226,feedback,37,feedsumportion,0.978043,finger0,11,finger,15,time,312040,runTime,3319
line,55412246,total,0.00805784,total0,0.084679,false,0.00213284,over,0.00846121,false0,0.0425238,over0,0.168696,overaggr,0.0061878,overcuckoo,0.00187005,over_uai,0.0043628,over_uai,0.0267682,over_utai,0.0102527,over_utai,0.00969324,over_ai,0.00753614,over_ai,0.0077599,countIP,1.33168e+11,countIP0,1.4329e+11,keysum,1.32103e+11,pktSum,5.97752e+11,aggrSum,8.17429e+08,blackkey_num,45536022,feedback,37,feedsumportion,0.978043,finger0,11,finger,15,time,312040,runTime,3320
line,55428802,total,0.00805644,total0,0.0847217,false,0.0020915,over,0.00830567,false0,0.0430355,over0,0.1709,overaggr,0.00618659,overcuckoo,0.00186986,over_uai,0.00616443,over_uai,0.0150561,over_utai,0.0102513,over_utai,0.00969434,over_ai,0.00753436,over_ai,0.00775871,countIP,1.33202e+11,countIP0,1.43332e+11,keysum,1.32137e+11,pktSum,5.97925e+11,aggrSum,8.17478e+08,blackkey_num,47488919,feedback,37,feedsumportion,0.978043,finger0,11,finger,15,time,312040,runTime,3321
line,55444939,total,0.00805568,total0,0.0847544,false,0.00206547,over,0.00822201,false0,0.0432073,over0,0.171995,overaggr,0.00618606,overcuckoo,0.00186962,over_uai,0.0340653,over_uai,0.00513839,over_utai,0.0102578,over_utai,0.00969299,over_ai,0.00753265,over_ai,0.00775881,countIP,1.33235e+11,countIP0,1.43373e+11,keysum,1.32171e+11,pktSum,5.98104e+11,aggrSum,8.17615e+08,blackkey_num,48869009,feedback,33,feedsumportion,0.60159,finger0,11,finger,15,time,311946,runTime,3322
line,55461094,total,0.0080544,total0,0.0847876,false,0.0020349,over,0.00809157,false0,0.0434654,over0,0.172836,overaggr,0.00618488,overcuckoo,0.00186951,over_uai,0.0148153,over_uai,0.00324015,over_utai,0.010259,over_utai,0.00969095,over_ai,0.00753082,over_ai,0.00775802,countIP,1.33273e+11,countIP0,1.43418e+11,keysum,1.32208e+11,pktSum,5.98285e+11,aggrSum,8.17691e+08,blackkey_num,50435348,feedback,33,feedsumportion,0.60159,finger0,11,finger,15,time,311946,runTime,3323
line,55477300,total,0.00805335,total0,0.0848236,false,0.00200716,over,0.00799051,false0,0.0437135,over0,0.174023,overaggr,0.00618387,overcuckoo,0.00186948,over_uai,0.016675,over_uai,0.00453052,over_utai,0.0102606,over_utai,0.00968935,over_ai,0.00752911,over_ai,0.00775743,countIP,1.33308e+11,countIP0,1.43461e+11,keysum,1.32243e+11,pktSum,5.98467e+11,aggrSum,8.17776e+08,blackkey_num,51738198,feedback,33,feedsumportion,0.60159,finger0,11,finger,15,time,311946,runTime,3324
line,55493418,total,0.00805193,total0,0.0848762,false,0.00197525,over,0.00786022,false0,0.0443672,over0,0.176553,overaggr,0.00618272,overcuckoo,0.00186921,over_uai,0.0199721,over_uai,0.00422231,over_utai,0.0102633,over_utai,0.00968742,over_ai,0.00752768,over_ai,0.00775565,countIP,1.33346e+11,countIP0,1.43509e+11,keysum,1.32281e+11,pktSum,5.98652e+11,aggrSum,8.17857e+08,blackkey_num,53218933,feedback,33,feedsumportion,0.60159,finger0,11,finger,15,time,311946,runTime,3325
line,55510053,total,0.00805055,total0,0.0849118,false,0.00195072,over,0.00774059,false0,0.0446727,over0,0.177265,overaggr,0.00618161,overcuckoo,0.00186895,over_uai,0.0174437,over_uai,0.004009,over_utai,0.0102651,over_utai,0.00968545,over_ai,0.00752626,over_ai,0.00775419,countIP,1.33386e+11,countIP0,1.43557e+11,keysum,1.32321e+11,pktSum,5.98835e+11,aggrSum,8.17957e+08,blackkey_num,54626679,feedback,33,feedsumportion,0.60159,finger0,11,finger,15,time,311946,runTime,3326
line,55526415,total,0.00804868,total0,0.0849434,false,0.00190842,over,0.00758227,false0,0.0447633,over0,0.177848,overaggr,0.00618009,overcuckoo,0.00186859,over_uai,0.00135074,over_uai,0.00172759,over_utai,0.0102622,over_utai,0.00968311,over_ai,0.00752406,over_ai,0.00775274,countIP,1.33422e+11,countIP0,1.436e+11,keysum,1.32357e+11,pktSum,5.99021e+11,aggrSum,8.17978e+08,blackkey_num,56149292,feedback,41,feedsumportion,0.789177,finger0,11,finger,15,time,308723,runTime,3327
line,55542807,total,0.00804678,total0,0.0849591,false,0.00187144,over,0.00743008,false0,0.0445556,over0,0.176897,overaggr,0.00617853,overcuckoo,0.00186825,over_uai,0.00121693,over_uai,0.00257884,over_utai,0.010259,over_utai,0.00968091,over_ai,0.00752187,over_ai,0.00775107,countIP,1.3346e+11,countIP0,1.43643e+11,keysum,1.32395e+11,pktSum,5.99206e+11,aggrSum,8.18007e+08,blackkey_num,57506264,feedback,41,feedsumportion,0.789177,finger0,11,finger,15,time,308723,runTime,3328
line,55559672,total,0.00804544,total0,0.0849751,false,0.0018503,over,0.0073327,false0,0.0443949,over0,0.175936,overaggr,0.006177,overcuckoo,0.00186844,over_uai,0.0025381,over_uai,0.0053337,over_utai,0.0102564,over_utai,0.0096794,over_ai,0.00751964,over_ai,0.00775077,countIP,1.335e+11,countIP0,1.43688e+11,keysum,1.32435e+11,pktSum,5.99391e+11,aggrSum,8.18048e+08,blackkey_num,58894555,feedback,41,feedsumportion,0.789177,finger0,11,finger,15,time,308723,runTime,3329
line,55576147,total,0.0080439,total0,0.0850101,false,0.0018228,over,0.00722212,false0,0.0446065,over0,0.176735,overaggr,0.00617556,overcuckoo,0.00186833,over_uai,0.00189295,over_uai,0.0037145,over_utai,0.0102536,over_utai,0.00967779,over_ai,0.00751761,over_ai,0.00774993,countIP,1.33537e+11,countIP0,1.43733e+11,keysum,1.32471e+11,pktSum,5.99572e+11,aggrSum,8.18085e+08,blackkey_num,60185159,feedback,41,feedsumportion,0.789177,finger0,11,finger,15,time,308723,runTime,3330
line,55592593,total,0.00804201,total0,0.0850427,false,0.0017892,over,0.00708949,false0,0.0447349,over0,0.177257,overaggr,0.00617399,overcuckoo,0.00186802,over_uai,0.00965818,over_uai,0.00295705,over_utai,0.0102532,over_utai,0.00967601,over_ai,0.00751521,over_ai,0.00774873,countIP,1.33575e+11,countIP0,1.43778e+11,keysum,1.32509e+11,pktSum,5.9976e+11,aggrSum,8.1811e+08,blackkey_num,61624690,feedback,41,feedsumportion,0.789177,finger0,11,finger,15,time,308723,runTime,3331
line,55608929,total,0.00804005,total0,0.085063,false,0.0017564,over,0.00695729,false0,0.0446152,over0,0.176726,overaggr,0.00617241,overcuckoo,0.00186764,over_uai,0.0531988,over_uai,0.00455141,over_utai,0.0102666,over_utai,0.00967446,over_ai,0.00751293,over_ai,0.00774704,countIP,1.33614e+11,countIP0,1.43823e+11,keysum,1.32548e+11,pktSum,5.9995e+11,aggrSum,8.1814e+08,blackkey_num,62876728,feedback,38,feedsumportion,0.547266,finger0,11,finger,15,time,310391,runTime,3332
line,55625408,total,0.0080385,total0,0.0850804,false,0.00173046,over,0.00686101,false0,0.0444287,over0,0.176153,overaggr,0.00617095,overcuckoo,0.00186755,over_uai,0.0225127,over_uai,0.0045434,over_utai,0.0102701,over_utai,0.00967247,over_ai,0.00751089,over_ai,0.00774601,countIP,1.3365e+11,countIP0,1.43864e+11,keysum,1.32584e+11,pktSum,6.00136e+11,aggrSum,8.18169e+08,blackkey_num,64216897,feedback,38,feedsumportion,0.547266,finger0,11,finger,15,time,310391,runTime,3333
line,55641480,total,0.0080365,total0,0.0851008,false,0.00169837,over,0.00673479,false0,0.044322,over0,0.175756,overaggr,0.00616936,overcuckoo,0.00186714,over_uai,0.0022662,over_uai,0.00443131,over_utai,0.0102673,over_utai,0.00967081,over_ai,0.00750862,over_ai,0.00774446,countIP,1.33687e+11,countIP0,1.43907e+11,keysum,1.32621e+11,pktSum,6.00322e+11,aggrSum,8.18188e+08,blackkey_num,65625525,feedback,38,feedsumportion,0.547266,finger0,11,finger,15,time,310391,runTime,3334
line,55657763,total,0.00803529,total0,0.0851119,false,0.00168437,over,0.00667361,false0,0.0440812,over0,0.174653,overaggr,0.00616838,overcuckoo,0.00186691,over_uai,0.0421833,over_uai,0.00785044,over_utai,0.010277,over_utai,0.00967012,over_ai,0.00750644,over_ai,0.00774462,countIP,1.33725e+11,countIP0,1.4395e+11,keysum,1.32659e+11,pktSum,6.00505e+11,aggrSum,8.18294e+08,blackkey_num,67059950,feedback,38,feedsumportion,0.547266,finger0,11,finger,15,time,310391,runTime,3335
line,55673961,total,0.00803398,total0,0.085127,false,0.00166619,over,0.00660574,false0,0.0438798,over0,0.173966,overaggr,0.00616743,overcuckoo,0.00186655,over_uai,0.0428137,over_uai,0.00994313,over_utai,0.0102864,over_utai,0.00967004,over_ai,0.00750421,over_ai,0.00774452,countIP,1.33762e+11,countIP0,1.43992e+11,keysum,1.32696e+11,pktSum,6.00691e+11,aggrSum,8.18393e+08,blackkey_num,68267720,feedback,38,feedsumportion,0.547266,finger0,11,finger,15,time,310391,runTime,3336
line,55690625,total,0.00803249,total0,0.0851517,false,0.00164917,over,0.00652967,false0,0.0439159,over0,0.173879,overaggr,0.00616591,overcuckoo,0.00186658,over_uai,0.0152198,over_uai,0.00407125,over_utai,0.0102878,over_utai,0.00966808,over_ai,0.00750231,over_ai,0.0077433,countIP,1.33801e+11,countIP0,1.44037e+11,keysum,1.32735e+11,pktSum,6.00873e+11,aggrSum,8.1843e+08,blackkey_num,69722955,feedback,38,feedsumportion,0.759617,finger0,11,finger,15,time,310643,runTime,3337
line,55707365,total,0.0080317,total0,0.0851773,false,0.00164649,over,0.00650561,false0,0.0439945,over0,0.173832,overaggr,0.0061645,overcuckoo,0.0018672,over_uai,0.0189675,over_uai,0.00528077,over_utai,0.0102902,over_utai,0.00966635,over_ai,0.00750183,over_ai,0.00774186,countIP,1.3384e+11,countIP0,1.44083e+11,keysum,1.32774e+11,pktSum,6.01053e+11,aggrSum,8.18485e+08,blackkey_num,71032850,feedback,38,feedsumportion,0.759617,finger0,11,finger,15,time,310643,runTime,3338
line,55723891,total,0.00803196,total0,0.0852056,false,0.00165657,over,0.00655178,false0,0.0440245,over0,0.174118,overaggr,0.00616298,overcuckoo,0.00186898,over_uai,0.0273956,over_uai,0.00230915,over_utai,0.0102947,over_utai,0.00966397,over_ai,0.00750339,over_ai,0.00774015,countIP,1.33877e+11,countIP0,1.44126e+11,keysum,1.3281e+11,pktSum,6.01239e+11,aggrSum,8.18505e+08,blackkey_num,72568485,feedback,38,feedsumportion,0.759617,finger0,11,finger,15,time,310643,runTime,3339
line,55740132,total,0.00803333,total0,0.0852373,false,0.0016876,over,0.00667173,false0,0.0441451,over0,0.174523,overaggr,0.00616141,overcuckoo,0.00187192,over_uai,0.0294044,over_uai,0.00211801,over_utai,0.0103002,over_utai,0.00966144,over_ai,0.00750688,over_ai,0.00773845,countIP,1.33916e+11,countIP0,1.44172e+11,keysum,1.32848e+11,pktSum,6.01426e+11,aggrSum,8.18534e+08,blackkey_num,73830615,feedback,38,feedsumportion,0.759617,finger0,11,finger,15,time,310643,runTime,3340
line,55756730,total,0.00803399,total0,0.0852677,false,0.00170026,over,0.00673807,false0,0.0441656,over0,0.175026,overaggr,0.00616041,overcuckoo,0.00187358,over_uai,0.0405635,over_uai,0.00755331,over_utai,0.0103096,over_utai,0.00966078,over_ai,0.00750821,over_ai,0.00773814,countIP,1.3395e+11,countIP0,1.44213e+11,keysum,1.32882e+11,pktSum,6.01612e+11,aggrSum,8.18608e+08,blackkey_num,75726578,feedback,38,feedsumportion,0.759617,finger0,11,finger,15,time,310643,runTime,3341
line,55773177,total,0.00803291,total0,0.0852742,false,0.00169133,over,0.00669301,false0,0.0439056,over0,0.173746,overaggr,0.0061597,overcuckoo,0.00187321,over_uai,0.00679772,over_uai,0.056362,over_utai,0.010308,over_utai,0.00967284,over_ai,0.00750702,over_ai,0.00773675,countIP,1.33989e+11,countIP0,1.44256e+11,keysum,1.32921e+11,pktSum,6.01795e+11,aggrSum,8.18755e+08,blackkey_num,77521935,feedback,37,feedsumportion,0.932865,finger0,11,finger,15,time,305887,runTime,3342
line,55789804,total,0.00803086,total0,0.0852716,false,0.00167483,over,0.00659373,false0,0.0435878,over0,0.171603,overaggr,0.00615812,overcuckoo,0.00187275,over_uai,0.00360233,over_uai,0.122349,over_utai,0.0103053,over_utai,0.00970727,over_ai,0.00750483,over_ai,0.00773484,countIP,1.34036e+11,countIP0,1.44307e+11,keysum,1.32968e+11,pktSum,6.01986e+11,aggrSum,8.18835e+08,blackkey_num,78827044,feedback,37,feedsumportion,0.932865,finger0,11,finger,15,time,305887,runTime,3343
line,55806339,total,0.00803073,total0,0.0852737,false,0.00168346,over,0.00661367,false0,0.0432816,over0,0.170036,overaggr,0.00615836,overcuckoo,0.00187237,over_uai,0.0103029,over_uai,0.0630562,over_utai,0.0103051,over_utai,0.00972752,over_ai,0.00750584,over_ai,0.00773287,countIP,1.34079e+11,countIP0,1.44353e+11,keysum,1.33011e+11,pktSum,6.02176e+11,aggrSum,8.19128e+08,blackkey_num,80030633,feedback,37,feedsumportion,0.932865,finger0,11,finger,15,time,305887,runTime,3344
line,55823234,total,0.00802942,total0,0.0852793,false,0.00167069,over,0.0065588,false0,0.043023,over0,0.1689,overaggr,0.00615729,overcuckoo,0.00187214,over_uai,0.00453515,over_uai,0.0353784,over_utai,0.0103029,over_utai,0.00973472,over_ai,0.00750425,over_ai,0.00773129,countIP,1.34117e+11,countIP0,1.44395e+11,keysum,1.33049e+11,pktSum,6.02357e+11,aggrSum,8.19219e+08,blackkey_num,81528184,feedback,37,feedsumportion,0.932865,finger0,11,finger,15,time,305887,runTime,3345
line,55839661,total,0.0080302,total0,0.085295,false,0.00169188,over,0.00663189,false0,0.0429379,over0,0.16831,overaggr,0.00615848,overcuckoo,0.00187172,over_uai,0.0142384,over_uai,0.017255,over_utai,0.0103039,over_utai,0.00973661,over_ai,0.00750663,over_ai,0.00772961,countIP,1.34158e+11,countIP0,1.44441e+11,keysum,1.33089e+11,pktSum,6.02545e+11,aggrSum,8.19629e+08,blackkey_num,82732525,feedback,37,feedsumportion,0.932865,finger0,11,finger,15,time,305887,runTime,3346
line,55855854,total,0.00803643,total0,0.0853319,false,0.00178733,over,0.00701994,false0,0.0430775,over0,0.169192,overaggr,0.00616513,overcuckoo,0.00187129,over_uai,0.0359364,over_uai,0.00371716,over_utai,0.0103119,over_utai,0.00973492,over_ai,0.00751796,over_ai,0.0077283,countIP,1.34194e+11,countIP0,1.44484e+11,keysum,1.33125e+11,pktSum,6.02736e+11,aggrSum,8.20731e+08,blackkey_num,84761677,feedback,39,feedsumportion,0.894543,finger0,11,finger,15,time,307829,runTime,3347
line,55872284,total,0.00804326,total0,0.0853771,false,0.00189061,over,0.00743184,false0,0.043362,over0,0.170453,overaggr,0.00617229,overcuckoo,0.00187098,over_uai,0.0389178,over_uai,0.00537527,over_utai,0.010321,over_utai,0.00973354,over_ai,0.00753002,over_ai,0.00772735,countIP,1.34233e+11,countIP0,1.44531e+11,keysum,1.33162e+11,pktSum,6.02926e+11,aggrSum,8.21912e+08,blackkey_num,87770905,feedback,39,feedsumportion,0.894543,finger0,11,finger,15,time,307829,runTime,3348
line,55889088,total,0.0080413,total0,0.0854158,false,0.00186939,over,0.00733124,false0,0.0436393,over0,0.171141,overaggr,0.00617071,overcuckoo,0.00187059,over_uai,0.00394128,over_uai,0.00401133,over_utai,0.0103185,over_utai,0.00973174,over_ai,0.00752748,over_ai,0.0077262,countIP,1.34274e+11,countIP0,1.44581e+11,keysum,1.33203e+11,pktSum,6.0311e+11,aggrSum,8.2196e+08,blackkey_num,91495503,feedback,39,feedsumportion,0.894543,finger0,11,finger,15,time,307829,runTime,3349
line,55905866,total,0.00803942,total0,0.0854532,false,0.0018484,over,0.00723852,false0,0.0438518,over0,0.171729,overaggr,0.00616912,overcuckoo,0.0018703,over_uai,0.00478935,over_uai,0.00855321,over_utai,0.0103164,over_utai,0.00973116,over_ai,0.00752505,over_ai,0.00772496,countIP,1.34316e+11,countIP0,1.44631e+11,keysum,1.33245e+11,pktSum,6.03302e+11,aggrSum,8.22006e+08,blackkey_num,94203875,feedback,39,feedsumportion,0.894543,finger0,11,finger,15,time,307829,runTime,3350
line,55922943,total,0.00803787,total0,0.0854603,false,0.00183215,over,0.00716675,false0,0.0436408,over0,0.170708,overaggr,0.00616789,overcuckoo,0.00186999,over_uai,0.00525736,over_uai,0.070645,over_utai,0.0103144,over_utai,0.00974822,over_ai,0.00752275,over_ai,0.00772419,countIP,1.34356e+11,countIP0,1.44675e+11,keysum,1.33285e+11,pktSum,6.03487e+11,aggrSum,8.22086e+08,blackkey_num,96747242,feedback,39,feedsumportion,0.894543,finger0,11,finger,15,time,307829,runTime,3351
line,55939944,total,0.00804217,total0,0.0854832,false,0.00189489,over,0.00741268,false0,0.0436129,over0,0.170611,overaggr,0.00617253,overcuckoo,0.00186963,over_uai,0.105454,over_uai,0.00213562,over_utai,0.0103462,over_utai,0.00974607,over_ai,0.00753097,over_ai,0.00772265,countIP,1.34396e+11,countIP0,1.4472e+11,keysum,1.33323e+11,pktSum,6.03677e+11,aggrSum,8.22943e+08,blackkey_num,97186661,feedback,41,feedsumportion,0.957327,finger0,11,finger,15,time,312234,runTime,3352
line,55956821,total,0.00804663,total0,0.0855215,false,0.00195633,over,0.00766026,false0,0.0437716,over0,0.171393,overaggr,0.00617723,overcuckoo,0.0018694,over_uai,0.0903272,over_uai,0.00315282,over_utai,0.0103696,over_utai,0.0097442,over_ai,0.00753963,over_ai,0.00772105,countIP,1.34434e+11,countIP0,1.44766e+11,keysum,1.3336e+11,pktSum,6.03868e+11,aggrSum,8.23798e+08,blackkey_num,97803317,feedback,41,feedsumportion,0.957327,finger0,11,finger,15,time,312234,runTime,3353
line,55973374,total,0.00805056,total0,0.0855518,false,0.00201294,over,0.00787293,false0,0.0438665,over0,0.171569,overaggr,0.00618155,overcuckoo,0.00186901,over_uai,0.116758,over_uai,0.0020224,over_utai,0.0103999,over_utai,0.00974094,over_ai,0.00754794,over_ai,0.00771848,countIP,1.34476e+11,countIP0,1.44815e+11,keysum,1.33402e+11,pktSum,6.04062e+11,aggrSum,8.24633e+08,blackkey_num,98197824,feedback,41,feedsumportion,0.957327,finger0,11,finger,15,time,312234,runTime,3354
line,55990411,total,0.00805462,total0,0.0855676,false,0.00206753,over,0.00808565,false0,0.0437533,over0,0.171109,overaggr,0.00618565,overcuckoo,0.00186897,over_uai,0.0510149,over_uai,0.00390544,over_utai,0.0104108,over_utai,0.00973888,over_ai,0.00755551,over_ai,0.00771721,countIP,1.34515e+11,countIP0,1.44859e+11,keysum,1.33441e+11,pktSum,6.04249e+11,aggrSum,8.25417e+08,blackkey_num,98693405,feedback,41,feedsumportion,0.957327,finger0,11,finger,15,time,312234,runTime,3355
line,56007093,total,0.00805927,total0,0.0856033,false,0.00213024,over,0.00832179,false0,0.0439244,over0,0.171591,overaggr,0.00619058,overcuckoo,0.00186869,over_uai,0.0492652,over_uai,0.0026518,over_utai,0.0104236,over_utai,0.00973652,over_ai,0.00756447,over_ai,0.00771543,countIP,1.34557e+11,countIP0,1.44908e+11,keysum,1.33482e+11,pktSum,6.04439e+11,aggrSum,8.26328e+08,blackkey_num,99187120,feedback,41,feedsumportion,0.957327,finger0,11,finger,15,time,312234,runTime,3356
line,56023907,total,0.00805708,total0,0.0856352,false,0.00210711,over,0.00820774,false0,0.0440924,over0,0.171752,overaggr,0.00618869,overcuckoo,0.00186839,over_uai,0.00134201,over_uai,0.00243533,over_utai,0.0104202,over_utai,0.00973395,over_ai,0.00756227,over_ai,0.00771313,countIP,1.34602e+11,countIP0,1.44961e+11,keysum,1.33526e+11,pktSum,6.04628e+11,aggrSum,8.26351e+08,blackkey_num,102551949,feedback,38,feedsumportion,0.978241,finger0,11,finger,15,time,403410,runTime,3357
line,56040908,total,0.00805483,total0,0.0856637,false,0.00208314,over,0.00809421,false0,0.0442106,over0,0.171784,overaggr,0.0061868,overcuckoo,0.00186803,over_uai,0.00246152,over_uai,0.00154367,over_utai,0.0104176,over_utai,0.00973106,over_ai,0.00756033,over_ai,0.00771053,countIP,1.34645e+11,countIP0,1.45011e+11,keysum,1.33569e+11,pktSum,6.04813e+11,aggrSum,8.26367e+08,blackkey_num,104033698,feedback,38,feedsumportion,0.978241,finger0,11,finger,15,time,403410,runTime,3358
line,56057963,total,0.00805256,total0,0.0856919,false,0.00206233,over,0.00798373,false0,0.0443585,over0,0.171721,overaggr,0.00618485,overcuckoo,0.00186771,over_uai,0.00307046,over_uai,0.00212345,over_utai,0.0104152,over_utai,0.00972824,over_ai,0.00755832,over_ai,0.007708,countIP,1.34691e+11,countIP0,1.45065e+11,keysum,1.33615e+11,pktSum,6.04997e+11,aggrSum,8.26389e+08,blackkey_num,107542668,feedback,38,feedsumportion,0.978241,finger0,11,finger,15,time,403410,runTime,3359
line,56074433,total,0.00805023,total0,0.0857126,false,0.00203907,over,0.00787342,false0,0.0443785,over0,0.171358,overaggr,0.006183,overcuckoo,0.00186723,over_uai,0.00367611,over_uai,0.00156456,over_utai,0.0104128,over_utai,0.00972559,over_ai,0.00755607,over_ai,0.00770538,countIP,1.34735e+11,countIP0,1.45115e+11,keysum,1.33659e+11,pktSum,6.05184e+11,aggrSum,8.26414e+08,blackkey_num,108844480,feedback,38,feedsumportion,0.978241,finger0,11,finger,15,time,403410,runTime,3360
line,56091198,total,0.00804797,total0,0.0857439,false,0.00201975,over,0.00776975,false0,0.0445674,over0,0.171446,overaggr,0.00618107,overcuckoo,0.0018669,over_uai,0.00183209,over_uai,0.00226519,over_utai,0.0104096,over_utai,0.00972294,over_ai,0.00755369,over_ai,0.00770318,countIP,1.34781e+11,countIP0,1.45169e+11,keysum,1.33705e+11,pktSum,6.05366e+11,aggrSum,8.26439e+08,blackkey_num,110043708,feedback,38,feedsumportion,0.978241,finger0,11,finger,15,time,403410,runTime,3361
line,56107607,total,0.00804554,total0,0.0857737,false,0.00199828,over,0.00766214,false0,0.0447106,over0,0.171437,overaggr,0.00617909,overcuckoo,0.00186645,over_uai,0.00109565,over_uai,0.00187141,over_utai,0.0104061,over_utai,0.00972027,over_ai,0.00755134,over_ai,0.00770071,countIP,1.34828e+11,countIP0,1.45224e+11,keysum,1.33752e+11,pktSum,6.05556e+11,aggrSum,8.26464e+08,blackkey_num,111212507,feedback,35,feedsumportion,0.437261,finger0,11,finger,15,time,310982,runTime,3362
line,56123998,total,0.00804309,total0,0.085797,false,0.00197654,over,0.00755638,false0,0.0447692,over0,0.171154,overaggr,0.00617712,overcuckoo,0.00186597,over_uai,0.00114578,over_uai,0.00191975,over_utai,0.0104027,over_utai,0.00971748,over_ai,0.00754907,over_ai,0.0076979,countIP,1.34874e+11,countIP0,1.45277e+11,keysum,1.33798e+11,pktSum,6.05746e+11,aggrSum,8.26486e+08,blackkey_num,114707480,feedback,35,feedsumportion,0.437261,finger0,11,finger,15,time,310982,runTime,3363
line,56140460,total,0.00804069,total0,0.0858297,false,0.00195388,over,0.00745618,false0,0.0449,over0,0.171343,overaggr,0.00617518,overcuckoo,0.00186551,over_uai,0.00123045,over_uai,0.0010491,over_utai,0.0103997,over_utai,0.0097142,over_ai,0.00754697,over_ai,0.00769531,countIP,1.34919e+11,countIP0,1.4533e+11,keysum,1.33843e+11,pktSum,6.05941e+11,aggrSum,8.26502e+08,blackkey_num,115902008,feedback,35,feedsumportion,0.437261,finger0,11,finger,15,time,310982,runTime,3364
line,56156754,total,0.00803865,total0,0.085868,false,0.00193844,over,0.00737498,false0,0.0451351,over0,0.171721,overaggr,0.00617351,overcuckoo,0.00186514,over_uai,0.00253561,over_uai,0.00160725,over_utai,0.0103969,over_utai,0.009711,over_ai,0.00754535,over_ai,0.00769271,countIP,1.34965e+11,countIP0,1.45386e+11,keysum,1.33889e+11,pktSum,6.06131e+11,aggrSum,8.26566e+08,blackkey_num,117088527,feedback,35,feedsumportion,0.437261,finger0,11,finger,15,time,310982,runTime,3365
line,56172814,total,0.00803619,total0,0.0858983,false,0.00191941,over,0.00727846,false0,0.0452722,over0,0.171674,overaggr,0.00617142,overcuckoo,0.00186477,over_uai,0.00114853,over_uai,0.00212324,over_utai,0.0103937,over_utai,0.00970751,over_ai,0.00754315,over_ai,0.00768991,countIP,1.35014e+11,countIP0,1.45443e+11,keysum,1.33938e+11,pktSum,6.06327e+11,aggrSum,8.26588e+08,blackkey_num,118276543,feedback,35,feedsumportion,0.437261,finger0,11,finger,15,time,310982,runTime,3366
line,56189143,total,0.00803379,total0,0.0858915,false,0.00190227,over,0.00718708,false0,0.0450089,over0,0.170051,overaggr,0.00616947,overcuckoo,0.00186431,over_uai,0.0858228,over_uai,0.0223932,over_utai,0.0104166,over_utai,0.00971305,over_ai,0.00754088,over_ai,0.0076874,countIP,1.35063e+11,countIP0,1.45495e+11,keysum,1.33987e+11,pktSum,6.06516e+11,aggrSum,8.26627e+08,blackkey_num,119473091,feedback,32,feedsumportion,0.632777,finger0,11,finger,15,time,311374,runTime,3367
line,56205219,total,0.00803111,total0,0.0859146,false,0.00188434,over,0.00708769,false0,0.0451081,over0,0.169668,overaggr,0.00616731,overcuckoo,0.0018638,over_uai,0.0125485,over_uai,0.0216563,over_utai,0.010417,over_utai,0.00971759,over_ai,0.00753869,over_ai,0.00768384,countIP,1.35114e+11,countIP0,1.45554e+11,keysum,1.34038e+11,pktSum,6.06708e+11,aggrSum,8.26654e+08,blackkey_num,120586663,feedback,32,feedsumportion,0.632777,finger0,11,finger,15,time,311374,runTime,3368
line,56221353,total,0.00802871,total0,0.0859395,false,0.00186742,over,0.00700215,false0,0.0451908,over0,0.169449,overaggr,0.00616536,overcuckoo,0.00186335,over_uai,0.0127711,over_uai,0.0225378,over_utai,0.0104178,over_utai,0.00972235,over_ai,0.00753652,over_ai,0.00768099,countIP,1.35163e+11,countIP0,1.4561e+11,keysum,1.34086e+11,pktSum,6.069e+11,aggrSum,8.2669e+08,blackkey_num,121599338,feedback,32,feedsumportion,0.632777,finger0,11,finger,15,time,311374,runTime,3369
line,56237786,total,0.00802592,total0,0.0859644,false,0.00185032,over,0.0069049,false0,0.045316,over0,0.169107,overaggr,0.00616316,overcuckoo,0.00186277,over_uai,0.0712105,over_uai,0.0243426,over_utai,0.0104405,over_utai,0.00972761,over_ai,0.00753385,over_ai,0.00767787,countIP,1.35216e+11,countIP0,1.45671e+11,keysum,1.3414e+11,pktSum,6.07095e+11,aggrSum,8.26723e+08,blackkey_num,123221899,feedback,32,feedsumportion,0.632777,finger0,11,finger,15,time,311374,runTime,3370
line,56254016,total,0.00802393,total0,0.0860043,false,0.0018318,over,0.00683824,false0,0.0454592,over0,0.169702,overaggr,0.0061615,overcuckoo,0.00186244,over_uai,0.0124852,over_uai,0.0243558,over_utai,0.0104413,over_utai,0.00973178,over_ai,0.00753171,over_ai,0.00767599,countIP,1.35257e+11,countIP0,1.4572e+11,keysum,1.3418e+11,pktSum,6.07292e+11,aggrSum,8.26751e+08,blackkey_num,125634056,feedback,32,feedsumportion,0.632777,finger0,11,finger,15,time,311374,runTime,3371
line,56270647,total,0.00802188,total0,0.0860226,false,0.00181488,over,0.00677049,false0,0.0454155,over0,0.169424,overaggr,0.00615982,overcuckoo,0.00186206,over_uai,0.00113533,over_uai,0.00223859,over_utai,0.0104377,over_utai,0.00972938,over_ai,0.00752952,over_ai,0.007674,countIP,1.35297e+11,countIP0,1.45767e+11,keysum,1.34221e+11,pktSum,6.07475e+11,aggrSum,8.26776e+08,blackkey_num,127795500,feedback,37,feedsumportion,0.554604,finger0,11,finger,15,time,312510,runTime,3372
line,56287178,total,0.00802013,total0,0.0860378,false,0.00179908,over,0.0067154,false0,0.0452974,over0,0.169081,overaggr,0.00615835,overcuckoo,0.00186178,over_uai,0.00155848,over_uai,0.00292087,over_utai,0.0104345,over_utai,0.00972733,over_ai,0.00752752,over_ai,0.00767235,countIP,1.35336e+11,countIP0,1.45811e+11,keysum,1.34259e+11,pktSum,6.07664e+11,aggrSum,8.26815e+08,blackkey_num,128932427,feedback,37,feedsumportion,0.554604,finger0,11,finger,15,time,312510,runTime,3373
line,56303649,total,0.00801806,total0,0.0860748,false,0.00178244,over,0.00665023,false0,0.045442,over0,0.169543,overaggr,0.00615667,overcuckoo,0.00186139,over_uai,0.00184365,over_uai,0.00260097,over_utai,0.0104317,over_utai,0.0097249,over_ai,0.00752547,over_ai,0.0076702,countIP,1.35377e+11,countIP0,1.4586e+11,keysum,1.343e+11,pktSum,6.07851e+11,aggrSum,8.26841e+08,blackkey_num,130270346,feedback,37,feedsumportion,0.554604,finger0,11,finger,15,time,312510,runTime,3374
line,56319902,total,0.00801607,total0,0.0861207,false,0.00176621,over,0.00658914,false0,0.0456617,over0,0.170349,overaggr,0.00615502,overcuckoo,0.00186105,over_uai,0.0012435,over_uai,0.0028542,over_utai,0.0104287,over_utai,0.00972257,over_ai,0.00752346,over_ai,0.00766829,countIP,1.35417e+11,countIP0,1.4591e+11,keysum,1.3434e+11,pktSum,6.0804e+11,aggrSum,8.26867e+08,blackkey_num,131761283,feedback,37,feedsumportion,0.554604,finger0,11,finger,15,time,312510,runTime,3375
line,56335920,total,0.00801443,total0,0.0861825,false,0.00175155,over,0.0065414,false0,0.0460072,over0,0.171821,overaggr,0.00615356,overcuckoo,0.00186086,over_uai,0.00156173,over_uai,0.00300493,over_utai,0.0104258,over_utai,0.00972064,over_ai,0.00752165,over_ai,0.00766675,countIP,1.35454e+11,countIP0,1.45958e+11,keysum,1.34377e+11,pktSum,6.0823e+11,aggrSum,8.26899e+08,blackkey_num,132989690,feedback,37,feedsumportion,0.554604,finger0,11,finger,15,time,312510,runTime,3376
line,56352107,total,0.00801855,total0,0.086238,false,0.0017967,over,0.0067133,false0,0.0462989,over0,0.172994,overaggr,0.00615792,overcuckoo,0.00186063,over_uai,0.115027,over_uai,0.00275496,over_utai,0.0104586,over_utai,0.0097188,over_ai,0.00752946,over_ai,0.00766538,countIP,1.35494e+11,countIP0,1.46007e+11,keysum,1.34416e+11,pktSum,6.08418e+11,aggrSum,8.27722e+08,blackkey_num,133418084,feedback,36,feedsumportion,0.56318,finger0,11,finger,15,time,309988,runTime,3377
line,56368302,total,0.00802252,total0,0.0862807,false,0.00184109,over,0.00687639,false0,0.0464813,over0,0.173606,overaggr,0.0061622,overcuckoo,0.00186031,over_uai,0.0616717,over_uai,0.00458559,over_utai,0.0104742,over_utai,0.00971704,over_ai,0.00753645,over_ai,0.00766433,countIP,1.35535e+11,countIP0,1.46058e+11,keysum,1.34457e+11,pktSum,6.08606e+11,aggrSum,8.28549e+08,blackkey_num,133789565,feedback,36,feedsumportion,0.56318,finger0,11,finger,15,time,309988,runTime,3378
line,56384721,total,0.00802797,total0,0.0863191,false,0.00190284,over,0.007092,false0,0.0466735,over0,0.173955,overaggr,0.00616803,overcuckoo,0.00185994,over_uai,0.0457354,over_uai,0.00429414,over_utai,0.0104867,over_utai,0.00971533,over_ai,0.00754609,over_ai,0.00766337,countIP,1.35581e+11,countIP0,1.46111e+11,keysum,1.34501e+11,pktSum,6.08789e+11,aggrSum,8.29608e+08,blackkey_num,134183583,feedback,36,feedsumportion,0.56318,finger0,11,finger,15,time,309988,runTime,3379
line,56401354,total,0.00803315,total0,0.0863564,false,0.00195667,over,0.00729094,false0,0.0468036,over0,0.174399,overaggr,0.0061735,overcuckoo,0.00185965,over_uai,0.0431226,over_uai,0.00689459,over_utai,0.0104973,over_utai,0.00971452,over_ai,0.0075551,over_ai,0.0076621,countIP,1.35621e+11,countIP0,1.46158e+11,keysum,1.3454e+11,pktSum,6.08968e+11,aggrSum,8.30581e+08,blackkey_num,134586268,feedback,36,feedsumportion,0.56318,finger0,11,finger,15,time,309988,runTime,3380
line,56417856,total,0.0080381,total0,0.0863779,false,0.00200527,over,0.00747774,false0,0.0467367,over0,0.174284,overaggr,0.00617836,overcuckoo,0.00185974,over_uai,0.109048,over_uai,0.0172439,over_utai,0.0105291,over_utai,0.00971613,over_ai,0.00756332,over_ai,0.00766187,countIP,1.35659e+11,countIP0,1.46202e+11,keysum,1.34578e+11,pktSum,6.09157e+11,aggrSum,8.31468e+08,blackkey_num,135013551,feedback,36,feedsumportion,0.56318,finger0,11,finger,15,time,309988,runTime,3381
line,56434254,total,0.00803605,total0,0.0864069,false,0.00198828,over,0.00741042,false0,0.0467826,over0,0.174361,overaggr,0.00617668,overcuckoo,0.00185937,over_uai,0.000928488,over_uai,0.00408096,over_utai,0.0105255,over_utai,0.00971442,over_ai,0.00756084,over_ai,0.00766046,countIP,1.357e+11,countIP0,1.46251e+11,keysum,1.34619e+11,pktSum,6.09344e+11,aggrSum,8.31496e+08,blackkey_num,136107001,feedback,42,feedsumportion,0.973447,finger0,11,finger,15,time,311353,runTime,3382
line,56450487,total,0.00803423,total0,0.0864385,false,0.0019722,over,0.00735218,false0,0.0468346,over0,0.174595,overaggr,0.00617519,overcuckoo,0.00185904,over_uai,0.00167337,over_uai,0.00364481,over_utai,0.0105223,over_utai,0.00971268,over_ai,0.00755863,over_ai,0.007659,countIP,1.35739e+11,countIP0,1.46296e+11,keysum,1.34657e+11,pktSum,6.09528e+11,aggrSum,8.31532e+08,blackkey_num,137310213,feedback,42,feedsumportion,0.973447,finger0,11,finger,15,time,311353,runTime,3383
line,56466935,total,0.00803285,total0,0.0864698,false,0.00196119,over,0.00731114,false0,0.0468822,over0,0.174773,overaggr,0.00617408,overcuckoo,0.00185877,over_uai,0.00332542,over_uai,0.00343197,over_utai,0.0105197,over_utai,0.00971058,over_ai,0.00755735,over_ai,0.00765766,countIP,1.35779e+11,countIP0,1.46344e+11,keysum,1.34697e+11,pktSum,6.09717e+11,aggrSum,8.31629e+08,blackkey_num,138480990,feedback,42,feedsumportion,0.973447,finger0,11,finger,15,time,311353,runTime,3384
line,56483237,total,0.00803085,total0,0.086484,false,0.00194948,over,0.00725048,false0,0.0468311,over0,0.174174,overaggr,0.00617255,overcuckoo,0.00185829,over_uai,0.00323458,over_uai,0.00191722,over_utai,0.010517,over_utai,0.00970742,over_ai,0.00755575,over_ai,0.00765518,countIP,1.35827e+11,countIP0,1.46398e+11,keysum,1.34745e+11,pktSum,6.09911e+11,aggrSum,8.31721e+08,blackkey_num,139956365,feedback,42,feedsumportion,0.973447,finger0,11,finger,15,time,311353,runTime,3385
line,56499772,total,0.00802856,total0,0.0865103,false,0.00193573,over,0.00718171,false0,0.0469003,over0,0.174004,overaggr,0.00617067,overcuckoo,0.00185789,over_uai,0.00245106,over_uai,0.00471051,over_utai,0.0105136,over_utai,0.00970585,over_ai,0.00755319,over_ai,0.0076531,countIP,1.35875e+11,countIP0,1.46454e+11,keysum,1.34793e+11,pktSum,6.10101e+11,aggrSum,8.31763e+08,blackkey_num,141287608,feedback,42,feedsumportion,0.973447,finger0,11,finger,15,time,311353,runTime,3386
line,56516228,total,0.00802638,total0,0.0865464,false,0.00192028,over,0.00711673,false0,0.0470286,over0,0.174292,overaggr,0.00616893,overcuckoo,0.00185745,over_uai,0.00152314,over_uai,0.0019095,over_utai,0.0105106,over_utai,0.00970336,over_ai,0.00755089,over_ai,0.0076509,countIP,1.35918e+11,countIP0,1.46505e+11,keysum,1.34836e+11,pktSum,6.10286e+11,aggrSum,8.31791e+08,blackkey_num,142513453,feedback,34,feedsumportion,0.762396,finger0,11,finger,15,time,314866,runTime,3387
line,56532564,total,0.00802453,total0,0.0865708,false,0.00190645,over,0.00706329,false0,0.0470325,over0,0.174253,overaggr,0.00616746,overcuckoo,0.00185706,over_uai,0.00181463,over_uai,0.00278226,over_utai,0.0105074,over_utai,0.00970156,over_ai,0.00754867,over_ai,0.00764961,countIP,1.35957e+11,countIP0,1.46551e+11,keysum,1.34875e+11,pktSum,6.10466e+11,aggrSum,8.31836e+08,blackkey_num,143492414,feedback,34,feedsumportion,0.762396,finger0,11,finger,15,time,314866,runTime,3388
line,56549015,total,0.00802299,total0,0.0865976,false,0.00189344,over,0.00702062,false0,0.0470265,over0,0.174368,overaggr,0.00616595,overcuckoo,0.00185704,over_uai,0.00156232,over_uai,0.00544293,over_utai,0.0105045,over_utai,0.00970055,over_ai,0.0075465,over_ai,0.00764902,countIP,1.35993e+11,countIP0,1.46594e+11,keysum,1.34911e+11,pktSum,6.10647e+11,aggrSum,8.31853e+08,blackkey_num,144838299,feedback,34,feedsumportion,0.762396,finger0,11,finger,15,time,314866,runTime,3389
line,56565489,total,0.00802732,total0,0.0866301,false,0.00193279,over,0.0071725,false0,0.0470667,over0,0.174663,overaggr,0.00616538,overcuckoo,0.00186194,over_uai,0.00209506,over_uai,0.0445849,over_utai,0.0105017,over_utai,0.00970827,over_ai,0.0075447,over_ai,0.00766253,countIP,1.3603e+11,countIP0,1.46637e+11,keysum,1.34947e+11,pktSum,6.1083e+11,aggrSum,8.31999e+08,blackkey_num,146197520,feedback,34,feedsumportion,0.762396,finger0,11,finger,15,time,314866,runTime,3390
line,56581724,total,0.00802765,total0,0.0866616,false,0.00193449,over,0.00719044,false0,0.0470728,over0,0.174969,overaggr,0.00616592,overcuckoo,0.00186173,over_uai,0.00177771,over_uai,0.014105,over_utai,0.0104989,over_utai,0.00970924,over_ai,0.00754289,over_ai,0.00766609,countIP,1.36065e+11,countIP0,1.46679e+11,keysum,1.34981e+11,pktSum,6.11015e+11,aggrSum,8.32282e+08,blackkey_num,147324197,feedback,34,feedsumportion,0.762396,finger0,11,finger,15,time,314866,runTime,3391
line,56598229,total,0.00802594,total0,0.0866971,false,0.00192076,over,0.00714221,false0,0.0471547,over0,0.175342,overaggr,0.00616451,overcuckoo,0.00186142,over_uai,0.00109472,over_uai,0.00263329,over_utai,0.0104958,over_utai,0.00970731,over_ai,0.00754081,over_ai,0.00766472,countIP,1.36101e+11,countIP0,1.46723e+11,keysum,1.35018e+11,pktSum,6.11195e+11,aggrSum,8.32319e+08,blackkey_num,148788545,feedback,34,feedsumportion,0.874843,finger0,11,finger,15,time,312483,runTime,3392
line,56614818,total,0.00802415,total0,0.0867432,false,0.00190631,over,0.00709231,false0,0.0473184,over0,0.176046,overaggr,0.00616312,overcuckoo,0.00186103,over_uai,0.00181157,over_uai,0.00195705,over_utai,0.0104929,over_utai,0.00970516,over_ai,0.00753882,over_ai,0.00766291,countIP,1.36138e+11,countIP0,1.4677e+11,keysum,1.35055e+11,pktSum,6.11377e+11,aggrSum,8.32357e+08,blackkey_num,149948395,feedback,34,feedsumportion,0.874843,finger0,11,finger,15,time,312483,runTime,3393
line,56631098,total,0.00802209,total0,0.0867758,false,0.00189159,over,0.00703565,false0,0.0473831,over0,0.176238,overaggr,0.00616149,overcuckoo,0.0018606,over_uai,0.00219734,over_uai,0.00184057,over_utai,0.0104903,over_utai,0.00970258,over_ai,0.00753679,over_ai,0.00766069,countIP,1.36179e+11,countIP0,1.46818e+11,keysum,1.35095e+11,pktSum,6.11563e+11,aggrSum,8.32386e+08,blackkey_num,151352736,feedback,34,feedsumportion,0.874843,finger0,11,finger,15,time,312483,runTime,3394
line,56647015,total,0.00801977,total0,0.0867867,false,0.00187763,over,0.00697258,false0,0.0472995,over0,0.175647,overaggr,0.00615957,overcuckoo,0.0018602,over_uai,0.00265652,over_uai,0.0021189,over_utai,0.010488,over_utai,0.0096998,over_ai,0.00753465,over_ai,0.00765827,countIP,1.36223e+11,countIP0,1.46868e+11,keysum,1.3514e+11,pktSum,6.11748e+11,aggrSum,8.32402e+08,blackkey_num,152786160,feedback,34,feedsumportion,0.874843,finger0,11,finger,15,time,312483,runTime,3395
line,56662935,total,0.00801727,total0,0.0867911,false,0.00186424,over,0.00690581,false0,0.0471896,over0,0.174807,overaggr,0.00615756,overcuckoo,0.0018597,over_uai,0.000761617,over_uai,0.0018846,over_utai,0.0104845,over_utai,0.00969736,over_ai,0.00753202,over_ai,0.00765613,countIP,1.36271e+11,countIP0,1.4692e+11,keysum,1.35187e+11,pktSum,6.11933e+11,aggrSum,8.32423e+08,blackkey_num,154616160,feedback,34,feedsumportion,0.874843,finger0,11,finger,15,time,312483,runTime,3396
line,56678897,total,0.00801505,total0,0.0868083,false,0.00185128,over,0.00684842,false0,0.0471579,over0,0.174451,overaggr,0.00615583,overcuckoo,0.00185922,over_uai,0.000741244,over_uai,0.0115407,over_utai,0.0104806,over_utai,0.00969753,over_ai,0.00752925,over_ai,0.00765475,countIP,1.36315e+11,countIP0,1.46971e+11,keysum,1.35231e+11,pktSum,6.12119e+11,aggrSum,8.32461e+08,blackkey_num,155953645,feedback,33,feedsumportion,0.464576,finger0,11,finger,15,time,309698,runTime,3397
line,56695211,total,0.00802947,total0,0.0868573,false,0.00197092,over,0.00730058,false0,0.0473125,over0,0.175253,overaggr,0.00617054,overcuckoo,0.00185893,over_uai,0.076159,over_uai,0.0338433,over_utai,0.0104997,over_utai,0.00970299,over_ai,0.00755463,over_ai,0.00765354,countIP,1.36353e+11,countIP0,1.47015e+11,keysum,1.35267e+11,pktSum,6.12306e+11,aggrSum,8.34667e+08,blackkey_num,157115099,feedback,33,feedsumportion,0.464576,finger0,11,finger,15,time,309698,runTime,3398
line,56711282,total,0.00802766,total0,0.0868961,false,0.00195738,over,0.00725187,false0,0.0474108,over0,0.175652,overaggr,0.00616905,overcuckoo,0.0018586,over_uai,0.00131885,over_uai,0.0140002,over_utai,0.0104968,over_utai,0.00970381,over_ai,0.00755253,over_ai,0.00765207,countIP,1.36392e+11,countIP0,1.47063e+11,keysum,1.35306e+11,pktSum,6.12494e+11,aggrSum,8.3471e+08,blackkey_num,158366845,feedback,33,feedsumportion,0.464576,finger0,11,finger,15,time,309698,runTime,3399
line,56727306,total,0.00802611,total0,0.0869274,false,0.00194652,over,0.00721188,false0,0.047453,over0,0.175814,overaggr,0.00616786,overcuckoo,0.00185825,over_uai,0.00193156,over_uai,0.0236893,over_utai,0.010494,over_utai,0.00970707,over_ai,0.00755049,over_ai,0.00765126,countIP,1.36432e+11,countIP0,1.47111e+11,keysum,1.35345e+11,pktSum,6.12681e+11,aggrSum,8.34791e+08,blackkey_num,159649936,feedback,33,feedsumportion,0.464576,finger0,11,finger,15,time,309698,runTime,3400
line,56743681,total,0.00802535,total0,0.0869586,false,0.00194012,over,0.00719551,false0,0.0474672,over0,0.176046,overaggr,0.00616651,overcuckoo,0.00185884,over_uai,0.00535316,over_uai,0.0328661,over_utai,0.0104924,over_utai,0.00971218,over_ai,0.00754986,over_ai,0.00765033,countIP,1.36468e+11,countIP0,1.47154e+11,keysum,1.35381e+11,pktSum,6.12866e+11,aggrSum,8.34829e+08,blackkey_num,160849703,feedback,33,feedsumportion,0.464576,finger0,11,finger,15,time,309698,runTime,3401
line,56759658,total,0.00803068,total0,0.0869974,false,0.00198428,over,0.00736116,false0,0.0475555,over0,0.176419,overaggr,0.00617092,overcuckoo,0.00185976,over_uai,0.0244845,over_uai,0.0102756,over_utai,0.0104968,over_utai,0.00971211,over_ai,0.00755746,over_ai,0.0076517,countIP,1.36509e+11,countIP0,1.47202e+11,keysum,1.35421e+11,pktSum,6.13058e+11,aggrSum,8.35672e+08,blackkey_num,161406923,feedback,36,feedsumportion,0.964286,finger0,11,finger,15,time,306949,runTime,3402
line,56776189,total,0.00803354,total0,0.0870227,false,0.00201091,over,0.00745165,false0,0.0475807,over0,0.176316,overaggr,0.0061742,overcuckoo,0.00185934,over_uai,0.0206644,over_uai,0.00332751,over_utai,0.0104998,over_utai,0.00971013,over_ai,0.0075634,over_ai,0.00764962,countIP,1.36553e+11,countIP0,1.47253e+11,keysum,1.35465e+11,pktSum,6.13245e+11,aggrSum,8.36386e+08,blackkey_num,161719331,feedback,36,feedsumportion,0.964286,finger0,11,finger,15,time,306949,runTime,3403
line,56792374,total,0.00803642,total0,0.0870505,false,0.00203475,over,0.00754074,false0,0.0475891,over0,0.176364,overaggr,0.00617747,overcuckoo,0.00185895,over_uai,0.0225217,over_uai,0.00266551,over_utai,0.0105033,over_utai,0.00970815,over_ai,0.00756949,over_ai,0.00764778,countIP,1.36593e+11,countIP0,1.473e+11,keysum,1.35504e+11,pktSum,6.13433e+11,aggrSum,8.37074e+08,blackkey_num,162104753,feedback,36,feedsumportion,0.964286,finger0,11,finger,15,time,306949,runTime,3404
line,56808578,total,0.00804027,total0,0.0870802,false,0.00206724,over,0.00765651,false0,0.0476321,over0,0.176417,overaggr,0.00618176,overcuckoo,0.00185851,over_uai,0.02642,over_uai,0.00245677,over_utai,0.0105082,over_utai,0.00970544,over_ai,0.00757727,over_ai,0.00764542,countIP,1.36636e+11,countIP0,1.4735e+11,keysum,1.35547e+11,pktSum,6.13621e+11,aggrSum,8.37917e+08,blackkey_num,162478937,feedback,36,feedsumportion,0.964286,finger0,11,finger,15,time,306949,runTime,3405
line,56824812,total,0.00804409,total0,0.0871088,false,0.00209706,over,0.00776915,false0,0.0476488,over0,0.176528,overaggr,0.00618586,overcuckoo,0.00185823,over_uai,0.0248051,over_uai,0.00221662,over_utai,0.0105125,over_utai,0.00970339,over_ai,0.00758459,over_ai,0.00764388,countIP,1.36675e+11,countIP0,1.47395e+11,keysum,1.35584e+11,pktSum,6.13803e+11,aggrSum,8.38705e+08,blackkey_num,163300584,feedback,36,feedsumportion,0.964286,finger0,11,finger,15,time,306949,runTime,3406
line,56840834,total,0.00804316,total0,0.0871344,false,0.00209056,over,0.00774494,false0,0.0476495,over0,0.176528,overaggr,0.00618537,overcuckoo,0.00185779,over_uai,0.00105469,over_uai,0.00811808,over_utai,0.0105093,over_utai,0.00970268,over_ai,0.00758237,over_ai,0.00764484,countIP,1.36714e+11,countIP0,1.4744e+11,keysum,1.35623e+11,pktSum,6.13985e+11,aggrSum,8.38879e+08,blackkey_num,164380634,feedback,42,feedsumportion,0.962726,finger0,11,finger,15,time,305289,runTime,3407
line,56856620,total,0.00804127,total0,0.0871677,false,0.00207689,over,0.00769407,false0,0.0477029,over0,0.17672,overaggr,0.00618388,overcuckoo,0.00185739,over_uai,0.000945463,over_uai,0.00341,over_utai,0.0105058,over_utai,0.00970083,over_ai,0.00758004,over_ai,0.00764351,countIP,1.36754e+11,countIP0,1.47489e+11,keysum,1.35663e+11,pktSum,6.14174e+11,aggrSum,8.38925e+08,blackkey_num,165276067,feedback,42,feedsumportion,0.962726,finger0,11,finger,15,time,305289,runTime,3408
line,56872287,total,0.00803987,total0,0.0871949,false,0.00206666,over,0.00765778,false0,0.0477,over0,0.176747,overaggr,0.0061829,overcuckoo,0.00185698,over_uai,0.00401489,over_uai,0.00454736,over_utai,0.0105035,over_utai,0.0096993,over_ai,0.00757822,over_ai,0.00764254,countIP,1.36794e+11,countIP0,1.47536e+11,keysum,1.35703e+11,pktSum,6.14365e+11,aggrSum,8.39038e+08,blackkey_num,166389435,feedback,42,feedsumportion,0.962726,finger0,11,finger,15,time,305289,runTime,3409
line,56888617,total,0.00804235,total0,0.0872312,false,0.0020852,over,0.00772964,false0,0.0477649,over0,0.17706,overaggr,0.00618581,overcuckoo,0.00185654,over_uai,0.00244553,over_uai,0.0263837,over_utai,0.0105008,over_utai,0.00970354,over_ai,0.00757667,over_ai,0.00765097,countIP,1.36833e+11,countIP0,1.47582e+11,keysum,1.35741e+11,pktSum,6.14551e+11,aggrSum,8.39668e+08,blackkey_num,167540189,feedback,42,feedsumportion,0.962726,finger0,11,finger,15,time,305289,runTime,3410
line,56905169,total,0.00804309,total0,0.0872645,false,0.00209091,over,0.00775248,false0,0.0478122,over0,0.177273,overaggr,0.00618677,overcuckoo,0.00185632,over_uai,0.00201475,over_uai,0.0173277,over_utai,0.0104979,over_utai,0.00970536,over_ai,0.00757491,over_ai,0.00765538,countIP,1.36872e+11,countIP0,1.47628e+11,keysum,1.3578e+11,pktSum,6.14737e+11,aggrSum,8.40037e+08,blackkey_num,168775674,feedback,42,feedsumportion,0.962726,finger0,11,finger,15,time,305289,runTime,3411
line,56921464,total,0.00804141,total0,0.0872924,false,0.00207706,over,0.00770874,false0,0.0477894,over0,0.177364,overaggr,0.0061853,overcuckoo,0.00185611,over_uai,0.00102435,over_uai,0.00354892,over_utai,0.0104949,over_utai,0.00970364,over_ai,0.00757292,over_ai,0.00765422,countIP,1.36909e+11,countIP0,1.47673e+11,keysum,1.35817e+11,pktSum,6.1493e+11,aggrSum,8.40067e+08,blackkey_num,170013422,feedback,36,feedsumportion,0.934279,finger0,11,finger,15,time,308756,runTime,3412
line,56938047,total,0.00803981,total0,0.0873233,false,0.00206393,over,0.00766756,false0,0.0477921,over0,0.177549,overaggr,0.00618393,overcuckoo,0.00185588,over_uai,0.00514412,over_uai,0.00338488,over_utai,0.010493,over_utai,0.00970169,over_ai,0.00757088,over_ai,0.00765318,countIP,1.36945e+11,countIP0,1.47716e+11,keysum,1.35853e+11,pktSum,6.15119e+11,aggrSum,8.40106e+08,blackkey_num,171490047,feedback,36,feedsumportion,0.934279,finger0,11,finger,15,time,308756,runTime,3413
line,56954373,total,0.0080384,total0,0.0873468,false,0.00205239,over,0.00763219,false0,0.0477382,over0,0.177523,overaggr,0.00618272,overcuckoo,0.00185568,over_uai,0.00225879,over_uai,0.00249076,over_utai,0.0104902,over_utai,0.00969896,over_ai,0.00756917,over_ai,0.00765226,countIP,1.36982e+11,countIP0,1.47759e+11,keysum,1.3589e+11,pktSum,6.15311e+11,aggrSum,8.40169e+08,blackkey_num,172796064,feedback,36,feedsumportion,0.934279,finger0,11,finger,15,time,308756,runTime,3414
line,56970551,total,0.00803664,total0,0.0873718,false,0.00203995,over,0.00758819,false0,0.0477084,over0,0.177466,overaggr,0.00618121,overcuckoo,0.00185543,over_uai,0.00217821,over_uai,0.0031677,over_utai,0.0104874,over_utai,0.0096968,over_ai,0.00756728,over_ai,0.00765072,countIP,1.37023e+11,countIP0,1.47807e+11,keysum,1.35931e+11,pktSum,6.1551e+11,aggrSum,8.40217e+08,blackkey_num,173837584,feedback,36,feedsumportion,0.934279,finger0,11,finger,15,time,308756,runTime,3415
line,56987013,total,0.00803459,total0,0.0873817,false,0.00202668,over,0.0075375,false0,0.0475841,over0,0.176972,overaggr,0.00617956,overcuckoo,0.00185503,over_uai,0.00246756,over_uai,0.00193453,over_utai,0.0104848,over_utai,0.00969404,over_ai,0.00756532,over_ai,0.00764862,countIP,1.37066e+11,countIP0,1.47855e+11,keysum,1.35974e+11,pktSum,6.15709e+11,aggrSum,8.40258e+08,blackkey_num,174983957,feedback,36,feedsumportion,0.934279,finger0,11,finger,15,time,308756,runTime,3416
line,57003418,total,0.00803237,total0,0.0874088,false,0.00201352,over,0.00748324,false0,0.0476045,over0,0.176922,overaggr,0.00617765,overcuckoo,0.00185472,over_uai,0.00122597,over_uai,0.0357118,over_utai,0.0104815,over_utai,0.00970239,over_ai,0.00756316,over_ai,0.00764653,countIP,1.3711e+11,countIP0,1.47907e+11,keysum,1.36018e+11,pktSum,6.15904e+11,aggrSum,8.40271e+08,blackkey_num,175940263,feedback,36,feedsumportion,0.726446,finger0,11,finger,15,time,308745,runTime,3417
line,57020233,total,0.00803049,total0,0.0874394,false,0.00200017,over,0.00743805,false0,0.0476132,over0,0.17706,overaggr,0.00617609,overcuckoo,0.0018544,over_uai,0.00266979,over_uai,0.0135501,over_utai,0.0104788,over_utai,0.00970333,over_ai,0.00756116,over_ai,0.00764484,countIP,1.37149e+11,countIP0,1.47953e+11,keysum,1.36056e+11,pktSum,6.16097e+11,aggrSum,8.40296e+08,blackkey_num,177286593,feedback,36,feedsumportion,0.726446,finger0,11,finger,15,time,308745,runTime,3418
line,57036902,total,0.00802879,total0,0.0874763,false,0.00198802,over,0.00739785,false0,0.0476709,over0,0.177394,overaggr,0.00617462,overcuckoo,0.00185417,over_uai,0.00998517,over_uai,0.0134384,over_utai,0.0104784,over_utai,0.0097041,over_ai,0.00755904,over_ai,0.00764375,countIP,1.37185e+11,countIP0,1.47998e+11,keysum,1.36093e+11,pktSum,6.16282e+11,aggrSum,8.40321e+08,blackkey_num,178364868,feedback,36,feedsumportion,0.726446,finger0,11,finger,15,time,308745,runTime,3419
line,57053444,total,0.00802659,total0,0.087492,false,0.00197419,over,0.00734599,false0,0.0475937,over0,0.177097,overaggr,0.00617283,overcuckoo,0.00185376,over_uai,0.000917194,over_uai,0.0177221,over_utai,0.0104754,over_utai,0.00970669,over_ai,0.00755699,over_ai,0.00764153,countIP,1.37227e+11,countIP0,1.48045e+11,keysum,1.36134e+11,pktSum,6.16476e+11,aggrSum,8.40332e+08,blackkey_num,179719316,feedback,36,feedsumportion,0.726446,finger0,11,finger,15,time,308745,runTime,3420
line,57069880,total,0.00802474,total0,0.0875164,false,0.00196181,over,0.00730359,false0,0.0475623,over0,0.177069,overaggr,0.00617139,overcuckoo,0.00185335,over_uai,0.0029657,over_uai,0.00394244,over_utai,0.010473,over_utai,0.0097049,over_ai,0.00755502,over_ai,0.00763975,countIP,1.37266e+11,countIP0,1.4809e+11,keysum,1.36173e+11,pktSum,6.16668e+11,aggrSum,8.40375e+08,blackkey_num,180978286,feedback,25,feedsumportion,0.485938,finger0,11,finger,15,time,308850,runTime,3421
line,57086258,total,0.00802374,total0,0.087559,false,0.00195459,over,0.00728317,false0,0.0476441,over0,0.177531,overaggr,0.00617072,overcuckoo,0.00185302,over_uai,0.0052385,over_uai,0.00834586,over_utai,0.0104712,over_utai,0.00970426,over_ai,0.0075529,over_ai,0.00764029,countIP,1.37303e+11,countIP0,1.48137e+11,keysum,1.3621e+11,pktSum,6.16862e+11,aggrSum,8.40514e+08,blackkey_num,182067955,feedback,25,feedsumportion,0.485938,finger0,11,finger,15,time,308850,runTime,3422
line,57102711,total,0.00802188,total0,0.0875941,false,0.00194352,over,0.00724198,false0,0.0476951,over0,0.177723,overaggr,0.00616917,overcuckoo,0.00185271,over_uai,0.0032453,over_uai,0.00680734,over_utai,0.0104689,over_utai,0.00970327,over_ai,0.0075508,over_ai,0.00763877,countIP,1.37345e+11,countIP0,1.48187e+11,keysum,1.36252e+11,pktSum,6.17059e+11,aggrSum,8.4056e+08,blackkey_num,183210710,feedback,25,feedsumportion,0.485938,finger0,11,finger,15,time,308850,runTime,3423
line,57118974,total,0.00801982,total0,0.0876129,false,0.00193085,over,0.00719603,false0,0.0476332,over0,0.177523,overaggr,0.00616749,overcuckoo,0.00185233,over_uai,0.00282218,over_uai,0.0112917,over_utai,0.0104664,over_utai,0.00970359,over_ai,0.00754867,over_ai,0.0076367,countIP,1.37385e+11,countIP0,1.48233e+11,keysum,1.36292e+11,pktSum,6.17254e+11,aggrSum,8.4058e+08,blackkey_num,184316607,feedback,25,feedsumportion,0.485938,finger0,11,finger,15,time,308850,runTime,3424
line,57135452,total,0.00801761,total0,0.0876485,false,0.00192079,over,0.00714815,false0,0.0477349,over0,0.177644,overaggr,0.00616572,overcuckoo,0.00185189,over_uai,0.00634392,over_uai,0.00538569,over_utai,0.0104647,over_utai,0.00970197,over_ai,0.00754618,over_ai,0.00763496,countIP,1.37432e+11,countIP0,1.48289e+11,keysum,1.36339e+11,pktSum,6.17445e+11,aggrSum,8.40627e+08,blackkey_num,185469112,feedback,25,feedsumportion,0.485938,finger0,11,finger,15,time,308850,runTime,3425
line,57151728,total,0.00801824,total0,0.0876836,false,0.00192743,over,0.00717028,false0,0.0477962,over0,0.177808,overaggr,0.00616666,overcuckoo,0.00185157,over_uai,0.0127273,over_uai,0.0298879,over_utai,0.0104653,over_utai,0.00970792,over_ai,0.00754372,over_ai,0.00763994,countIP,1.37475e+11,countIP0,1.4834e+11,keysum,1.36382e+11,pktSum,6.17641e+11,aggrSum,8.41022e+08,blackkey_num,186576758,feedback,32,feedsumportion,0.751339,finger0,11,finger,15,time,310392,runTime,3426
line,57167818,total,0.00801645,total0,0.0876872,false,0.00191853,over,0.00713294,false0,0.0476625,over0,0.177205,overaggr,0.00616514,overcuckoo,0.00185131,over_uai,0.014615,over_uai,0.0224636,over_utai,0.0104663,over_utai,0.00971152,over_ai,0.00754182,over_ai,0.00763837,countIP,1.37518e+11,countIP0,1.48387e+11,keysum,1.36424e+11,pktSum,6.17829e+11,aggrSum,8.41075e+08,blackkey_num,187831772,feedback,32,feedsumportion,0.751339,finger0,11,finger,15,time,310392,runTime,3427
line,57183983,total,0.00801423,total0,0.0877023,false,0.00190867,over,0.00708638,false0,0.047629,over0,0.176833,overaggr,0.00616319,overcuckoo,0.00185104,over_uai,0.0733896,over_uai,0.0293519,over_utai,0.0104883,over_utai,0.00971759,over_ai,0.00753932,over_ai,0.00763657,countIP,1.37565e+11,countIP0,1.4844e+11,keysum,1.36471e+11,pktSum,6.18019e+11,aggrSum,8.41096e+08,blackkey_num,189155283,feedback,32,feedsumportion,0.751339,finger0,11,finger,15,time,310392,runTime,3428
line,57200109,total,0.00801194,total0,0.087721,false,0.00189874,over,0.00703866,false0,0.0476245,over0,0.176545,overaggr,0.0061612,overcuckoo,0.00185074,over_uai,0.0140684,over_uai,0.0150924,over_utai,0.0104894,over_utai,0.0097192,over_ai,0.00753706,over_ai,0.00763431,countIP,1.37612e+11,countIP0,1.48493e+11,keysum,1.36518e+11,pktSum,6.18208e+11,aggrSum,8.41113e+08,blackkey_num,190246850,feedback,32,feedsumportion,0.751339,finger0,11,finger,15,time,310392,runTime,3429
line,57216034,total,0.00801024,total0,0.0877271,false,0.00189039,over,0.00700508,false0,0.0475044,over0,0.176034,overaggr,0.0061598,overcuckoo,0.00185044,over_uai,0.0260384,over_uai,0.0215268,over_utai,0.0104945,over_utai,0.00972216,over_ai,0.0075346,over_ai,0.0076338,countIP,1.37654e+11,countIP0,1.4854e+11,keysum,1.3656e+11,pktSum,6.18398e+11,aggrSum,8.41181e+08,blackkey_num,191230078,feedback,32,feedsumportion,0.751339,finger0,11,finger,15,time,310392,runTime,3430
line,57232450,total,0.0080084,total0,0.0877464,false,0.00188106,over,0.00696842,false0,0.0474743,over0,0.175869,overaggr,0.00615814,overcuckoo,0.00185025,over_uai,0.00111225,over_uai,0.00602757,over_utai,0.0104914,over_utai,0.00972106,over_ai,0.00753231,over_ai,0.00763256,countIP,1.37695e+11,countIP0,1.48587e+11,keysum,1.36601e+11,pktSum,6.18583e+11,aggrSum,8.41206e+08,blackkey_num,192299862,feedback,34,feedsumportion,0.886091,finger0,11,finger,15,time,310088,runTime,3431
line,57248356,total,0.0080066,total0,0.0877706,false,0.00187103,over,0.00693311,false0,0.0474528,over0,0.175837,overaggr,0.00615651,overcuckoo,0.00185009,over_uai,0.00192721,over_uai,0.00350268,over_utai,0.0104886,over_utai,0.00971907,over_ai,0.00753038,over_ai,0.007631,countIP,1.37734e+11,countIP0,1.48633e+11,keysum,1.3664e+11,pktSum,6.18775e+11,aggrSum,8.41227e+08,blackkey_num,193369331,feedback,34,feedsumportion,0.886091,finger0,11,finger,15,time,310088,runTime,3432
line,57264644,total,0.00800451,total0,0.0877925,false,0.00186096,over,0.00689202,false0,0.0474427,over0,0.175703,overaggr,0.0061548,overcuckoo,0.00184971,over_uai,0.00145346,over_uai,0.00259871,over_utai,0.0104856,over_utai,0.00971672,over_ai,0.00752825,over_ai,0.00762886,countIP,1.37777e+11,countIP0,1.48683e+11,keysum,1.36683e+11,pktSum,6.18965e+11,aggrSum,8.41257e+08,blackkey_num,194579946,feedback,34,feedsumportion,0.886091,finger0,11,finger,15,time,310088,runTime,3433
line,57280971,total,0.00800249,total0,0.0878191,false,0.00185089,over,0.00685245,false0,0.0474617,over0,0.175715,overaggr,0.00615313,overcuckoo,0.00184936,over_uai,0.00118409,over_uai,0.00613155,over_utai,0.0104825,over_utai,0.00971548,over_ai,0.00752606,over_ai,0.00762704,countIP,1.37818e+11,countIP0,1.48731e+11,keysum,1.36724e+11,pktSum,6.19149e+11,aggrSum,8.41278e+08,blackkey_num,195581611,feedback,34,feedsumportion,0.886091,finger0,11,finger,15,time,310088,runTime,3434
line,57297133,total,0.00800085,total0,0.087833,false,0.00184237,over,0.00682188,false0,0.0473918,over0,0.175481,overaggr,0.00615177,overcuckoo,0.00184909,over_uai,0.00242562,over_uai,0.00535568,over_utai,0.0104801,over_utai,0.00971419,over_ai,0.00752417,over_ai,0.00762576,countIP,1.37855e+11,countIP0,1.48773e+11,keysum,1.36761e+11,pktSum,6.19327e+11,aggrSum,8.41322e+08,blackkey_num,196930643,feedback,34,feedsumportion,0.886091,finger0,11,finger,15,time,310088,runTime,3435
line,57313421,total,0.00799896,total0,0.0878397,false,0.00183288,over,0.00678577,false0,0.0472877,over0,0.175071,overaggr,0.00615024,overcuckoo,0.00184872,over_uai,0.00119062,over_uai,0.00241621,over_utai,0.0104775,over_utai,0.00971203,over_ai,0.00752201,over_ai,0.00762414,countIP,1.37893e+11,countIP0,1.48816e+11,keysum,1.36799e+11,pktSum,6.19504e+11,aggrSum,8.41348e+08,blackkey_num,197900003,feedback,34,feedsumportion,0.621686,finger0,11,finger,15,time,310277,runTime,3436
line,57329350,total,0.00799667,total0,0.0878502,false,0.00182308,over,0.00674255,false0,0.0472251,over0,0.174659,overaggr,0.00614837,overcuckoo,0.0018483,over_uai,0.00101295,over_uai,0.00183178,over_utai,0.0104744,over_utai,0.00970934,over_ai,0.00751967,over_ai,0.00762188,countIP,1.37938e+11,countIP0,1.48866e+11,keysum,1.36844e+11,pktSum,6.19692e+11,aggrSum,8.41367e+08,blackkey_num,199046713,feedback,34,feedsumportion,0.621686,finger0,11,finger,15,time,310277,runTime,3437
line,57345368,total,0.00799422,total0,0.0878496,false,0.00181368,over,0.00669693,false0,0.0471104,over0,0.173953,overaggr,0.0061464,overcuckoo,0.00184782,over_uai,0.00105309,over_uai,0.00158444,over_utai,0.010471,over_utai,0.00970635,over_ai,0.0075172,over_ai,0.00761937,countIP,1.37986e+11,countIP0,1.48918e+11,keysum,1.36892e+11,pktSum,6.19881e+11,aggrSum,8.41393e+08,blackkey_num,200049976,feedback,34,feedsumportion,0.621686,finger0,11,finger,15,time,310277,runTime,3438
line,57361199,total,0.00799232,total0,0.0878708,false,0.0018049,over,0.00666312,false0,0.0470895,over0,0.173839,overaggr,0.00614491,overcuckoo,0.00184742,over_uai,0.00187031,over_uai,0.00174588,over_utai,0.0104681,over_utai,0.00970339,over_ai,0.00751525,over_ai,0.00761734,countIP,1.38028e+11,countIP0,1.48966e+11,keysum,1.36934e+11,pktSum,6.20073e+11,aggrSum,8.41446e+08,blackkey_num,200702718,feedback,34,feedsumportion,0.621686,finger0,11,finger,15,time,310277,runTime,3439
line,57377531,total,0.00799045,total0,0.0879017,false,0.00179541,over,0.00662942,false0,0.0471225,over0,0.173997,overaggr,0.00614339,overcuckoo,0.00184707,over_uai,0.000737887,over_uai,0.00240767,over_utai,0.010465,over_utai,0.00970124,over_ai,0.00751326,over_ai,0.00761563,countIP,1.38066e+11,countIP0,1.49012e+11,keysum,1.36972e+11,pktSum,6.20256e+11,aggrSum,8.4147e+08,blackkey_num,202070294,feedback,34,feedsumportion,0.621686,finger0,11,finger,15,time,310277,runTime,3440
line,57393666,total,0.00798844,total0,0.0879125,false,0.00178659,over,0.00659394,false0,0.0470485,over0,0.173647,overaggr,0.00614168,overcuckoo,0.00184675,over_uai,0.000754383,over_uai,0.00414985,over_utai,0.0104614,over_utai,0.00969969,over_ai,0.00751076,over_ai,0.0076142,countIP,1.38109e+11,countIP0,1.49059e+11,keysum,1.37014e+11,pktSum,6.20444e+11,aggrSum,8.41497e+08,blackkey_num,203683338,feedback,32,feedsumportion,0.56448,finger0,11,finger,15,time,310358,runTime,3441
line,57409726,total,0.00798649,total0,0.0879394,false,0.00177756,over,0.00656001,false0,0.0470625,over0,0.173682,overaggr,0.0061401,overcuckoo,0.0018464,over_uai,0.00097101,over_uai,0.00256063,over_utai,0.010458,over_utai,0.00969752,over_ai,0.0075086,over_ai,0.00761246,countIP,1.38149e+11,countIP0,1.49107e+11,keysum,1.37054e+11,pktSum,6.20631e+11,aggrSum,8.41527e+08,blackkey_num,204791347,feedback,32,feedsumportion,0.56448,finger0,11,finger,15,time,310358,runTime,3442
line,57426129,total,0.00798463,total0,0.0879561,false,0.0017679,over,0.00652743,false0,0.0470016,over0,0.173539,overaggr,0.00613858,overcuckoo,0.00184605,over_uai,0.00107771,over_uai,0.00297791,over_utai,0.0104551,over_utai,0.00969528,over_ai,0.00750675,over_ai,0.00761056,countIP,1.38186e+11,countIP0,1.4915e+11,keysum,1.37092e+11,pktSum,6.20816e+11,aggrSum,8.41547e+08,blackkey_num,206006269,feedback,32,feedsumportion,0.56448,finger0,11,finger,15,time,310358,runTime,3443
line,57442295,total,0.00798266,total0,0.0879591,false,0.00175793,over,0.00649298,false0,0.0468651,over0,0.173098,overaggr,0.00613704,overcuckoo,0.00184562,over_uai,0.000931686,over_uai,0.00214354,over_utai,0.0104525,over_utai,0.00969281,over_ai,0.00750493,over_ai,0.0076084,countIP,1.38223e+11,countIP0,1.4919e+11,keysum,1.37129e+11,pktSum,6.20999e+11,aggrSum,8.41565e+08,blackkey_num,207151522,feedback,32,feedsumportion,0.56448,finger0,11,finger,15,time,310358,runTime,3444
line,57458785,total,0.0079808,total0,0.0879707,false,0.00174898,over,0.00646132,false0,0.0467882,over0,0.172851,overaggr,0.00613554,overcuckoo,0.00184526,over_uai,0.00119453,over_uai,0.00334847,over_utai,0.0104498,over_utai,0.00969104,over_ai,0.00750289,over_ai,0.00760674,countIP,1.3826e+11,countIP0,1.49232e+11,keysum,1.37166e+11,pktSum,6.21177e+11,aggrSum,8.41585e+08,blackkey_num,208744268,feedback,32,feedsumportion,0.56448,finger0,11,finger,15,time,310358,runTime,3445
line,57475326,total,0.00797912,total0,0.0879873,false,0.00174031,over,0.00643357,false0,0.0467229,over0,0.172725,overaggr,0.00613409,overcuckoo,0.00184503,over_uai,0.00143559,over_uai,0.00397813,over_utai,0.0104473,over_utai,0.00968939,over_ai,0.00750103,over_ai,0.00760532,countIP,1.38297e+11,countIP0,1.49274e+11,keysum,1.37202e+11,pktSum,6.21363e+11,aggrSum,8.41608e+08,blackkey_num,210321849,feedback,33,feedsumportion,0.513864,finger0,11,finger,15,time,310636,runTime,3446
line,57491768,total,0.00797759,total0,0.0880113,false,0.00173413,over,0.00641026,false0,0.0467237,over0,0.172716,overaggr,0.0061325,overcuckoo,0.00184509,over_uai,0.00109165,over_uai,0.00562387,over_utai,0.0104444,over_utai,0.00968782,over_ai,0.00749905,over_ai,0.0076044,countIP,1.38336e+11,countIP0,1.4932e+11,keysum,1.37241e+11,pktSum,6.21547e+11,aggrSum,8.41633e+08,blackkey_num,211443296,feedback,33,feedsumportion,0.513864,finger0,11,finger,15,time,310636,runTime,3447
line,57508054,total,0.00797599,total0,0.0880215,false,0.00172588,over,0.00638466,false0,0.0466224,over0,0.172473,overaggr,0.00613118,overcuckoo,0.00184481,over_uai,0.00210771,over_uai,0.0026179,over_utai,0.0104421,over_utai,0.00968577,over_ai,0.00749737,over_ai,0.00760288,countIP,1.38371e+11,countIP0,1.4936e+11,keysum,1.37276e+11,pktSum,6.2173e+11,aggrSum,8.41667e+08,blackkey_num,212969601,feedback,33,feedsumportion,0.513864,finger0,11,finger,15,time,310636,runTime,3448
line,57524114,total,0.00797399,total0,0.088021,false,0.00171689,over,0.00635192,false0,0.0464732,over0,0.171935,overaggr,0.00612949,overcuckoo,0.0018445,over_uai,0.00106359,over_uai,0.00405233,over_utai,0.0104392,over_utai,0.0096842,over_ai,0.0074949,over_ai,0.00760164,countIP,1.38412e+11,countIP0,1.49403e+11,keysum,1.37317e+11,pktSum,6.2192e+11,aggrSum,8.4168e+08,blackkey_num,214292598,feedback,33,feedsumportion,0.513864,finger0,11,finger,15,time,310636,runTime,3449
line,57540592,total,0.00797211,total0,0.0880352,false,0.0017082,over,0.00632182,false0,0.0464042,over0,0.171735,overaggr,0.0061279,overcuckoo,0.0018442,over_uai,0.00135936,over_uai,0.0067314,over_utai,0.0104363,over_utai,0.00968324,over_ai,0.00749266,over_ai,0.00760026,countIP,1.3845e+11,countIP0,1.49448e+11,keysum,1.37355e+11,pktSum,6.22111e+11,aggrSum,8.41701e+08,blackkey_num,215845955,feedback,33,feedsumportion,0.513864,finger0,11,finger,15,time,310636,runTime,3450
line,57556964,total,0.00797028,total0,0.0880343,false,0.00169998,over,0.00629287,false0,0.0462599,over0,0.171241,overaggr,0.00612637,overcuckoo,0.00184392,over_uai,0.00189182,over_uai,0.0233872,over_utai,0.0104339,over_utai,0.00968639,over_ai,0.00749055,over_ai,0.00759886,countIP,1.38488e+11,countIP0,1.49488e+11,keysum,1.37392e+11,pktSum,6.22291e+11,aggrSum,8.41717e+08,blackkey_num,217071992,feedback,32,feedsumportion,0.512253,finger0,11,finger,15,time,312522,runTime,3451
line,57573349,total,0.00796894,total0,0.0880321,false,0.00169396,over,0.00627408,false0,0.0460975,over0,0.170735,overaggr,0.0061252,overcuckoo,0.00184374,over_uai,0.002119,over_uai,0.0208615,over_utai,0.0104314,over_utai,0.00968903,over_ai,0.00748881,over_ai,0.00759809,countIP,1.38524e+11,countIP0,1.49527e+11,keysum,1.37429e+11,pktSum,6.22474e+11,aggrSum,8.41779e+08,blackkey_num,218396107,feedback,32,feedsumportion,0.512253,finger0,11,finger,15,time,312522,runTime,3452
line,57589777,total,0.00797013,total0,0.0880344,false,0.00170284,over,0.00630845,false0,0.045973,over0,0.170314,overaggr,0.00612473,overcuckoo,0.0018454,over_uai,0.00709465,over_uai,0.0348779,over_utai,0.0104304,over_utai,0.00969489,over_ai,0.00748853,over_ai,0.00760162,countIP,1.38562e+11,countIP0,1.49568e+11,keysum,1.37466e+11,pktSum,6.22657e+11,aggrSum,8.41944e+08,blackkey_num,219671772,feedback,32,feedsumportion,0.512253,finger0,11,finger,15,time,312522,runTime,3453
line,57606181,total,0.00796934,total0,0.0880279,false,0.0017022,over,0.00630263,false0,0.0458194,over0,0.169653,overaggr,0.00612443,overcuckoo,0.0018449,over_uai,0.00755092,over_uai,0.0260655,over_utai,0.0104294,over_utai,0.00969903,over_ai,0.0074885,over_ai,0.00759975,countIP,1.38605e+11,countIP0,1.49613e+11,keysum,1.37509e+11,pktSum,6.22844e+11,aggrSum,8.42164e+08,blackkey_num,220899828,feedback,32,feedsumportion,0.512253,finger0,11,finger,15,time,312522,runTime,3454
line,57622511,total,0.0079689,total0,0.0880364,false,0.00170161,over,0.00630286,false0,0.0457269,over0,0.169375,overaggr,0.00612442,overcuckoo,0.00184448,over_uai,0.00888602,over_uai,0.0189279,over_utai,0.0104287,over_utai,0.00970173,over_ai,0.00748882,over_ai,0.00759823,countIP,1.38642e+11,countIP0,1.49655e+11,keysum,1.37546e+11,pktSum,6.23027e+11,aggrSum,8.42389e+08,blackkey_num,222266891,feedback,32,feedsumportion,0.512253,finger0,11,finger,15,time,312522,runTime,3455
line,57639088,total,0.00796712,total0,0.0880356,false,0.00169324,over,0.00627553,false0,0.0455766,over0,0.168918,overaggr,0.00612299,overcuckoo,0.00184413,over_uai,0.00133441,over_uai,0.00200648,over_utai,0.0104262,over_utai,0.0096991,over_ai,0.00748684,over_ai,0.00759671,countIP,1.38678e+11,countIP0,1.49695e+11,keysum,1.37582e+11,pktSum,6.23214e+11,aggrSum,8.42415e+08,blackkey_num,223633829,feedback,32,feedsumportion,0.90668,finger0,11,finger,15,time,309083,runTime,3456
line,57655486,total,0.00796553,total0,0.0880318,false,0.00168629,over,0.00625233,false0,0.0454185,over0,0.1684,overaggr,0.00612175,overcuckoo,0.00184378,over_uai,0.00249609,over_uai,0.00234385,over_utai,0.0104239,over_utai,0.009697,over_ai,0.00748514,over_ai,0.00759538,countIP,1.38715e+11,countIP0,1.49734e+11,keysum,1.37619e+11,pktSum,6.23396e+11,aggrSum,8.42469e+08,blackkey_num,225157643,feedback,32,feedsumportion,0.90668,finger0,11,finger,15,time,309083,runTime,3457
line,57671751,total,0.00796391,total0,0.088028,false,0.00167913,over,0.0062286,false0,0.0452622,over0,0.167897,overaggr,0.00612039,overcuckoo,0.00184352,over_uai,0.00377754,over_uai,0.00601357,over_utai,0.0104219,over_utai,0.00969574,over_ai,0.00748335,over_ai,0.00759396,countIP,1.38751e+11,countIP0,1.49773e+11,keysum,1.37655e+11,pktSum,6.23578e+11,aggrSum,8.42503e+08,blackkey_num,226408136,feedback,32,feedsumportion,0.90668,finger0,11,finger,15,time,309083,runTime,3458
line,57688091,total,0.00796227,total0,0.0880293,false,0.00167184,over,0.00620466,false0,0.0451341,over0,0.167505,overaggr,0.00611901,overcuckoo,0.00184326,over_uai,0.00370132,over_uai,0.00345164,over_utai,0.0104199,over_utai,0.00969421,over_ai,0.00748133,over_ai,0.00759285,countIP,1.38787e+11,countIP0,1.49812e+11,keysum,1.37691e+11,pktSum,6.23758e+11,aggrSum,8.42532e+08,blackkey_num,227990428,feedback,32,feedsumportion,0.90668,finger0,11,finger,15,time,309083,runTime,3459
line,57704358,total,0.00796075,total0,0.0880264,false,0.00166577,over,0.00618348,false0,0.0449934,over0,0.167019,overaggr,0.00611767,overcuckoo,0.00184307,over_uai,0.00213035,over_uai,0.0033507,over_utai,0.0104175,over_utai,0.00969244,over_ai,0.00747942,over_ai,0.00759187,countIP,1.38824e+11,countIP0,1.49852e+11,keysum,1.37728e+11,pktSum,6.23938e+11,aggrSum,8.42574e+08,blackkey_num,229476342,feedback,32,feedsumportion,0.90668,finger0,11,finger,15,time,309083,runTime,3460
line,57720672,total,0.00795961,total0,0.0880266,false,0.00166096,over,0.00616949,false0,0.0448625,over0,0.166638,overaggr,0.0061166,overcuckoo,0.00184301,over_uai,0.00145677,over_uai,0.00698096,over_utai,0.0104153,over_utai,0.00969162,over_ai,0.00747773,over_ai,0.00759159,countIP,1.38858e+11,countIP0,1.49888e+11,keysum,1.37761e+11,pktSum,6.24113e+11,aggrSum,8.42632e+08,blackkey_num,230787793,feedback,37,feedsumportion,0.642691,finger0,11,finger,15,time,311305,runTime,3461
line,57736520,total,0.00795808,total0,0.0880231,false,0.00165282,over,0.00614756,false0,0.0446821,over0,0.166192,overaggr,0.0061153,overcuckoo,0.00184278,over_uai,0.00170873,over_uai,0.00723359,over_utai,0.0104132,over_utai,0.00969086,over_ai,0.00747603,over_ai,0.00759029,countIP,1.38891e+11,countIP0,1.49924e+11,keysum,1.37795e+11,pktSum,6.24304e+11,aggrSum,8.42655e+08,blackkey_num,231877327,feedback,37,feedsumportion,0.642691,finger0,11,finger,15,time,311305,runTime,3462
line,57752502,total,0.0079568,total0,0.0880209,false,0.00164571,over,0.00613042,false0,0.0445084,over0,0.165798,overaggr,0.00611408,overcuckoo,0.00184272,over_uai,0.00122303,over_uai,0.00646494,over_utai,0.0104109,over_utai,0.00968988,over_ai,0.00747431,over_ai,0.00758959,countIP,1.38923e+11,countIP0,1.49957e+11,keysum,1.37826e+11,pktSum,6.24491e+11,aggrSum,8.42678e+08,blackkey_num,233134437,feedback,37,feedsumportion,0.642691,finger0,11,finger,15,time,311305,runTime,3463
line,57768882,total,0.00795528,total0,0.0880178,false,0.00163733,over,0.00610859,false0,0.044332,over0,0.165395,overaggr,0.00611283,overcuckoo,0.00184245,over_uai,0.00144007,over_uai,0.00677912,over_utai,0.0104087,over_utai,0.00968895,over_ai,0.0074726,over_ai,0.00758833,countIP,1.38953e+11,countIP0,1.4999e+11,keysum,1.37857e+11,pktSum,6.24677e+11,aggrSum,8.42695e+08,blackkey_num,234492319,feedback,37,feedsumportion,0.642691,finger0,11,finger,15,time,311305,runTime,3464
line,57785204,total,0.00795367,total0,0.0880143,false,0.00162994,over,0.00608617,false0,0.0441716,over0,0.164936,overaggr,0.00611143,overcuckoo,0.00184223,over_uai,0.00146433,over_uai,0.00420557,over_utai,0.0104065,over_utai,0.00968708,over_ai,0.00747083,over_ai,0.00758683,countIP,1.38989e+11,countIP0,1.50029e+11,keysum,1.37892e+11,pktSum,6.24866e+11,aggrSum,8.42718e+08,blackkey_num,235909951,feedback,37,feedsumportion,0.642691,finger0,11,finger,15,time,311305,runTime,3465
line,57801265,total,0.00795595,total0,0.0880044,false,0.00164614,over,0.00614238,false0,0.0440209,over0,0.164258,overaggr,0.00611411,overcuckoo,0.00184184,over_uai,0.0282589,over_uai,0.00238947,over_utai,0.0104103,over_utai,0.00968419,over_ai,0.00747654,over_ai,0.00758402,countIP,1.39034e+11,countIP0,1.50076e+11,keysum,1.37937e+11,pktSum,6.2506e+11,aggrSum,8.4336e+08,blackkey_num,236367041,feedback,34,feedsumportion,0.569138,finger0,11,finger,15,time,311688,runTime,3466
line,57817594,total,0.00796059,total0,0.0880039,false,0.0016709,over,0.00624118,false0,0.0438751,over0,0.163883,overaggr,0.00611896,overcuckoo,0.00184163,over_uai,0.0345898,over_uai,0.0036171,over_utai,0.0104164,over_utai,0.00968262,over_ai,0.00748511,over_ai,0.00758297,countIP,1.39069e+11,countIP0,1.50113e+11,keysum,1.37971e+11,pktSum,6.25248e+11,aggrSum,8.44238e+08,blackkey_num,236971813,feedback,34,feedsumportion,0.569138,finger0,11,finger,15,time,311688,runTime,3467
line,57833929,total,0.00796382,total0,0.0879988,false,0.00168798,over,0.00631181,false0,0.0437039,over0,0.163421,overaggr,0.00612242,overcuckoo,0.0018414,over_uai,0.0269017,over_uai,0.00332533,over_utai,0.0104206,over_utai,0.00968054,over_ai,0.00749139,over_ai,0.0075818,countIP,1.39104e+11,countIP0,1.50149e+11,keysum,1.38005e+11,pktSum,6.25439e+11,aggrSum,8.44925e+08,blackkey_num,237755414,feedback,34,feedsumportion,0.569138,finger0,11,finger,15,time,311688,runTime,3468
line,57849951,total,0.00797147,total0,0.0879963,false,0.00172783,over,0.00646698,false0,0.0435519,over0,0.163007,overaggr,0.00612715,overcuckoo,0.00184432,over_uai,0.0365701,over_uai,0.0494394,over_utai,0.0104267,over_utai,0.00969204,over_ai,0.00750017,over_ai,0.00758818,countIP,1.3914e+11,countIP0,1.50187e+11,keysum,1.3804e+11,pktSum,6.2563e+11,aggrSum,8.45792e+08,blackkey_num,238768319,feedback,34,feedsumportion,0.569138,finger0,11,finger,15,time,311688,runTime,3469
line,57866221,total,0.00797544,total0,0.0880032,false,0.00174692,over,0.00654929,false0,0.0434316,over0,0.162827,overaggr,0.00613125,overcuckoo,0.00184419,over_uai,0.030252,over_uai,0.0449644,over_utai,0.0104314,over_utai,0.00970145,over_ai,0.00750753,over_ai,0.00758714,countIP,1.39171e+11,countIP0,1.5022e+11,keysum,1.3807e+11,pktSum,6.25817e+11,aggrSum,8.46542e+08,blackkey_num,239551445,feedback,34,feedsumportion,0.569138,finger0,11,finger,15,time,311688,runTime,3470
line,57882380,total,0.00797402,total0,0.0880292,false,0.00173909,over,0.00652841,false0,0.0434187,over0,0.16299,overaggr,0.00612991,overcuckoo,0.00184411,over_uai,0.00294077,over_uai,0.0200339,over_utai,0.0104295,over_utai,0.00970462,over_ai,0.00750589,over_ai,0.00758618,countIP,1.39203e+11,countIP0,1.50259e+11,keysum,1.38102e+11,pktSum,6.26005e+11,aggrSum,8.46553e+08,blackkey_num,241030866,feedback,34,feedsumportion,0.979503,finger0,11,finger,15,time,307013,runTime,3471
line,57898732,total,0.00797242,total0,0.0880587,false,0.00173152,over,0.00650483,false0,0.0434415,over0,0.163198,overaggr,0.00612852,overcuckoo,0.00184389,over_uai,0.00357664,over_uai,0.0309064,over_utai,0.0104276,over_utai,0.00970963,over_ai,0.00750411,over_ai,0.00758484,countIP,1.39238e+11,countIP0,1.503e+11,keysum,1.38136e+11,pktSum,6.26188e+11,aggrSum,8.46571e+08,blackkey_num,242505644,feedback,34,feedsumportion,0.979503,finger0,11,finger,15,time,307013,runTime,3472
line,57915227,total,0.00797082,total0,0.0880951,false,0.00172415,over,0.00648145,false0,0.0435022,over0,0.163535,overaggr,0.00612712,overcuckoo,0.0018437,over_uai,0.00447562,over_uai,0.0188053,over_utai,0.0104258,over_utai,0.00971166,over_ai,0.00750234,over_ai,0.0075835,countIP,1.39272e+11,countIP0,1.50343e+11,keysum,1.3817e+11,pktSum,6.26369e+11,aggrSum,8.46587e+08,blackkey_num,244488735,feedback,34,feedsumportion,0.979503,finger0,11,finger,15,time,307013,runTime,3473
line,57932330,total,0.00796902,total0,0.0881163,false,0.00171655,over,0.00645496,false0,0.0434959,over0,0.163563,overaggr,0.00612568,overcuckoo,0.00184334,over_uai,0.00549492,over_uai,0.0141007,over_utai,0.0104242,over_utai,0.00971284,over_ai,0.00750036,over_ai,0.00758192,countIP,1.39308e+11,countIP0,1.50385e+11,keysum,1.38207e+11,pktSum,6.2655e+11,aggrSum,8.46609e+08,blackkey_num,246387724,feedback,34,feedsumportion,0.979503,finger0,11,finger,15,time,307013,runTime,3474
line,57949154,total,0.00796728,total0,0.0881383,false,0.00170883,over,0.00642956,false0,0.0434854,over0,0.163616,overaggr,0.00612424,overcuckoo,0.00184304,over_uai,0.052679,over_uai,0.0205755,over_utai,0.0104354,over_utai,0.00971572,over_ai,0.00749864,over_ai,0.00758017,countIP,1.39343e+11,countIP0,1.50426e+11,keysum,1.38242e+11,pktSum,6.26732e+11,aggrSum,8.46626e+08,blackkey_num,247660776,feedback,34,feedsumportion,0.979503,finger0,11,finger,15,time,307013,runTime,3475
line,57966103,total,0.0079656,total0,0.0881379,false,0.00170234,over,0.00640584,false0,0.0433805,over0,0.163239,overaggr,0.00612289,overcuckoo,0.00184272,over_uai,0.00231684,over_uai,0.00207694,over_utai,0.0104332,over_utai,0.00971347,over_ai,0.00749703,over_ai,0.00757837,countIP,1.39379e+11,countIP0,1.50466e+11,keysum,1.38278e+11,pktSum,6.26908e+11,aggrSum,8.46661e+08,blackkey_num,248817805,feedback,32,feedsumportion,0.45443,finger0,11,finger,15,time,307432,runTime,3476
line,57982860,total,0.00796419,total0,0.0881338,false,0.00169794,over,0.00638778,false0,0.0432667,over0,0.162773,overaggr,0.00612185,overcuckoo,0.00184234,over_uai,0.00283657,over_uai,0.00347898,over_utai,0.0104309,over_utai,0.00971154,over_ai,0.00749539,over_ai,0.00757736,countIP,1.39418e+11,countIP0,1.50507e+11,keysum,1.38317e+11,pktSum,6.27086e+11,aggrSum,8.46754e+08,blackkey_num,250206364,feedback,32,feedsumportion,0.45443,finger0,11,finger,15,time,307432,runTime,3477
line,57999451,total,0.00796252,total0,0.088161,false,0.00169195,over,0.00636486,false0,0.0433017,over0,0.162895,overaggr,0.00612052,overcuckoo,0.001842,over_uai,0.0027984,over_uai,0.00277217,over_utai,0.0104287,over_utai,0.00970928,over_ai,0.00749382,over_ai,0.00757558,countIP,1.39456e+11,countIP0,1.50552e+11,keysum,1.38355e+11,pktSum,6.27266e+11,aggrSum,8.46803e+08,blackkey_num,251292541,feedback,32,feedsumportion,0.45443,finger0,11,finger,15,time,307432,runTime,3478
line,58016073,total,0.00796101,total0,0.0881874,false,0.00168611,over,0.00634447,false0,0.0433286,over0,0.163037,overaggr,0.00611923,overcuckoo,0.00184178,over_uai,0.0016937,over_uai,0.00292971,over_utai,0.0104261,over_utai,0.00970705,over_ai,0.00749224,over_ai,0.00757411,countIP,1.39491e+11,countIP0,1.50594e+11,keysum,1.3839e+11,pktSum,6.27438e+11,aggrSum,8.46837e+08,blackkey_num,252580056,feedback,32,feedsumportion,0.45443,finger0,11,finger,15,time,307432,runTime,3479
line,58032808,total,0.00795915,total0,0.0882059,false,0.00168027,over,0.00631926,false0,0.0433325,over0,0.162967,overaggr,0.00611771,overcuckoo,0.00184143,over_uai,0.00261485,over_uai,0.00219733,over_utai,0.0104236,over_utai,0.00970168,over_ai,0.0074906,over_ai,0.00757187,countIP,1.39532e+11,countIP0,1.50641e+11,keysum,1.38431e+11,pktSum,6.27619e+11,aggrSum,8.46879e+08,blackkey_num,253906766,feedback,32,feedsumportion,0.45443,finger0,11,finger,15,time,307432,runTime,3480
line,58049338,total,0.00795772,total0,0.0882272,false,0.00167576,over,0.00630168,false0,0.0433387,over0,0.162975,overaggr,0.00611657,overcuckoo,0.00184115,over_uai,0.00178479,over_uai,0.00362287,over_utai,0.0104211,over_utai,0.00969766,over_ai,0.0074889,over_ai,0.00757116,countIP,1.39571e+11,countIP0,1.50686e+11,keysum,1.38469e+11,pktSum,6.27801e+11,aggrSum,8.46958e+08,blackkey_num,255498329,feedback,32,feedsumportion,0.758649,finger0,11,finger,15,time,313709,runTime,3481
line,58066075,total,0.007956,total0,0.0882512,false,0.00166983,over,0.00627911,false0,0.0433532,over0,0.163023,overaggr,0.00611513,overcuckoo,0.00184087,over_uai,0.00213476,over_uai,0.00361153,over_utai,0.0104183,over_utai,0.00969321,over_ai,0.00748683,over_ai,0.00756977,countIP,1.39611e+11,countIP0,1.50733e+11,keysum,1.38509e+11,pktSum,6.27988e+11,aggrSum,8.47001e+08,blackkey_num,256825870,feedback,32,feedsumportion,0.758649,finger0,11,finger,15,time,313709,runTime,3482
line,58082678,total,0.00795406,total0,0.0882786,false,0.00166363,over,0.00625322,false0,0.0433952,over0,0.163113,overaggr,0.00611349,overcuckoo,0.00184057,over_uai,0.00100709,over_uai,0.00275505,over_utai,0.0104149,over_utai,0.0096879,over_ai,0.00748458,over_ai,0.0075681,countIP,1.39652e+11,countIP0,1.50781e+11,keysum,1.3855e+11,pktSum,6.28174e+11,aggrSum,8.47027e+08,blackkey_num,257970049,feedback,32,feedsumportion,0.758649,finger0,11,finger,15,time,313709,runTime,3483
line,58099193,total,0.00795223,total0,0.0883148,false,0.00165697,over,0.0062288,false0,0.0434643,over0,0.163389,overaggr,0.00611196,overcuckoo,0.00184027,over_uai,0.00241724,over_uai,0.00248712,over_utai,0.0104124,over_utai,0.00968302,over_ai,0.00748273,over_ai,0.00756624,countIP,1.39691e+11,countIP0,1.50828e+11,keysum,1.38589e+11,pktSum,6.2836e+11,aggrSum,8.47051e+08,blackkey_num,259477589,feedback,32,feedsumportion,0.758649,finger0,11,finger,15,time,313709,runTime,3484
line,58115526,total,0.00795069,total0,0.0883395,false,0.00165161,over,0.0062094,false0,0.0434831,over0,0.16348,overaggr,0.00611051,overcuckoo,0.00184019,over_uai,0.000834394,over_uai,0.00407538,over_utai,0.0104094,over_utai,0.00967843,over_ai,0.00748077,over_ai,0.00756536,countIP,1.39727e+11,countIP0,1.50871e+11,keysum,1.38625e+11,pktSum,6.28536e+11,aggrSum,8.4707e+08,blackkey_num,260690154,feedback,32,feedsumportion,0.758649,finger0,11,finger,15,time,313709,runTime,3485
line,58132207,total,0.0079494,total0,0.0883782,false,0.00164814,over,0.00619519,false0,0.0435746,over0,0.163792,overaggr,0.00610953,overcuckoo,0.00183987,over_uai,0.00277792,over_uai,0.00484315,over_utai,0.010407,over_utai,0.00967462,over_ai,0.00747873,over_ai,0.0075652,countIP,1.39766e+11,countIP0,1.50919e+11,keysum,1.38664e+11,pktSum,6.28716e+11,aggrSum,8.47173e+08,blackkey_num,261961108,feedback,35,feedsumportion,0.63333,finger0,11,finger,15,time,310349,runTime,3486
line,58148524,total,0.00794769,total0,0.0884106,false,0.0016419,over,0.00617331,false0,0.0436203,over0,0.164006,overaggr,0.0061081,overcuckoo,0.00183959,over_uai,0.0265118,over_uai,0.00339329,over_utai,0.0104115,over_utai,0.00966957,over_ai,0.00747685,over_ai,0.00756377,countIP,1.39804e+11,countIP0,1.50964e+11,keysum,1.38702e+11,pktSum,6.28901e+11,aggrSum,8.47203e+08,blackkey_num,263473354,feedback,35,feedsumportion,0.63333,finger0,11,finger,15,time,310349,runTime,3487
line,58164783,total,0.00794632,total0,0.0884347,false,0.00163691,over,0.00615718,false0,0.0436236,over0,0.164088,overaggr,0.00610699,overcuckoo,0.00183934,over_uai,0.00165124,over_uai,0.00438294,over_utai,0.0104089,over_utai,0.00966498,over_ai,0.00747507,over_ai,0.00756286,countIP,1.3984e+11,countIP0,1.51006e+11,keysum,1.38737e+11,pktSum,6.29083e+11,aggrSum,8.47266e+08,blackkey_num,264742527,feedback,35,feedsumportion,0.63333,finger0,11,finger,15,time,310349,runTime,3488
line,58180560,total,0.00794545,total0,0.0884562,false,0.0016343,over,0.00614997,false0,0.0436145,over0,0.164124,overaggr,0.00610634,overcuckoo,0.00183911,over_uai,0.00139374,over_uai,0.00644518,over_utai,0.0104059,over_utai,0.00966129,over_ai,0.00747321,over_ai,0.00756326,countIP,1.39875e+11,countIP0,1.51048e+11,keysum,1.38773e+11,pktSum,6.29266e+11,aggrSum,8.47394e+08,blackkey_num,265926398,feedback,35,feedsumportion,0.63333,finger0,11,finger,15,time,310349,runTime,3489
line,58196388,total,0.00794408,total0,0.0884746,false,0.00162953,over,0.0061343,false0,0.0435902,over0,0.164094,overaggr,0.00610519,overcuckoo,0.00183889,over_uai,0.00139064,over_uai,0.00420555,over_utai,0.0104027,over_utai,0.00965624,over_ai,0.00747123,over_ai,0.00756271,countIP,1.39912e+11,countIP0,1.51091e+11,keysum,1.3881e+11,pktSum,6.29453e+11,aggrSum,8.47459e+08,blackkey_num,267020436,feedback,35,feedsumportion,0.63333,finger0,11,finger,15,time,310349,runTime,3490
line,58212852,total,0.00794235,total0,0.0884986,false,0.0016233,over,0.00611278,false0,0.0435936,over0,0.164158,overaggr,0.00610376,overcuckoo,0.00183859,over_uai,0.00262457,over_uai,0.0202843,over_utai,0.0104,over_utai,0.00965669,over_ai,0.00746926,over_ai,0.0075612,countIP,1.3995e+11,countIP0,1.51135e+11,keysum,1.38847e+11,pktSum,6.2964e+11,aggrSum,8.4749e+08,blackkey_num,268318273,feedback,33,feedsumportion,0.811482,finger0,11,finger,15,time,313509,runTime,3491
line,58228939,total,0.00794098,total0,0.0885117,false,0.00161806,over,0.00609679,false0,0.0435423,over0,0.164066,overaggr,0.00610247,overcuckoo,0.00183851,over_uai,0.00125024,over_uai,0.0188108,over_utai,0.0103974,over_utai,0.00965619,over_ai,0.00746746,over_ai,0.00756038,countIP,1.39984e+11,countIP0,1.51173e+11,keysum,1.38881e+11,pktSum,6.2982e+11,aggrSum,8.47517e+08,blackkey_num,269604313,feedback,33,feedsumportion,0.811482,finger0,11,finger,15,time,313509,runTime,3492
line,58244925,total,0.00793959,total0,0.0885499,false,0.00161213,over,0.00608008,false0,0.0435964,over0,0.164422,overaggr,0.00610117,overcuckoo,0.00183842,over_uai,0.0059282,over_uai,0.019124,over_utai,0.0103959,over_utai,0.00965536,over_ai,0.00746563,over_ai,0.00755959,countIP,1.40016e+11,countIP0,1.51214e+11,keysum,1.38913e+11,pktSum,6.30002e+11,aggrSum,8.47532e+08,blackkey_num,271172652,feedback,33,feedsumportion,0.811482,finger0,11,finger,15,time,313509,runTime,3493
line,58261296,total,0.00793779,total0,0.0885716,false,0.00160614,over,0.00605777,false0,0.0436009,over0,0.164447,overaggr,0.00609965,overcuckoo,0.00183814,over_uai,0.00130238,over_uai,0.0186227,over_utai,0.0103931,over_utai,0.00965457,over_ai,0.0074636,over_ai,0.0075582,countIP,1.40053e+11,countIP0,1.51257e+11,keysum,1.3895e+11,pktSum,6.3018e+11,aggrSum,8.47547e+08,blackkey_num,272178813,feedback,33,feedsumportion,0.811482,finger0,11,finger,15,time,313509,runTime,3494
line,58277224,total,0.00793605,total0,0.08859,false,0.00160065,over,0.00603709,false0,0.043588,over0,0.164398,overaggr,0.00609815,overcuckoo,0.00183791,over_uai,0.00290048,over_uai,0.0121411,over_utai,0.0103906,over_utai,0.00965223,over_ai,0.00746176,over_ai,0.00755659,countIP,1.40092e+11,countIP0,1.51302e+11,keysum,1.38989e+11,pktSum,6.30366e+11,aggrSum,8.47577e+08,blackkey_num,273465953,feedback,33,feedsumportion,0.811482,finger0,11,finger,15,time,313509,runTime,3495
line,58293666,total,0.00793421,total0,0.0886068,false,0.00159557,over,0.00601502,false0,0.0435863,over0,0.164313,overaggr,0.00609669,overcuckoo,0.00183753,over_uai,0.00092154,over_uai,0.00361689,over_utai,0.0103875,over_utai,0.00964776,over_ai,0.00745953,over_ai,0.00755529,countIP,1.40132e+11,countIP0,1.51348e+11,keysum,1.39029e+11,pktSum,6.30542e+11,aggrSum,8.47617e+08,blackkey_num,274531196,feedback,34,feedsumportion,0.547263,finger0,11,finger,15,time,310797,runTime,3496
line,58309865,total,0.00793259,total0,0.0886394,false,0.0015903,over,0.00599599,false0,0.0436384,over0,0.164532,overaggr,0.00609535,overcuckoo,0.00183724,over_uai,0.000580406,over_uai,0.00353835,over_utai,0.0103844,over_utai,0.00964416,over_ai,0.00745751,over_ai,0.00755417,countIP,1.40168e+11,countIP0,1.51392e+11,keysum,1.39065e+11,pktSum,6.30719e+11,aggrSum,8.47651e+08,blackkey_num,275712860,feedback,34,feedsumportion,0.547263,finger0,11,finger,15,time,310797,runTime,3497
line,58326215,total,0.00793117,total0,0.0886651,false,0.00158537,over,0.00598008,false0,0.0436495,over0,0.164647,overaggr,0.00609415,overcuckoo,0.00183701,over_uai,0.000747406,over_uai,0.00513961,over_utai,0.0103815,over_utai,0.0096399,over_ai,0.00745557,over_ai,0.00755343,countIP,1.40203e+11,countIP0,1.51433e+11,keysum,1.391e+11,pktSum,6.30898e+11,aggrSum,8.47696e+08,blackkey_num,277147163,feedback,34,feedsumportion,0.547263,finger0,11,finger,15,time,310797,runTime,3498
line,58342413,total,0.00792962,total0,0.0886857,false,0.00158075,over,0.00596299,false0,0.0436475,over0,0.16465,overaggr,0.00609288,overcuckoo,0.00183674,over_uai,0.000743565,over_uai,0.00487959,over_utai,0.0103782,over_utai,0.00963581,over_ai,0.00745371,over_ai,0.00755249,countIP,1.40241e+11,countIP0,1.51477e+11,keysum,1.39137e+11,pktSum,6.31079e+11,aggrSum,8.47748e+08,blackkey_num,278243316,feedback,34,feedsumportion,0.547263,finger0,11,finger,15,time,310797,runTime,3499
line,58358724,total,0.00792809,total0,0.0887016,false,0.00157493,over,0.00594517,false0,0.0436068,over0,0.16461,overaggr,0.00609159,overcuckoo,0.0018365,over_uai,0.000600615,over_uai,0.00352445,over_utai,0.0103754,over_utai,0.00963119,over_ai,0.00745174,over_ai,0.00755154,countIP,1.40274e+11,countIP0,1.51516e+11,keysum,1.39171e+11,pktSum,6.3126e+11,aggrSum,8.47771e+08,blackkey_num,279372532,feedback,34,feedsumportion,0.547263,finger0,11,finger,15,time,310797,runTime,3500
line,58374805,total,0.00792812,total0,0.0887262,false,0.00157764,over,0.00595505,false0,0.043623,over0,0.164662,overaggr,0.00609056,overcuckoo,0.00183756,over_uai,0.0011563,over_uai,0.012267,over_utai,0.0103722,over_utai,0.00962859,over_ai,0.00744952,over_ai,0.00755487,countIP,1.40314e+11,countIP0,1.51562e+11,keysum,1.3921e+11,pktSum,6.31446e+11,aggrSum,8.47869e+08,blackkey_num,280248915,feedback,35,feedsumportion,0.618256,finger0,11,finger,15,time,308856,runTime,3501
line,58391210,total,0.00792876,total0,0.0887427,false,0.00158214,over,0.00597423,false0,0.0435922,over0,0.164606,overaggr,0.0060899,overcuckoo,0.00183886,over_uai,0.00110507,over_uai,0.0151537,over_utai,0.0103692,over_utai,0.00962659,over_ai,0.00744723,over_ai,0.00755965,countIP,1.40351e+11,countIP0,1.51604e+11,keysum,1.39247e+11,pktSum,6.31632e+11,aggrSum,8.47999e+08,blackkey_num,281249011,feedback,35,feedsumportion,0.618256,finger0,11,finger,15,time,308856,runTime,3502
line,58407328,total,0.00792986,total0,0.0887593,false,0.00158896,over,0.00600128,false0,0.0435646,over0,0.164537,overaggr,0.00608986,overcuckoo,0.00184,over_uai,0.000944264,over_uai,0.0237282,over_utai,0.0103656,over_utai,0.00962659,over_ai,0.00744492,over_ai,0.00756581,countIP,1.40389e+11,countIP0,1.51648e+11,keysum,1.39285e+11,pktSum,6.3182e+11,aggrSum,8.48225e+08,blackkey_num,282181099,feedback,35,feedsumportion,0.618256,finger0,11,finger,15,time,308856,runTime,3503
line,58423888,total,0.0079301,total0,0.088782,false,0.00159246,over,0.00601421,false0,0.0435726,over0,0.16456,overaggr,0.00608885,overcuckoo,0.00184125,over_uai,0.00308095,over_uai,0.0173952,over_utai,0.0103625,over_utai,0.00962519,over_ai,0.00744235,over_ai,0.00756984,countIP,1.40429e+11,countIP0,1.51693e+11,keysum,1.39324e+11,pktSum,6.32006e+11,aggrSum,8.48323e+08,blackkey_num,283329665,feedback,35,feedsumportion,0.618256,finger0,11,finger,15,time,308856,runTime,3504
line,58440358,total,0.00793086,total0,0.0888074,false,0.00159715,over,0.00603437,false0,0.0435837,over0,0.164668,overaggr,0.00608833,overcuckoo,0.00184253,over_uai,0.00808997,over_uai,0.0175561,over_utai,0.0103617,over_utai,0.00962398,over_ai,0.00744059,over_ai,0.00757427,countIP,1.40464e+11,countIP0,1.51735e+11,keysum,1.39359e+11,pktSum,6.32184e+11,aggrSum,8.48461e+08,blackkey_num,284184273,feedback,35,feedsumportion,0.618256,finger0,11,finger,15,time,308856,runTime,3505
line,58456862,total,0.0079293,total0,0.0888205,false,0.00159146,over,0.00601633,false0,0.0435368,over0,0.164586,overaggr,0.006087,overcuckoo,0.0018423,over_uai,0.001787,over_uai,0.00330888,over_utai,0.0103592,over_utai,0.00961949,over_ai,0.00743869,over_ai,0.00757322,countIP,1.40497e+11,countIP0,1.51773e+11,keysum,1.39392e+11,pktSum,6.32363e+11,aggrSum,8.48479e+08,blackkey_num,285531167,feedback,37,feedsumportion,0.934786,finger0,11,finger,15,time,314052,runTime,3506
line,58473327,total,0.00792755,total0,0.0888407,false,0.00158561,over,0.00599603,false0,0.043525,over0,0.164591,overaggr,0.0060855,overcuckoo,0.00184205,over_uai,0.00120889,over_uai,0.00268276,over_utai,0.0103564,over_utai,0.00961448,over_ai,0.00743679,over_ai,0.0075719,countIP,1.40534e+11,countIP0,1.51815e+11,keysum,1.39429e+11,pktSum,6.32547e+11,aggrSum,8.48493e+08,blackkey_num,286897145,feedback,37,feedsumportion,0.934786,finger0,11,finger,15,time,314052,runTime,3507
line,58489783,total,0.0079256,total0,0.0888612,false,0.00157965,over,0.00597296,false0,0.0435274,over0,0.164585,overaggr,0.00608396,overcuckoo,0.00184163,over_uai,0.00089164,over_uai,0.00306373,over_utai,0.010353,over_utai,0.00960991,over_ai,0.00743461,over_ai,0.00757031,countIP,1.40572e+11,countIP0,1.5186e+11,keysum,1.39467e+11,pktSum,6.32727e+11,aggrSum,8.48511e+08,blackkey_num,288189604,feedback,37,feedsumportion,0.934786,finger0,11,finger,15,time,314052,runTime,3508
line,58506300,total,0.00792429,total0,0.0888762,false,0.00157714,over,0.00596104,false0,0.0435158,over0,0.164474,overaggr,0.00608235,overcuckoo,0.00184194,over_uai,0.00105124,over_uai,0.00622876,over_utai,0.0103501,over_utai,0.00960658,over_ai,0.0074326,over_ai,0.00757003,countIP,1.40613e+11,countIP0,1.51906e+11,keysum,1.39507e+11,pktSum,6.32907e+11,aggrSum,8.48531e+08,blackkey_num,289234184,feedback,37,feedsumportion,0.934786,finger0,11,finger,15,time,314052,runTime,3509
line,58522710,total,0.00792232,total0,0.0888898,false,0.0015719,over,0.00593867,false0,0.0434978,over0,0.164335,overaggr,0.0060807,overcuckoo,0.00184162,over_uai,0.00114973,over_uai,0.00253199,over_utai,0.0103472,over_utai,0.00960144,over_ai,0.00743047,over_ai,0.0075683,countIP,1.40654e+11,countIP0,1.51953e+11,keysum,1.39548e+11,pktSum,6.33089e+11,aggrSum,8.48551e+08,blackkey_num,290765995,feedback,37,feedsumportion,0.934786,finger0,11,finger,15,time,314052,runTime,3510
line,58539123,total,0.00792054,total0,0.088911,false,0.00156705,over,0.00591916,false0,0.0435066,over0,0.164336,overaggr,0.00607914,overcuckoo,0.00184141,over_uai,0.00339257,over_uai,0.00556837,over_utai,0.0103449,over_utai,0.00959799,over_ai,0.00742843,over_ai,0.00756686,countIP,1.40693e+11,countIP0,1.51998e+11,keysum,1.39587e+11,pktSum,6.3327e+11,aggrSum,8.48571e+08,blackkey_num,292062317,feedback,32,feedsumportion,0.409216,finger0,11,finger,15,time,309071,runTime,3511
line,58555788,total,0.00791907,total0,0.0889363,false,0.0015626,over,0.00590393,false0,0.04352,over0,0.164431,overaggr,0.00607798,overcuckoo,0.00184109,over_uai,0.00104664,over_uai,0.00649548,over_utai,0.0103421,over_utai,0.00959412,over_ai,0.00742643,over_ai,0.00756609,countIP,1.40729e+11,countIP0,1.52041e+11,keysum,1.39623e+11,pktSum,6.3345e+11,aggrSum,8.48627e+08,blackkey_num,293344258,feedback,32,feedsumportion,0.409216,finger0,11,finger,15,time,309071,runTime,3512
line,58572343,total,0.00791729,total0,0.0889443,false,0.00155719,over,0.00588387,false0,0.0434693,over0,0.164249,overaggr,0.00607653,overcuckoo,0.00184076,over_uai,0.00101633,over_uai,0.00354518,over_utai,0.0103391,over_utai,0.00958967,over_ai,0.00742434,over_ai,0.00756455,countIP,1.40765e+11,countIP0,1.52081e+11,keysum,1.39659e+11,pktSum,6.33623e+11,aggrSum,8.48644e+08,blackkey_num,294546113,feedback,32,feedsumportion,0.409216,finger0,11,finger,15,time,309071,runTime,3513
line,58588885,total,0.00791533,total0,0.0889654,false,0.00155252,over,0.00586241,false0,0.0434926,over0,0.164231,overaggr,0.00607489,overcuckoo,0.00184044,over_uai,0.000952747,over_uai,0.00632889,over_utai,0.0103355,over_utai,0.00958585,over_ai,0.00742178,over_ai,0.00756351,countIP,1.40806e+11,countIP0,1.52129e+11,keysum,1.397e+11,pktSum,6.33799e+11,aggrSum,8.48665e+08,blackkey_num,295725349,feedback,32,feedsumportion,0.409216,finger0,11,finger,15,time,309071,runTime,3514
line,58605506,total,0.00791383,total0,0.0889832,false,0.0015476,over,0.00584661,false0,0.0434699,over0,0.164224,overaggr,0.00607363,overcuckoo,0.0018402,over_uai,0.000918104,over_uai,0.00554001,over_utai,0.0103326,over_utai,0.00958195,over_ai,0.00741969,over_ai,0.00756283,countIP,1.4084e+11,countIP0,1.52168e+11,keysum,1.39734e+11,pktSum,6.33978e+11,aggrSum,8.48696e+08,blackkey_num,297058659,feedback,32,feedsumportion,0.409216,finger0,11,finger,15,time,309071,runTime,3515
line,58622069,total,0.00791212,total0,0.0889993,false,0.00154308,over,0.00582891,false0,0.0434532,over0,0.164142,overaggr,0.0060723,overcuckoo,0.00183982,over_uai,0.00444679,over_uai,0.0199852,over_utai,0.0103303,over_utai,0.00958184,over_ai,0.00741773,over_ai,0.00756161,countIP,1.4088e+11,countIP0,1.52214e+11,keysum,1.39774e+11,pktSum,6.34162e+11,aggrSum,8.48749e+08,blackkey_num,298288584,feedback,33,feedsumportion,0.633857,finger0,11,finger,15,time,309549,runTime,3516
line,58638586,total,0.00791112,total0,0.0890209,false,0.00154096,over,0.00582198,false0,0.0434518,over0,0.164167,overaggr,0.00607165,overcuckoo,0.00183947,over_uai,0.00423147,over_uai,0.0239012,over_utai,0.0103282,over_utai,0.00958192,over_ai,0.00741588,over_ai,0.0075619,countIP,1.40917e+11,countIP0,1.52257e+11,keysum,1.39811e+11,pktSum,6.34346e+11,aggrSum,8.48884e+08,blackkey_num,299465192,feedback,33,feedsumportion,0.633857,finger0,11,finger,15,time,309549,runTime,3517
line,58654855,total,0.0079106,total0,0.0890524,false,0.00154094,over,0.00582234,false0,0.0434973,over0,0.164351,overaggr,0.00607089,overcuckoo,0.00183971,over_uai,0.00607402,over_uai,0.0176226,over_utai,0.0103268,over_utai,0.00958097,over_ai,0.007415,over_ai,0.00756196,countIP,1.40954e+11,countIP0,1.52301e+11,keysum,1.39848e+11,pktSum,6.34524e+11,aggrSum,8.49e+08,blackkey_num,300745003,feedback,33,feedsumportion,0.633857,finger0,11,finger,15,time,309549,runTime,3518
line,58671288,total,0.00790886,total0,0.0890848,false,0.001537,over,0.00580497,false0,0.0435584,over0,0.164512,overaggr,0.00606954,overcuckoo,0.00183932,over_uai,0.0051196,over_uai,0.0137826,over_utai,0.010325,over_utai,0.00957948,over_ai,0.00741333,over_ai,0.00756007,countIP,1.40995e+11,countIP0,1.52351e+11,keysum,1.39889e+11,pktSum,6.34705e+11,aggrSum,8.49061e+08,blackkey_num,302279150,feedback,33,feedsumportion,0.633857,finger0,11,finger,15,time,309549,runTime,3519
line,58687562,total,0.00790702,total0,0.0891104,false,0.0015322,over,0.00578579,false0,0.0435835,over0,0.164577,overaggr,0.00606815,overcuckoo,0.00183888,over_uai,0.0062344,over_uai,0.0223255,over_utai,0.0103237,over_utai,0.0095806,over_ai,0.00741165,over_ai,0.00755803,countIP,1.41035e+11,countIP0,1.52397e+11,keysum,1.39928e+11,pktSum,6.34888e+11,aggrSum,8.49106e+08,blackkey_num,303652745,feedback,33,feedsumportion,0.633857,finger0,11,finger,15,time,309549,runTime,3520
line,58703835,total,0.00790522,total0,0.0891115,false,0.00152746,over,0.0057671,false0,0.0435092,over0,0.164274,overaggr,0.00606671,overcuckoo,0.00183852,over_uai,0.00149221,over_uai,0.00680717,over_utai,0.0103209,over_utai,0.00957702,over_ai,0.00740937,over_ai,0.00755701,countIP,1.41073e+11,countIP0,1.5244e+11,keysum,1.39967e+11,pktSum,6.35068e+11,aggrSum,8.49138e+08,blackkey_num,304848610,feedback,31,feedsumportion,0.867422,finger0,11,finger,15,time,311248,runTime,3521
line,58720019,total,0.00790349,total0,0.0891303,false,0.00152291,over,0.00574986,false0,0.0434997,over0,0.164237,overaggr,0.00606541,overcuckoo,0.00183809,over_uai,0.0012126,over_uai,0.0047112,over_utai,0.0103174,over_utai,0.00957544,over_ai,0.0074069,over_ai,0.00755629,countIP,1.41113e+11,countIP0,1.52485e+11,keysum,1.40007e+11,pktSum,6.35257e+11,aggrSum,8.49197e+08,blackkey_num,306288692,feedback,31,feedsumportion,0.867422,finger0,11,finger,15,time,311248,runTime,3522
line,58736246,total,0.00790161,total0,0.0891566,false,0.0015176,over,0.00573014,false0,0.0435206,over0,0.164325,overaggr,0.00606391,overcuckoo,0.0018377,over_uai,0.00127707,over_uai,0.00522701,over_utai,0.0103141,over_utai,0.00957423,over_ai,0.00740457,over_ai,0.00755498,countIP,1.41151e+11,countIP0,1.52531e+11,keysum,1.40045e+11,pktSum,6.35441e+11,aggrSum,8.4922e+08,blackkey_num,307814332,feedback,31,feedsumportion,0.867422,finger0,11,finger,15,time,311248,runTime,3523
line,58752657,total,0.00789956,total0,0.0891719,false,0.00151228,over,0.00570867,false0,0.0435034,over0,0.16422,overaggr,0.00606229,overcuckoo,0.00183727,over_uai,0.00258782,over_uai,0.0030096,over_utai,0.0103114,over_utai,0.00957248,over_ai,0.00740223,over_ai,0.00755327,countIP,1.41193e+11,countIP0,1.52578e+11,keysum,1.40086e+11,pktSum,6.3563e+11,aggrSum,8.49242e+08,blackkey_num,309052895,feedback,31,feedsumportion,0.867422,finger0,11,finger,15,time,311248,runTime,3524
line,58768756,total,0.00789808,total0,0.0892017,false,0.00150892,over,0.00569562,false0,0.0435421,over0,0.164355,overaggr,0.00606072,overcuckoo,0.00183736,over_uai,0.00292479,over_uai,0.00363149,over_utai,0.0103089,over_utai,0.0095707,over_ai,0.00740065,over_ai,0.00755197,countIP,1.41232e+11,countIP0,1.52625e+11,keysum,1.40125e+11,pktSum,6.35814e+11,aggrSum,8.49259e+08,blackkey_num,310390530,feedback,31,feedsumportion,0.867422,finger0,11,finger,15,time,311248,runTime,3525
line,58785034,total,0.00789642,total0,0.0892191,false,0.00150516,over,0.00568011,false0,0.0435357,over0,0.164293,overaggr,0.00605939,overcuckoo,0.00183703,over_uai,0.000572221,over_uai,0.00358662,over_utai,0.0103059,over_utai,0.00956843,over_ai,0.00739836,over_ai,0.00755115,countIP,1.41272e+11,countIP0,1.52671e+11,keysum,1.40165e+11,pktSum,6.35998e+11,aggrSum,8.49317e+08,blackkey_num,311818255,feedback,33,feedsumportion,0.74845,finger0,11,finger,15,time,312333,runTime,3526
line,58801528,total,0.00789455,total0,0.0892321,false,0.00150062,over,0.00566168,false0,0.0435102,over0,0.164159,overaggr,0.00605793,overcuckoo,0.00183662,over_uai,0.000415393,over_uai,0.00417183,over_utai,0.0103026,over_utai,0.00956668,over_ai,0.00739617,over_ai,0.00754976,countIP,1.41313e+11,countIP0,1.52717e+11,keysum,1.40206e+11,pktSum,6.36185e+11,aggrSum,8.49359e+08,blackkey_num,313157904,feedback,33,feedsumportion,0.74845,finger0,11,finger,15,time,312333,runTime,3527
line,58818272,total,0.00789269,total0,0.0892551,false,0.00149692,over,0.00564419,false0,0.0435375,over0,0.16416,overaggr,0.00605638,overcuckoo,0.00183631,over_uai,0.000389167,over_uai,0.0057668,over_utai,0.010299,over_utai,0.00956543,over_ai,0.0073937,over_ai,0.00754886,countIP,1.41356e+11,countIP0,1.52767e+11,keysum,1.40249e+11,pktSum,6.36368e+11,aggrSum,8.49402e+08,blackkey_num,314740347,feedback,33,feedsumportion,0.74845,finger0,11,finger,15,time,312333,runTime,3528
line,58834855,total,0.00789098,total0,0.0892769,false,0.00149243,over,0.00562784,false0,0.0435381,over0,0.164179,overaggr,0.00605503,overcuckoo,0.00183595,over_uai,0.000718174,over_uai,0.0070961,over_utai,0.0102958,over_utai,0.0095643,over_ai,0.0073917,over_ai,0.00754747,countIP,1.41395e+11,countIP0,1.52812e+11,keysum,1.40288e+11,pktSum,6.36555e+11,aggrSum,8.49445e+08,blackkey_num,316142845,feedback,33,feedsumportion,0.74845,finger0,11,finger,15,time,312333,runTime,3529
line,58851410,total,0.00788931,total0,0.0892843,false,0.00148837,over,0.00561225,false0,0.0434893,over0,0.163987,overaggr,0.00605368,overcuckoo,0.00183563,over_uai,0.000412174,over_uai,0.111791,over_utai,0.0102927,over_utai,0.00958659,over_ai,0.00738951,over_ai,0.00754677,countIP,1.41433e+11,countIP0,1.52855e+11,keysum,1.40326e+11,pktSum,6.36736e+11,aggrSum,8.49488e+08,blackkey_num,317793735,feedback,33,feedsumportion,0.74845,finger0,11,finger,15,time,312333,runTime,3530
line,58867705,total,0.00788768,total0,0.0892925,false,0.00148459,over,0.00559768,false0,0.0434406,over0,0.163794,overaggr,0.00605246,overcuckoo,0.00183521,over_uai,0.00155876,over_uai,0.00936363,over_utai,0.0102893,over_utai,0.00958633,over_ai,0.00738728,over_ai,0.00754598,countIP,1.41473e+11,countIP0,1.52899e+11,keysum,1.40366e+11,pktSum,6.36924e+11,aggrSum,8.49559e+08,blackkey_num,319378868,feedback,35,feedsumportion,0.718101,finger0,11,finger,15,time,313139,runTime,3531
line,58884180,total,0.00788629,total0,0.0892883,false,0.0014826,over,0.00558725,false0,0.0433607,over0,0.163407,overaggr,0.00605147,overcuckoo,0.00183482,over_uai,0.00231071,over_uai,0.0453899,over_utai,0.0102867,over_utai,0.00959553,over_ai,0.00738512,over_ai,0.00754573,countIP,1.41515e+11,countIP0,1.52944e+11,keysum,1.40407e+11,pktSum,6.37104e+11,aggrSum,8.49671e+08,blackkey_num,320827639,feedback,35,feedsumportion,0.718101,finger0,11,finger,15,time,313139,runTime,3532
line,58900308,total,0.00788462,total0,0.0893102,false,0.00147854,over,0.00557193,false0,0.0433679,over0,0.163433,overaggr,0.00605006,overcuckoo,0.00183456,over_uai,0.00137848,over_uai,0.0569166,over_utai,0.0102839,over_utai,0.00960574,over_ai,0.00738287,over_ai,0.00754492,countIP,1.41553e+11,countIP0,1.52989e+11,keysum,1.40445e+11,pktSum,6.37285e+11,aggrSum,8.49703e+08,blackkey_num,322243988,feedback,35,feedsumportion,0.718101,finger0,11,finger,15,time,313139,runTime,3533
line,58916288,total,0.00788272,total0,0.0893118,false,0.00147388,over,0.0055538,false0,0.0432968,over0,0.163149,overaggr,0.00604859,overcuckoo,0.00183413,over_uai,0.00152904,over_uai,0.0549122,over_utai,0.0102809,over_utai,0.00961589,over_ai,0.00738059,over_ai,0.00754349,countIP,1.41593e+11,countIP0,1.53032e+11,keysum,1.40485e+11,pktSum,6.37472e+11,aggrSum,8.49739e+08,blackkey_num,323824886,feedback,35,feedsumportion,0.718101,finger0,11,finger,15,time,313139,runTime,3534
line,58933063,total,0.00788097,total0,0.0893193,false,0.00146949,over,0.00553743,false0,0.0432482,over0,0.162971,overaggr,0.00604721,overcuckoo,0.00183376,over_uai,0.00254833,over_uai,0.0478803,over_utai,0.0102786,over_utai,0.00962532,over_ai,0.00737856,over_ai,0.00754205,countIP,1.41631e+11,countIP0,1.53075e+11,keysum,1.40523e+11,pktSum,6.37653e+11,aggrSum,8.49773e+08,blackkey_num,325711896,feedback,35,feedsumportion,0.718101,finger0,11,finger,15,time,313139,runTime,3535
line,58950039,total,0.00788227,total0,0.0893312,false,0.00147664,over,0.00556515,false0,0.0432139,over0,0.162864,overaggr,0.00604738,overcuckoo,0.00183489,over_uai,0.00331752,over_uai,0.0202074,over_utai,0.0102765,over_utai,0.00962807,over_ai,0.00737663,over_ai,0.00754814,countIP,1.41668e+11,countIP0,1.53116e+11,keysum,1.4056e+11,pktSum,6.37832e+11,aggrSum,8.50018e+08,blackkey_num,326792884,feedback,35,feedsumportion,0.737274,finger0,11,finger,15,time,307507,runTime,3536
line,58966530,total,0.00788341,total0,0.0893234,false,0.00148386,over,0.00559113,false0,0.0431126,over0,0.162447,overaggr,0.00604759,overcuckoo,0.00183581,over_uai,0.000647576,over_uai,0.0228753,over_utai,0.0102735,over_utai,0.00963123,over_ai,0.00737448,over_ai,0.0075542,countIP,1.41708e+11,countIP0,1.53159e+11,keysum,1.406e+11,pktSum,6.38017e+11,aggrSum,8.50292e+08,blackkey_num,327877330,feedback,35,feedsumportion,0.737274,finger0,11,finger,15,time,307507,runTime,3537
line,58983043,total,0.00788327,total0,0.089329,false,0.00148606,over,0.00559858,false0,0.0430603,over0,0.162226,overaggr,0.00604643,overcuckoo,0.00183683,over_uai,0.0007102,over_uai,0.0117435,over_utai,0.0102708,over_utai,0.00963173,over_ai,0.00737274,over_ai,0.00755647,countIP,1.41749e+11,countIP0,1.53204e+11,keysum,1.4064e+11,pktSum,6.38204e+11,aggrSum,8.50373e+08,blackkey_num,329006755,feedback,35,feedsumportion,0.737274,finger0,11,finger,15,time,307507,runTime,3538
line,58999660,total,0.00788789,total0,0.0893344,false,0.00150626,over,0.00567412,false0,0.0430069,over0,0.162009,overaggr,0.00605001,overcuckoo,0.00183788,over_uai,0.00294131,over_uai,0.0366836,over_utai,0.0102687,over_utai,0.00963983,over_ai,0.00737095,over_ai,0.00757077,countIP,1.4179e+11,countIP0,1.53248e+11,keysum,1.4068e+11,pktSum,6.3839e+11,aggrSum,8.51117e+08,blackkey_num,330192277,feedback,35,feedsumportion,0.737274,finger0,11,finger,15,time,307507,runTime,3539
line,59015916,total,0.00789418,total0,0.0893503,false,0.00153295,over,0.00577339,false0,0.0429936,over0,0.161922,overaggr,0.00605529,overcuckoo,0.00183889,over_uai,0.000528437,over_uai,0.044039,over_utai,0.0102655,over_utai,0.00965012,over_ai,0.00736874,over_ai,0.0075897,countIP,1.41833e+11,countIP0,1.53296e+11,keysum,1.40723e+11,pktSum,6.38584e+11,aggrSum,8.52116e+08,blackkey_num,331259324,feedback,35,feedsumportion,0.737274,finger0,11,finger,15,time,307507,runTime,3540
line,59032247,total,0.00789219,total0,0.0893468,false,0.0015288,over,0.00575435,false0,0.0429214,over0,0.161555,overaggr,0.00605353,overcuckoo,0.00183866,over_uai,0.00136138,over_uai,0.0119698,over_utai,0.010263,over_utai,0.00965062,over_ai,0.00736682,over_ai,0.00758767,countIP,1.41877e+11,countIP0,1.53343e+11,keysum,1.40766e+11,pktSum,6.38768e+11,aggrSum,8.52131e+08,blackkey_num,333360335,feedback,36,feedsumportion,0.970208,finger0,11,finger,15,time,313701,runTime,3541
line,59049112,total,0.00789046,total0,0.0893492,false,0.00152434,over,0.00573791,false0,0.042855,over0,0.161315,overaggr,0.00605203,overcuckoo,0.00183842,over_uai,0.000772771,over_uai,0.0188472,over_utai,0.0102604,over_utai,0.00965273,over_ai,0.00736466,over_ai,0.00758665,countIP,1.41915e+11,countIP0,1.53384e+11,keysum,1.40804e+11,pktSum,6.3895e+11,aggrSum,8.52149e+08,blackkey_num,335496114,feedback,36,feedsumportion,0.970208,finger0,11,finger,15,time,313701,runTime,3542
line,59065557,total,0.00788885,total0,0.089348,false,0.00151967,over,0.00572282,false0,0.0427644,over0,0.161044,overaggr,0.0060507,overcuckoo,0.00183815,over_uai,0.00067307,over_uai,0.0173558,over_utai,0.0102573,over_utai,0.00965434,over_ai,0.00736259,over_ai,0.00758577,countIP,1.4195e+11,countIP0,1.53423e+11,keysum,1.40839e+11,pktSum,6.39135e+11,aggrSum,8.52174e+08,blackkey_num,337592126,feedback,36,feedsumportion,0.970208,finger0,11,finger,15,time,313701,runTime,3543
line,59082184,total,0.0078867,total0,0.0893449,false,0.00151508,over,0.00570214,false0,0.0426953,over0,0.160688,overaggr,0.00604896,overcuckoo,0.00183775,over_uai,0.000967637,over_uai,0.0126805,over_utai,0.0102542,over_utai,0.00965493,over_ai,0.00736019,over_ai,0.00758408,countIP,1.41994e+11,countIP0,1.5347e+11,keysum,1.40883e+11,pktSum,6.39321e+11,aggrSum,8.52193e+08,blackkey_num,339445828,feedback,36,feedsumportion,0.970208,finger0,11,finger,15,time,313701,runTime,3544
line,59098791,total,0.00788521,total0,0.0893487,false,0.00151105,over,0.00568902,false0,0.0426259,over0,0.160484,overaggr,0.00604772,overcuckoo,0.00183749,over_uai,0.000975513,over_uai,0.015292,over_utai,0.0102516,over_utai,0.00965635,over_ai,0.00735839,over_ai,0.00758309,countIP,1.4203e+11,countIP0,1.5351e+11,keysum,1.40919e+11,pktSum,6.39506e+11,aggrSum,8.52238e+08,blackkey_num,341214468,feedback,36,feedsumportion,0.970208,finger0,11,finger,15,time,313701,runTime,3545
line,59115478,total,0.00788378,total0,0.0893494,false,0.00150769,over,0.00567728,false0,0.0425513,over0,0.160229,overaggr,0.00604648,overcuckoo,0.0018373,over_uai,0.00126735,over_uai,0.00438279,over_utai,0.0102491,over_utai,0.00965462,over_ai,0.00735657,over_ai,0.00758209,countIP,1.42068e+11,countIP0,1.53551e+11,keysum,1.40957e+11,pktSum,6.39692e+11,aggrSum,8.52291e+08,blackkey_num,343361950,feedback,30,feedsumportion,0.645955,finger0,11,finger,15,time,309679,runTime,3546
line,59131736,total,0.00788199,total0,0.0893617,false,0.00150344,over,0.00566131,false0,0.0425202,over0,0.160113,overaggr,0.00604498,overcuckoo,0.00183701,over_uai,0.00121722,over_uai,0.00420552,over_utai,0.0102457,over_utai,0.00965236,over_ai,0.00735426,over_ai,0.00758077,countIP,1.42109e+11,countIP0,1.53597e+11,keysum,1.40998e+11,pktSum,6.39888e+11,aggrSum,8.52328e+08,blackkey_num,345344751,feedback,30,feedsumportion,0.645955,finger0,11,finger,15,time,309679,runTime,3547
line,59148644,total,0.00788006,total0,0.0893586,false,0.00149921,over,0.0056437,false0,0.0424438,over0,0.159778,overaggr,0.00604345,overcuckoo,0.00183661,over_uai,0.00339846,over_uai,0.00434829,over_utai,0.0102435,over_utai,0.00965041,over_ai,0.00735208,over_ai,0.00757916,countIP,1.42151e+11,countIP0,1.53643e+11,keysum,1.41039e+11,pktSum,6.40076e+11,aggrSum,8.52365e+08,blackkey_num,347521707,feedback,30,feedsumportion,0.645955,finger0,11,finger,15,time,309679,runTime,3548
line,59165390,total,0.00788593,total0,0.089356,false,0.0015225,over,0.00573289,false0,0.0423559,over0,0.159488,overaggr,0.00604211,overcuckoo,0.00184382,over_uai,0.00283422,over_uai,0.0544311,over_utai,0.0102412,over_utai,0.00966099,over_ai,0.00735,over_ai,0.00759694,countIP,1.42189e+11,countIP0,1.53682e+11,keysum,1.41076e+11,pktSum,6.40262e+11,aggrSum,8.52399e+08,blackkey_num,349322828,feedback,30,feedsumportion,0.645955,finger0,11,finger,15,time,309679,runTime,3549
line,59182019,total,0.00788452,total0,0.0893522,false,0.00151926,over,0.00572129,false0,0.0422697,over0,0.159181,overaggr,0.00604112,overcuckoo,0.0018434,over_uai,0.00125021,over_uai,0.00496299,over_utai,0.0102384,over_utai,0.00965923,over_ai,0.0073482,over_ai,0.00759588,countIP,1.42226e+11,countIP0,1.53723e+11,keysum,1.41114e+11,pktSum,6.40444e+11,aggrSum,8.52485e+08,blackkey_num,351181568,feedback,30,feedsumportion,0.645955,finger0,11,finger,15,time,309679,runTime,3550
line,59198489,total,0.00788263,total0,0.0893497,false,0.00151429,over,0.00570319,false0,0.0421894,over0,0.158895,overaggr,0.00603966,overcuckoo,0.00184297,over_uai,0.00101245,over_uai,0.00426488,over_utai,0.0102358,over_utai,0.00965741,over_ai,0.00734612,over_ai,0.00759402,countIP,1.42263e+11,countIP0,1.53762e+11,keysum,1.41151e+11,pktSum,6.40624e+11,aggrSum,8.52503e+08,blackkey_num,353098336,feedback,39,feedsumportion,0.616897,finger0,11,finger,15,time,313774,runTime,3551
line,59215024,total,0.00788106,total0,0.0893475,false,0.00150965,over,0.00568858,false0,0.0421019,over0,0.158646,overaggr,0.00603843,overcuckoo,0.00184264,over_uai,0.00120811,over_uai,0.0069416,over_utai,0.0102331,over_utai,0.00965653,over_ai,0.00734433,over_ai,0.00759262,countIP,1.42296e+11,countIP0,1.53798e+11,keysum,1.41183e+11,pktSum,6.40799e+11,aggrSum,8.52525e+08,blackkey_num,354840661,feedback,39,feedsumportion,0.616897,finger0,11,finger,15,time,313774,runTime,3552
line,59231581,total,0.00787946,total0,0.0893466,false,0.00150542,over,0.00567401,false0,0.0420275,over0,0.158403,overaggr,0.00603718,overcuckoo,0.00184228,over_uai,0.00116635,over_uai,0.00493619,over_utai,0.0102307,over_utai,0.0096551,over_ai,0.0073425,over_ai,0.00759127,countIP,1.4233e+11,countIP0,1.53835e+11,keysum,1.41218e+11,pktSum,6.40973e+11,aggrSum,8.52556e+08,blackkey_num,356662103,feedback,39,feedsumportion,0.616897,finger0,11,finger,15,time,313774,runTime,3553
line,59248044,total,0.00787776,total0,0.0893466,false,0.00150103,over,0.00565861,false0,0.0419549,over0,0.158163,overaggr,0.00603586,overcuckoo,0.0018419,over_uai,0.00144736,over_uai,0.00736131,over_utai,0.0102281,over_utai,0.00965421,over_ai,0.00734051,over_ai,0.00758992,countIP,1.42367e+11,countIP0,1.53874e+11,keysum,1.41254e+11,pktSum,6.41154e+11,aggrSum,8.52589e+08,blackkey_num,358714093,feedback,39,feedsumportion,0.616897,finger0,11,finger,15,time,313774,runTime,3554
line,59264665,total,0.00787636,total0,0.0893549,false,0.00149739,over,0.00564699,false0,0.0419083,over0,0.158046,overaggr,0.00603462,overcuckoo,0.00184174,over_uai,0.0109241,over_uai,0.00507978,over_utai,0.0102282,over_utai,0.0096524,over_ai,0.00733875,over_ai,0.00758876,countIP,1.42401e+11,countIP0,1.53913e+11,keysum,1.41289e+11,pktSum,6.41334e+11,aggrSum,8.52623e+08,blackkey_num,360449472,feedback,39,feedsumportion,0.616897,finger0,11,finger,15,time,313774,runTime,3555
line,59281370,total,0.00787483,total0,0.0893645,false,0.00149351,over,0.00563382,false0,0.0418703,over0,0.157943,overaggr,0.00603329,overcuckoo,0.00184153,over_uai,0.000566225,over_uai,0.00498375,over_utai,0.0102257,over_utai,0.00965093,over_ai,0.00733697,over_ai,0.0075875,countIP,1.42437e+11,countIP0,1.53953e+11,keysum,1.41324e+11,pktSum,6.41513e+11,aggrSum,8.52649e+08,blackkey_num,362487423,feedback,37,feedsumportion,0.586227,finger0,11,finger,15,time,315730,runTime,3556
line,59298041,total,0.00787328,total0,0.0893678,false,0.00148983,over,0.00562067,false0,0.0418141,over0,0.157751,overaggr,0.00603206,overcuckoo,0.00184122,over_uai,0.00104408,over_uai,0.00754306,over_utai,0.010223,over_utai,0.00965034,over_ai,0.00733508,over_ai,0.00758659,countIP,1.42473e+11,countIP0,1.53993e+11,keysum,1.4136e+11,pktSum,6.4169e+11,aggrSum,8.52692e+08,blackkey_num,364394452,feedback,37,feedsumportion,0.586227,finger0,11,finger,15,time,315730,runTime,3557
line,59314345,total,0.00787191,total0,0.089369,false,0.0014854,over,0.00560891,false0,0.0417281,over0,0.157566,overaggr,0.00603088,overcuckoo,0.00184103,over_uai,0.000708339,over_uai,0.00614333,over_utai,0.0102206,over_utai,0.0096493,over_ai,0.00733327,over_ai,0.00758589,countIP,1.42504e+11,countIP0,1.54027e+11,keysum,1.41391e+11,pktSum,6.41874e+11,aggrSum,8.52713e+08,blackkey_num,366437206,feedback,37,feedsumportion,0.586227,finger0,11,finger,15,time,315730,runTime,3558
line,59330802,total,0.00787072,total0,0.0893662,false,0.00148251,over,0.00560045,false0,0.0416404,over0,0.157305,overaggr,0.00602997,overcuckoo,0.00184074,over_uai,0.000526007,over_uai,0.00934062,over_utai,0.0102177,over_utai,0.00964894,over_ai,0.0073312,over_ai,0.00758595,countIP,1.42539e+11,countIP0,1.54065e+11,keysum,1.41426e+11,pktSum,6.42057e+11,aggrSum,8.52794e+08,blackkey_num,368530751,feedback,37,feedsumportion,0.586227,finger0,11,finger,15,time,315730,runTime,3559
line,59347249,total,0.00786878,total0,0.0893605,false,0.00147812,over,0.00558329,false0,0.0415556,over0,0.156967,overaggr,0.00602839,overcuckoo,0.00184039,over_uai,0.000536386,over_uai,0.00657353,over_utai,0.0102149,over_utai,0.00964793,over_ai,0.0073291,over_ai,0.00758439,countIP,1.4258e+11,countIP0,1.54108e+11,keysum,1.41467e+11,pktSum,6.42247e+11,aggrSum,8.52816e+08,blackkey_num,370290337,feedback,37,feedsumportion,0.586227,finger0,11,finger,15,time,315730,runTime,3560
line,59363350,total,0.00786702,total0,0.0893567,false,0.00147434,over,0.0055684,false0,0.041481,over0,0.156669,overaggr,0.00602694,overcuckoo,0.00184009,over_uai,0.000712691,over_uai,0.00277458,over_utai,0.0102122,over_utai,0.00964558,over_ai,0.00732725,over_ai,0.00758287,countIP,1.42619e+11,countIP0,1.5415e+11,keysum,1.41506e+11,pktSum,6.4243e+11,aggrSum,8.52847e+08,blackkey_num,372085117,feedback,29,feedsumportion,0.727857,finger0,11,finger,15,time,315124,runTime,3561
line,59379430,total,0.00786511,total0,0.0893616,false,0.00147042,over,0.00555181,false0,0.0414439,over0,0.156478,overaggr,0.00602536,overcuckoo,0.00183976,over_uai,0.000808968,over_uai,0.00284026,over_utai,0.0102096,over_utai,0.00964324,over_ai,0.00732536,over_ai,0.00758096,countIP,1.4266e+11,countIP0,1.54195e+11,keysum,1.41546e+11,pktSum,6.42611e+11,aggrSum,8.52867e+08,blackkey_num,373644995,feedback,29,feedsumportion,0.727857,finger0,11,finger,15,time,315124,runTime,3562
line,59395951,total,0.0078645,total0,0.089361,false,0.0014698,over,0.00555099,false0,0.0413741,over0,0.156258,overaggr,0.00602496,overcuckoo,0.00183954,over_uai,0.000958174,over_uai,0.0090068,over_utai,0.0102068,over_utai,0.00964271,over_ai,0.00732344,over_ai,0.00758208,countIP,1.42694e+11,countIP0,1.54232e+11,keysum,1.4158e+11,pktSum,6.42784e+11,aggrSum,8.53015e+08,blackkey_num,375031961,feedback,29,feedsumportion,0.727857,finger0,11,finger,15,time,315124,runTime,3563
line,59412247,total,0.00786346,total0,0.0893563,false,0.00146815,over,0.00554517,false0,0.0412953,over0,0.155971,overaggr,0.00602418,overcuckoo,0.00183929,over_uai,0.00133808,over_uai,0.00801722,over_utai,0.0102038,over_utai,0.00964206,over_ai,0.0073212,over_ai,0.00758259,countIP,1.4273e+11,countIP0,1.54271e+11,keysum,1.41616e+11,pktSum,6.4296e+11,aggrSum,8.53122e+08,blackkey_num,376421675,feedback,29,feedsumportion,0.727857,finger0,11,finger,15,time,315124,runTime,3564
line,59428515,total,0.00786278,total0,0.0893514,false,0.00146852,over,0.00554487,false0,0.0412244,over0,0.155656,overaggr,0.0060239,overcuckoo,0.00183888,over_uai,0.00104616,over_uai,0.0147892,over_utai,0.0102008,over_utai,0.00964288,over_ai,0.00731866,over_ai,0.00758464,countIP,1.42771e+11,countIP0,1.54314e+11,keysum,1.41657e+11,pktSum,6.43141e+11,aggrSum,8.53328e+08,blackkey_num,377700701,feedback,29,feedsumportion,0.727857,finger0,11,finger,15,time,315124,runTime,3565
line,59444883,total,0.00786128,total0,0.0893416,false,0.00146563,over,0.0055335,false0,0.0411318,over0,0.155294,overaggr,0.00602277,overcuckoo,0.00183851,over_uai,0.0030079,over_uai,0.00405747,over_utai,0.0101985,over_utai,0.00964114,over_ai,0.00731655,over_ai,0.00758401,countIP,1.42809e+11,countIP0,1.54355e+11,keysum,1.41695e+11,pktSum,6.43321e+11,aggrSum,8.53398e+08,blackkey_num,379004488,feedback,33,feedsumportion,0.845373,finger0,11,finger,15,time,311978,runTime,3566
line,59461227,total,0.00785978,total0,0.0893393,false,0.00146175,over,0.00552136,false0,0.0410496,over0,0.155054,overaggr,0.00602162,overcuckoo,0.00183817,over_uai,0.00391483,over_uai,0.00236293,over_utai,0.0101968,over_utai,0.00963886,over_ai,0.00731465,over_ai,0.00758314,countIP,1.42844e+11,countIP0,1.54392e+11,keysum,1.4173e+11,pktSum,6.43504e+11,aggrSum,8.53443e+08,blackkey_num,380268312,feedback,33,feedsumportion,0.845373,finger0,11,finger,15,time,311978,runTime,3567
line,59477553,total,0.00785826,total0,0.0893426,false,0.00145884,over,0.00551015,false0,0.0409989,over0,0.154857,overaggr,0.00602014,overcuckoo,0.00183812,over_uai,0.00310691,over_uai,0.00421641,over_utai,0.0101943,over_utai,0.00963728,over_ai,0.00731256,over_ai,0.00758243,countIP,1.42884e+11,countIP0,1.54436e+11,keysum,1.4177e+11,pktSum,6.43693e+11,aggrSum,8.53473e+08,blackkey_num,381688891,feedback,33,feedsumportion,0.845373,finger0,11,finger,15,time,311978,runTime,3568
line,59493732,total,0.00785657,total0,0.0893704,false,0.00145531,over,0.00549665,false0,0.0410333,over0,0.154981,overaggr,0.00601867,overcuckoo,0.0018379,over_uai,0.00304348,over_uai,0.00670278,over_utai,0.0101918,over_utai,0.00963633,over_ai,0.00731045,over_ai,0.00758129,countIP,1.42923e+11,countIP0,1.54483e+11,keysum,1.41809e+11,pktSum,6.4388e+11,aggrSum,8.53502e+08,blackkey_num,382925924,feedback,33,feedsumportion,0.845373,finger0,11,finger,15,time,311978,runTime,3569
line,59510021,total,0.00785534,total0,0.0893939,false,0.00145343,over,0.00548921,false0,0.0410543,over0,0.155051,overaggr,0.00601723,overcuckoo,0.00183811,over_uai,0.00323677,over_uai,0.0146187,over_utai,0.0101895,over_utai,0.00963741,over_ai,0.00730848,over_ai,0.00758119,countIP,1.42962e+11,countIP0,1.54528e+11,keysum,1.41848e+11,pktSum,6.44063e+11,aggrSum,8.53532e+08,blackkey_num,384248659,feedback,33,feedsumportion,0.845373,finger0,11,finger,15,time,311978,runTime,3570
line,59526248,total,0.00785324,total0,0.0893847,false,0.00144936,over,0.00547123,false0,0.0409756,over0,0.15468,overaggr,0.00601556,overcuckoo,0.00183768,over_uai,0.000535812,over_uai,0.00437453,over_utai,0.0101867,over_utai,0.00963565,over_ai,0.00730641,over_ai,0.00757906,countIP,1.43005e+11,countIP0,1.54574e+11,keysum,1.41891e+11,pktSum,6.44247e+11,aggrSum,8.53552e+08,blackkey_num,385588846,feedback,36,feedsumportion,0.718561,finger0,11,finger,15,time,314730,runTime,3571
line,59542410,total,0.00785166,total0,0.0893908,false,0.00144599,over,0.00545915,false0,0.0409325,over0,0.154536,overaggr,0.00601425,overcuckoo,0.00183741,over_uai,0.00223765,over_uai,0.00605061,over_utai,0.0101845,over_utai,0.00963439,over_ai,0.00730447,over_ai,0.00757806,countIP,1.43043e+11,countIP0,1.54615e+11,keysum,1.41928e+11,pktSum,6.44432e+11,aggrSum,8.53593e+08,blackkey_num,386808750,feedback,36,feedsumportion,0.718561,finger0,11,finger,15,time,314730,runTime,3572
line,59558855,total,0.00784996,total0,0.0894032,false,0.00144172,over,0.00544517,false0,0.0409021,over0,0.154482,overaggr,0.0060129,overcuckoo,0.00183706,over_uai,0.00111855,over_uai,0.0059441,over_utai,0.0101816,over_utai,0.00963323,over_ai,0.00730261,over_ai,0.00757648,countIP,1.43079e+11,countIP0,1.54657e+11,keysum,1.41965e+11,pktSum,6.44621e+11,aggrSum,8.53619e+08,blackkey_num,388187882,feedback,36,feedsumportion,0.718561,finger0,11,finger,15,time,314730,runTime,3573
line,59575020,total,0.00784811,total0,0.0894252,false,0.00143754,over,0.00542996,false0,0.0409124,over0,0.154537,overaggr,0.00601147,overcuckoo,0.00183663,over_uai,0.000731336,over_uai,0.00659843,over_utai,0.0101788,over_utai,0.00963204,over_ai,0.00730066,over_ai,0.00757477,countIP,1.43118e+11,countIP0,1.54702e+11,keysum,1.42003e+11,pktSum,6.44811e+11,aggrSum,8.53649e+08,blackkey_num,389487157,feedback,36,feedsumportion,0.718561,finger0,11,finger,15,time,314730,runTime,3574
line,59591439,total,0.00784676,total0,0.0894654,false,0.00143416,over,0.00542016,false0,0.0409725,over0,0.154848,overaggr,0.00601048,overcuckoo,0.00183628,over_uai,0.00112849,over_uai,0.0180856,over_utai,0.010176,over_utai,0.00963404,over_ai,0.00729889,over_ai,0.00757407,countIP,1.43152e+11,countIP0,1.54745e+11,keysum,1.42037e+11,pktSum,6.44997e+11,aggrSum,8.53713e+08,blackkey_num,390611365,feedback,36,feedsumportion,0.718561,finger0,11,finger,15,time,314730,runTime,3575
line,59607757,total,0.00784501,total0,0.0895152,false,0.00143058,over,0.00540654,false0,0.041079,over0,0.155248,overaggr,0.00600906,overcuckoo,0.00183595,over_uai,0.00131343,over_uai,0.00280204,over_utai,0.0101733,over_utai,0.00963189,over_ai,0.00729702,over_ai,0.00757248,countIP,1.43192e+11,countIP0,1.54795e+11,keysum,1.42077e+11,pktSum,6.45185e+11,aggrSum,8.53748e+08,blackkey_num,391808918,feedback,33,feedsumportion,0.690479,finger0,11,finger,15,time,315550,runTime,3576
line,59623842,total,0.00784324,total0,0.0895365,false,0.00142658,over,0.00539232,false0,0.041086,over0,0.155301,overaggr,0.00600766,overcuckoo,0.00183559,over_uai,0.00146798,over_uai,0.00331308,over_utai,0.0101704,over_utai,0.00962997,over_ai,0.0072951,over_ai,0.00757088,countIP,1.43229e+11,countIP0,1.54838e+11,keysum,1.42114e+11,pktSum,6.4537e+11,aggrSum,8.53773e+08,blackkey_num,393189365,feedback,33,feedsumportion,0.690479,finger0,11,finger,15,time,315550,runTime,3577
line,59640208,total,0.00784148,total0,0.089553,false,0.00142323,over,0.00537863,false0,0.0410884,over0,0.15528,overaggr,0.00600618,overcuckoo,0.0018353,over_uai,0.00174994,over_uai,0.00273247,over_utai,0.0101675,over_utai,0.00962815,over_ai,0.00729284,over_ai,0.00756992,countIP,1.43268e+11,countIP0,1.54883e+11,keysum,1.42153e+11,pktSum,6.45548e+11,aggrSum,8.53798e+08,blackkey_num,394520930,feedback,33,feedsumportion,0.690479,finger0,11,finger,15,time,315550,runTime,3578
line,59656725,total,0.00783971,total0,0.0895415,false,0.00141963,over,0.00536483,false0,0.0409928,over0,0.154913,overaggr,0.00600472,overcuckoo,0.00183499,over_uai,0.000963786,over_uai,0.00274811,over_utai,0.0101648,over_utai,0.00962614,over_ai,0.00729085,over_ai,0.00756852,countIP,1.43306e+11,countIP0,1.54924e+11,keysum,1.42192e+11,pktSum,6.45731e+11,aggrSum,8.53822e+08,blackkey_num,395768496,feedback,33,feedsumportion,0.690479,finger0,11,finger,15,time,315550,runTime,3579
line,59673201,total,0.0078381,total0,0.0895322,false,0.00141644,over,0.00535299,false0,0.0409022,over0,0.154577,overaggr,0.00600342,overcuckoo,0.00183468,over_uai,0.00124243,over_uai,0.00389029,over_utai,0.0101621,over_utai,0.00962455,over_ai,0.0072888,over_ai,0.00756748,countIP,1.43345e+11,countIP0,1.54964e+11,keysum,1.4223e+11,pktSum,6.45916e+11,aggrSum,8.53866e+08,blackkey_num,397189178,feedback,33,feedsumportion,0.690479,finger0,11,finger,15,time,315550,runTime,3580
line,59689800,total,0.00783623,total0,0.0895224,false,0.00141347,over,0.00533907,false0,0.0408253,over0,0.154208,overaggr,0.00600186,overcuckoo,0.00183437,over_uai,0.000537944,over_uai,0.00280707,over_utai,0.0101591,over_utai,0.00962199,over_ai,0.00728665,over_ai,0.00756587,countIP,1.43388e+11,countIP0,1.5501e+11,keysum,1.42273e+11,pktSum,6.461e+11,aggrSum,8.53904e+08,blackkey_num,398342755,feedback,29,feedsumportion,0.605096,finger0,11,finger,15,time,314821,runTime,3581
line,59706086,total,0.00783437,total0,0.0895282,false,0.00141009,over,0.00532485,false0,0.0407941,over0,0.154049,overaggr,0.00600031,overcuckoo,0.00183406,over_uai,0.000339571,over_uai,0.00256214,over_utai,0.010156,over_utai,0.0096198,over_ai,0.00728449,over_ai,0.00756436,countIP,1.43429e+11,countIP0,1.55055e+11,keysum,1.42314e+11,pktSum,6.46284e+11,aggrSum,8.53928e+08,blackkey_num,399704003,feedback,29,feedsumportion,0.605096,finger0,11,finger,15,time,314821,runTime,3582
line,59722111,total,0.0078324,total0,0.0895249,false,0.00140665,over,0.00530946,false0,0.0407403,over0,0.153776,overaggr,0.00599869,overcuckoo,0.00183371,over_uai,0.000420982,over_uai,0.00215711,over_utai,0.010153,over_utai,0.00961755,over_ai,0.00728226,over_ai,0.0075628,countIP,1.4347e+11,countIP0,1.551e+11,keysum,1.42355e+11,pktSum,6.46462e+11,aggrSum,8.53946e+08,blackkey_num,400939340,feedback,29,feedsumportion,0.605096,finger0,11,finger,15,time,314821,runTime,3583
line,59738406,total,0.00783114,total0,0.0895272,false,0.00140476,over,0.00530208,false0,0.0406947,over0,0.153596,overaggr,0.00599781,overcuckoo,0.00183332,over_uai,0.000515704,over_uai,0.00833853,over_utai,0.0101501,over_utai,0.00961694,over_ai,0.00728008,over_ai,0.00756287,countIP,1.43508e+11,countIP0,1.55141e+11,keysum,1.42393e+11,pktSum,6.46639e+11,aggrSum,8.54046e+08,blackkey_num,402432112,feedback,29,feedsumportion,0.605096,finger0,11,finger,15,time,314821,runTime,3584
line,59754516,total,0.00782967,total0,0.08952,false,0.0014025,over,0.00529271,false0,0.0406191,over0,0.153287,overaggr,0.00599672,overcuckoo,0.00183294,over_uai,0.000614507,over_uai,0.00477954,over_utai,0.0101473,over_utai,0.00961538,over_ai,0.00727799,over_ai,0.00756226,countIP,1.43548e+11,countIP0,1.55183e+11,keysum,1.42433e+11,pktSum,6.46822e+11,aggrSum,8.54129e+08,blackkey_num,403665835,feedback,29,feedsumportion,0.605096,finger0,11,finger,15,time,314821,runTime,3585
line,59770618,total,0.00782964,total0,0.0895246,false,0.00140471,over,0.00530085,false0,0.0405791,over0,0.153131,overaggr,0.00599575,overcuckoo,0.00183389,over_uai,0.00114642,over_uai,0.0132146,over_utai,0.0101444,over_utai,0.00961605,over_ai,0.00727591,over_ai,0.00756532,countIP,1.43587e+11,countIP0,1.55226e+11,keysum,1.42471e+11,pktSum,6.47006e+11,aggrSum,8.54223e+08,blackkey_num,404598090,feedback,34,feedsumportion,0.719632,finger0,11,finger,15,time,311824,runTime,3586
line,59786574,total,0.00783794,total0,0.0895198,false,0.00143367,over,0.00541064,false0,0.0405044,over0,0.152863,overaggr,0.00599548,overcuckoo,0.00184246,over_uai,0.00568146,over_uai,0.0615345,over_utai,0.0101429,over_utai,0.00962969,over_ai,0.00727374,over_ai,0.00758961,countIP,1.43627e+11,countIP0,1.55267e+11,keysum,1.4251e+11,pktSum,6.47192e+11,aggrSum,8.54414e+08,blackkey_num,405743536,feedback,34,feedsumportion,0.719632,finger0,11,finger,15,time,311824,runTime,3587
line,59802496,total,0.00783796,total0,0.089516,false,0.00143554,over,0.00541865,false0,0.0404315,over0,0.152614,overaggr,0.00599447,overcuckoo,0.00184349,over_uai,0.00165338,over_uai,0.0123111,over_utai,0.0101404,over_utai,0.00963014,over_ai,0.00727162,over_ai,0.0075929,countIP,1.43664e+11,countIP0,1.55307e+11,keysum,1.42547e+11,pktSum,6.47378e+11,aggrSum,8.54493e+08,blackkey_num,406722007,feedback,34,feedsumportion,0.719632,finger0,11,finger,15,time,311824,runTime,3588
line,59818506,total,0.00783835,total0,0.0895295,false,0.00143778,over,0.0054302,false0,0.0404051,over0,0.152601,overaggr,0.00599354,overcuckoo,0.00184481,over_uai,0.00587998,over_uai,0.0121442,over_utai,0.0101392,over_utai,0.00963079,over_ai,0.00726987,over_ai,0.00759651,countIP,1.43698e+11,countIP0,1.55345e+11,keysum,1.4258e+11,pktSum,6.4756e+11,aggrSum,8.54558e+08,blackkey_num,407862660,feedback,34,feedsumportion,0.719632,finger0,11,finger,15,time,311824,runTime,3589
line,59834423,total,0.00783883,total0,0.0895259,false,0.00144108,over,0.00544356,false0,0.0403341,over0,0.152359,overaggr,0.00599291,overcuckoo,0.00184592,over_uai,0.0101616,over_uai,0.0131015,over_utai,0.0101393,over_utai,0.00963164,over_ai,0.00726789,over_ai,0.00760054,countIP,1.43735e+11,countIP0,1.55385e+11,keysum,1.42617e+11,pktSum,6.47744e+11,aggrSum,8.54689e+08,blackkey_num,409007994,feedback,34,feedsumportion,0.719632,finger0,11,finger,15,time,311824,runTime,3590
line,59850895,total,0.00784314,total0,0.0895233,false,0.00145704,over,0.00550367,false0,0.0402719,over0,0.152119,overaggr,0.00599141,overcuckoo,0.00185172,over_uai,0.000743142,over_uai,0.0300293,over_utai,0.0101367,over_utai,0.00963823,over_ai,0.00726601,over_ai,0.00761425,countIP,1.43775e+11,countIP0,1.55427e+11,keysum,1.42656e+11,pktSum,6.4793e+11,aggrSum,8.54712e+08,blackkey_num,410360305,feedback,31,feedsumportion,0.941972,finger0,11,finger,15,time,313688,runTime,3591
line,59867136,total,0.0078426,total0,0.0895353,false,0.00145723,over,0.00550489,false0,0.0402517,over0,0.152057,overaggr,0.00598992,overcuckoo,0.00185267,over_uai,0.000451344,over_uai,0.00789792,over_utai,0.0101338,over_utai,0.00963742,over_ai,0.00726418,over_ai,0.00761565,countIP,1.43814e+11,countIP0,1.55471e+11,keysum,1.42695e+11,pktSum,6.48121e+11,aggrSum,8.54733e+08,blackkey_num,411525049,feedback,31,feedsumportion,0.941972,finger0,11,finger,15,time,313688,runTime,3592
line,59883422,total,0.00784094,total0,0.0895589,false,0.00145341,over,0.00549213,false0,0.0402642,over0,0.15215,overaggr,0.00598858,overcuckoo,0.00185237,over_uai,0.000511102,over_uai,0.0023401,over_utai,0.010131,over_utai,0.00963531,over_ai,0.00726238,over_ai,0.00761423,countIP,1.43851e+11,countIP0,1.55514e+11,keysum,1.42731e+11,pktSum,6.48308e+11,aggrSum,8.54758e+08,blackkey_num,412690116,feedback,31,feedsumportion,0.941972,finger0,11,finger,15,time,313688,runTime,3593
line,59899680,total,0.00783914,total0,0.0895538,false,0.00145021,over,0.00547859,false0,0.0402016,over0,0.151874,overaggr,0.00598718,overcuckoo,0.00185196,over_uai,0.000450704,over_uai,0.00263346,over_utai,0.0101281,over_utai,0.00963287,over_ai,0.00726028,over_ai,0.00761269,countIP,1.43891e+11,countIP0,1.55558e+11,keysum,1.42772e+11,pktSum,6.48491e+11,aggrSum,8.54803e+08,blackkey_num,414098055,feedback,31,feedsumportion,0.941972,finger0,11,finger,15,time,313688,runTime,3594
line,59915879,total,0.00783743,total0,0.0895621,false,0.00144649,over,0.00546541,false0,0.0401707,over0,0.151781,overaggr,0.00598579,overcuckoo,0.00185164,over_uai,0.000431433,over_uai,0.00360518,over_utai,0.0101252,over_utai,0.00963115,over_ai,0.00725825,over_ai,0.00761138,countIP,1.43928e+11,countIP0,1.556e+11,keysum,1.42809e+11,pktSum,6.48675e+11,aggrSum,8.54825e+08,blackkey_num,415438837,feedback,31,feedsumportion,0.941972,finger0,11,finger,15,time,313688,runTime,3595
line,59932134,total,0.007836,total0,0.0895896,false,0.00144372,over,0.00545582,false0,0.0401992,over0,0.151913,overaggr,0.00598464,overcuckoo,0.00185136,over_uai,0.00190092,over_uai,0.0034249,over_utai,0.0101228,over_utai,0.0096292,over_ai,0.00725635,over_ai,0.0076107,countIP,1.43966e+11,countIP0,1.55645e+11,keysum,1.42847e+11,pktSum,6.48862e+11,aggrSum,8.54888e+08,blackkey_num,416729020,feedback,31,feedsumportion,0.599469,finger0,11,finger,15,time,313652,runTime,3596
line,59937662,total,0.0078359,total0,0.0895943,false,0.00144378,over,0.00545592,false0,0.0402062,over0,0.151936,overaggr,0.0059846,overcuckoo,0.0018513,over_uai,0.00218084,over_uai,0.0076788,over_utai,0.0101224,over_utai,0.00962912,over_ai,0.00725607,over_ai,0.00761094,countIP,1.43972e+11,countIP0,1.55652e+11,keysum,1.42853e+11,pktSum,6.48891e+11,aggrSum,8.54919e+08,blackkey_num,416971900,feedback,31,feedsumportion,0.599469,finger0,11,finger,15,time,313652,runTime,3596.15
